2630
124	5924
291	307
294	297
297	294
307	291
403	404
404	403
1971	1973
1973	1971
1984	1989
1989	1984
2162	2163
2163	2162
5708	5710
5710	5708
5749	5769
5769	5749
5820	5821
5821	5820
5924	124
5932	5933
5933	5932
6235	6236
6236	6235
6589	25826
6670	6676
6676	6670
6700	6701
6701	6700
6702	6754
6754	6702
6786	6787
6787	6786
6889	6894
6894	6889
7292	7355
7355	7292
7374	7381
7381	7374
7390	7393
7393	7390
7412	7415
7415	7412
7622	7635
7635	7622
7709	7710
7709	7711
7710	7709
7711	7709
7718	7729
7729	7718
7730	7731
7731	7730
8111	8112
8112	8111
8539	8541
8541	8539
8834	8836
8836	8834
8837	8841
8841	8837
9024	9025
9025	9024
9368	9370
9370	9368
9472	9920
9653	9654
9654	9653
9769	9811
9811	9769
9920	9472
10082	10084
10084	10082
10094	10096
10096	10094
10114	10119
10119	10114
10329	10337
10337	10329
10359	10361
10361	10359
10361	10808
10808	10361
11014	11019
11019	11014
11062	11063
11063	11062
11194	11216
11205	11209
11206	11213
11209	11205
11213	11206
11216	11194
11678	11679
11679	11678
11924	12959
11944	23263
11957	11958
11958	11957
12170	12172
12172	12170
12186	12188
12188	12186
12188	12213
12198	12205
12205	12198
12213	12188
12313	12314
12314	12313
12956	12957
12957	12956
12959	11924
12993	12995
12995	12993
13000	13163
13163	13000
13172	13185
13185	13172
13186	13193
13193	13186
13198	13239
13239	13198
13255	13558
13519	13525
13525	13519
13558	13255
13606	14023
14010	14020
14020	14010
14022	14023
14023	13606
14023	14022
14310	14336
14336	14310
14423	14472
14472	14423
14503	14505
14505	14503
14579	14580
14580	14579
14584	14606
14588	14608
14606	14584
14608	14588
14613	14639
14639	14613
14643	14646
14645	14655
14646	14643
14655	14645
14660	33418
14739	14740
14740	14739
15283	15290
15290	15283
15310	15317
15317	15310
15351	15592
15592	15351
15594	15595
15595	15594
15612	15638
15638	15612
15663	15691
15691	15663
16111	16122
16122	16111
16290	16313
16313	16290
16707	16709
16709	16707
17659	17664
17664	17659
18457	18462
18462	18457
19127	19161
19138	19139
19139	19138
19161	19127
19173	19174
19174	19173
19243	19255
19255	19243
19267	19271
19271	19267
19351	19352
19352	19351
19352	19354
19352	19366
19354	19352
19366	19352
20365	20366
20366	20365
20407	20412
20412	20407
20658	20660
20660	20658
20861	20871
20871	20861
20873	20874
20874	20873
21035	21311
21295	21298
21298	21295
21311	21035
21444	21445
21445	21444
21482	21532
21532	21482
21579	21580
21580	21579
21973	22006
21977	22014
22006	21973
22014	21977
22025	22028
22028	22025
22042	22213
22199	22201
22201	22199
22213	22042
22218	22267
22267	22218
22292	22942
22942	22292
23248	23249
23249	23248
23260	23262
23262	23260
23263	11944
23308	23309
23309	23308
23516	23545
23545	23516
24003	31004
24028	25152
25152	24028
25256	25258
25258	25256
25371	25374
25374	25371
25826	6589
25842	25844
25844	25842
25844	25845
25845	25844
25903	25904
25904	25903
25909	25911
25911	25909
25984	25985
25985	25984
26015	34153
26061	26070
26063	26075
26070	26061
26075	26063
26605	26623
26623	26605
26859	26861
26861	26859
27216	27219
27219	27216
27448	27450
27450	27448
27463	27480
27480	27463
27481	27482
27482	27481
27491	27531
27531	27491
27532	27533
27533	27532
27785	27786
27785	27787
27786	27785
27787	27785
28150	28154
28154	28150
28494	28495
28495	28494
28558	28560
28560	28558
28560	28566
28566	28560
28646	28651
28651	28646
28652	28653
28653	28652
28716	29704
28804	28805
28805	28804
29009	29010
29010	29009
29513	29517
29517	29513
29519	30343
29688	29689
29689	29688
29704	28716
29761	29777
29777	29761
29777	34026
29891	29903
29903	29891
29998	29999
29999	29998
30343	29519
30386	30403
30403	30386
30999	31000
31000	30999
31004	24003
31096	35275
31168	31170
31170	31168
31456	31492
31492	31456
31655	31661
31661	31655
31967	31968
31968	31967
32265	32267
32267	32265
32426	32435
32435	32426
33418	14660
33478	33481
33481	33478
33488	33493
33493	33488
33560	33656
33571	33596
33596	33571
33598	33600
33600	33598
33625	33628
33628	33625
33656	33560
33669	33670
33670	33669
33693	33697
33697	33693
33883	33884
33884	33883
33980	33981
33981	33980
33986	33987
33987	33986
34026	29777
34153	26015
35050	228897
35275	31096
35710	35720
35720	35710
36371	36372
36372	36371
36376	36724
36415	36418
36418	36415
36443	36444
36444	36443
36446	36448
36448	36446
36724	36376
36725	36726
36726	36725
36781	36786
36784	36785
36785	36784
36786	36781
36858	36862
36862	36858
37182	37197
37183	37184
37184	37183
37197	37182
38067	38068
38067	38113
38068	38067
38113	38067
38113	38117
38114	38119
38117	38113
38119	38114
38120	38132
38122	38124
38124	38122
38124	38126
38126	38124
38132	38120
38702	38710
38710	38702
38982	39017
39006	39011
39007	39011
39011	39006
39011	39007
39012	39028
39015	39022
39017	38982
39022	39015
39027	41576
39028	39012
39029	40766
39101	39107
39102	39104
39104	39102
39107	39101
39357	39378
39378	39357
39386	39416
39414	39417
39416	39386
39417	39414
39453	39455
39455	39453
39481	39488
39482	39486
39486	39482
39488	39481
40284	40291
40291	40284
40376	40387
40387	40376
40551	40552
40552	40551
40743	40748
40748	40743
40766	39029
40769	40776
40775	40777
40776	40769
40777	40775
40796	40797
40797	40796
40804	40806
40806	40804
41304	41327
41327	41304
41476	41482
41479	41481
41481	41479
41482	41476
41505	41507
41506	41509
41507	41505
41509	41506
41511	41514
41512	46863
41514	41511
41521	41523
41523	41521
41525	41529
41529	41525
41529	41531
41531	41529
41531	41538
41538	41531
41557	41569
41558	41567
41558	41569
41562	41567
41562	41568
41565	41568
41566	41577
41567	41558
41567	41562
41568	41562
41568	41565
41569	41557
41569	41558
41576	39027
41577	41566
41637	41639
41639	41637
41641	48393
41677	41678
41678	41677
41699	42221
41700	41701
41701	41700
41715	41716
41716	41715
41820	101636
41838	122613
41932	49812
42207	43261
42215	42216
42216	42215
42221	41699
42247	42248
42248	42247
42551	42554
42554	42551
42675	43257
43257	42675
43261	42207
43407	43409
43409	43407
43425	43426
43426	43425
44267	44296
44286	44296
44295	44298
44296	44267
44296	44286
44298	44295
44299	44315
44315	44299
44388	44389
44389	44388
44525	44758
44586	44620
44620	44586
44758	44525
44762	44773
44773	44762
44803	45896
45896	44803
45896	45898
45898	45896
45917	45948
45918	45952
45948	45917
45952	45918
45959	45964
45961	45967
45964	45959
45967	45961
45968	46040
46026	46062
46031	46043
46037	46038
46038	46037
46040	45968
46041	46043
46042	46044
46043	46031
46043	46041
46044	46042
46056	46058
46057	46060
46058	46056
46060	46057
46062	46026
46087	46093
46093	46087
46152	46154
46154	46152
46160	46170
46160	46171
46170	46160
46171	46160
46186	46190
46190	46186
46228	50325
46265	126954
46364	46365
46365	46364
46372	46663
46663	46372
46664	46667
46666	46668
46667	46664
46668	46666
46670	46691
46690	46699
46691	46670
46699	46690
46746	46814
46751	46872
46752	46754
46754	46752
46758	46760
46759	46761
46760	46758
46761	46759
46805	46809
46809	46805
46810	46813
46813	46810
46814	46746
46858	46859
46859	46858
46863	41512
46872	46751
48286	48287
48287	48286
48295	48297
48297	48295
48333	48334
48334	48333
48393	41641
48395	48398
48398	48395
48415	48600
48600	48415
48602	48613
48613	48602
48615	48617
48617	48615
48637	48638
48638	48637
48645	48649
48649	48645
49631	49653
49653	49631
49655	49656
49656	49655
49812	41932
49988	50018
50018	49988
50325	46228
50651	50652
50652	50651
50818	53978
51141	51145
51145	51141
51718	51739
51739	51718
51851	51855
51855	51851
51857	52104
52104	51857
52105	52107
52107	52105
52110	52520
52520	52110
52535	52536
52536	52535
52543	52545
52545	52543
52547	52582
52582	52547
52590	52591
52591	52590
53408	53409
53409	53408
53559	53560
53560	53559
53664	53666
53665	53667
53666	53664
53667	53665
53709	53726
53726	53709
53758	53761
53761	53758
53765	53767
53767	53765
53977	54321
53978	50818
54188	54189
54189	54188
54191	54195
54195	54191
54321	53977
54690	54691
54691	54690
54693	54698
54698	54693
54723	54729
54729	54723
54729	54730
54730	54729
54791	54792
54792	54791
56909	74006
56913	56914
56914	56913
56926	56949
56930	56931
56931	56930
56934	58129
56949	56926
57035	62541
57036	62544
58002	63952
58129	56934
59833	59842
59842	59833
59879	59887
59887	59879
59903	59909
59909	59903
60888	61078
61078	60888
61088	77247
61374	61379
61379	61374
62541	57035
62544	57036
62708	62714
62714	62708
62782	62784
62784	62782
62999	63000
63000	62999
63032	64502
63068	63069
63069	63068
63944	73855
63952	58002
64134	64135
64135	64134
64183	64188
64188	64183
64458	64459
64459	64458
64502	63032
65930	65931
65931	65930
66635	66637
66637	66635
66708	66728
66726	66743
66728	66708
66743	66726
66768	66769
66769	66768
66913	66914
66914	66913
67372	67385
67385	67372
67522	67524
67524	67522
67561	67566
67562	67566
67566	67561
67566	67562
68226	68227
68227	68226
68350	68351
68351	68350
68399	68402
68402	68399
68581	68587
68587	68581
68592	68597
68597	68592
68659	68689
68689	68659
68724	68725
68725	68724
68831	68890
68848	68852
68852	68848
68890	68831
69104	69165
69165	69104
69182	69184
69184	69182
69293	69304
69304	69293
69829	69842
69842	69829
70246	70247
70247	70246
71147	71150
71150	71147
71171	71177
71177	71171
71180	71181
71181	71180
71213	71245
71244	71247
71245	71213
71247	71244
71319	71342
71342	71319
71496	71497
71497	71496
71504	71505
71505	71504
72234	72237
72237	72234
72638	73059
73059	72638
73176	73180
73180	73176
73198	73844
73844	73198
73855	63944
74006	56909
74023	75707
74284	74285
74285	74284
74321	74322
74322	74321
74737	75455
74738	75459
75018	75129
75119	75120
75120	75119
75129	75018
75284	75287
75285	75487
75287	75284
75445	75446
75446	75445
75455	74737
75459	74738
75487	75285
75707	74023
75721	75722
75722	75721
76175	76182
76182	76175
76273	76335
76335	76273
76335	87265
77247	61088
80569	80570
80570	80569
80572	80573
80573	80572
80609	80610
80610	80609
81146	81179
81163	81193
81179	81146
81193	81163
81196	81198
81198	81196
81403	86275
81405	90612
81411	81508
81508	81411
81510	81511
81511	81510
81561	81562
81562	81561
81731	81732
81732	81731
81821	81823
81823	81821
83004	83041
83041	83004
83977	89124
84941	84942
84942	84941
86015	90123
86179	86189
86189	86179
86275	81403
86777	86866
86866	86777
87265	76335
87475	88216
88152	88153
88153	88152
88161	88166
88166	88161
88215	88221
88216	87475
88221	88215
88268	88277
88277	88268
88283	88391
88391	88283
88438	91532
89064	89065
89065	89064
89124	83977
89743	89744
89744	89743
89777	89778
89778	89777
89940	89945
89945	89940
90022	90023
90023	90022
90123	86015
90125	90126
90126	90125
90612	81405
91532	88438
92101	92128
92128	92101
92139	115304
92596	92600
92600	92596
92623	92625
92625	92623
92656	92657
92657	92656
92804	92808
92808	92804
92819	92865
92865	92819
93585	93586
93586	93585
93667	93670
93670	93667
93691	93692
93692	93691
94066	94198
94198	94066
94481	94492
94492	94481
94493	94494
94494	94493
95256	95328
95328	95256
95337	95343
95343	95337
97342	97351
97351	97342
97914	97924
97924	97914
98072	98092
98092	98072
99103	99105
99105	99103
99111	99130
99130	99111
99150	99162
99162	99150
99162	99164
99164	99162
99206	99273
99273	99206
99355	99362
99362	99355
99480	99482
99482	99480
99812	99827
99827	99812
99845	100423
100071	100072
100072	100071
100423	99845
100428	100435
100435	100428
100455	100460
100460	100455
101055	101056
101056	101055
101359	101374
101374	101359
101575	101577
101577	101575
101618	103053
101636	41820
101643	101644
101644	101643
101718	101719
101719	101718
103053	101618
103583	103597
103597	103583
103836	103843
103838	103839
103839	103838
103843	103836
103896	103898
103898	103896
103999	104000
104000	103999
104088	104724
104092	104163
104096	104097
104097	104096
104133	104134
104134	104133
104137	104138
104138	104137
104163	104092
104240	104732
104724	104088
104732	104240
105184	105185
105185	105184
105530	105549
105549	105530
105578	109963
105678	105679
105679	105678
106227	106228
106228	106227
106617	113625
107624	109457
108368	108369
108369	108368
108392	108912
108912	108392
108991	108992
108992	108991
109046	109055
109055	109046
109058	109060
109060	109058
109086	109087
109087	109086
109117	110333
109457	107624
109799	109800
109799	109816
109800	109799
109816	109799
109818	109819
109819	109818
109902	109903
109903	109902
109923	111000
109963	105578
109964	109971
109971	109964
110333	109117
110480	110482
110482	110480
110512	110513
110513	110512
110529	110530
110530	110529
110674	110675
110675	110674
110715	110716
110716	110715
110716	110916
110916	110716
111000	109923
111012	111119
111018	111020
111020	111018
111116	111117
111117	111116
111119	111012
112890	113335
112891	113336
112894	113334
113057	113058
113058	113057
113107	113108
113108	113107
113217	113451
113249	113250
113250	113249
113271	113394
113307	113308
113308	113307
113334	112894
113335	112890
113336	112891
113394	113271
113412	113483
113422	113423
113423	113422
113451	113217
113483	113412
113625	106617
114053	115038
114306	116165
114581	114640
114640	114581
115038	114053
115304	92139
115549	115558
115558	115549
116165	114306
116511	116528
116528	116511
116729	116730
116730	116729
116934	116962
116934	116965
116937	116964
116945	116971
116962	116934
116964	116937
116965	116934
116965	118165
116971	116945
117993	117998
117998	117993
118033	118036
118036	118033
118038	118043
118043	118038
118056	118058
118058	118056
118141	118142
118142	118141
118159	118163
118163	118159
118165	116965
118257	118260
118260	118257
119387	119388
119388	119387
119696	119700
119699	119701
119700	119696
119701	119699
119715	119716
119716	119715
119719	119727
119727	119719
119729	119730
119730	119729
119731	119732
119732	119731
119829	125568
119877	119880
119880	119877
119882	119883
119883	119882
119889	119891
119891	119889
119892	119898
119898	119892
119936	120142
120043	120144
120089	120092
120092	120089
120142	119936
120144	120043
120226	120252
120252	120226
120318	120326
120318	120329
120326	120318
120329	120318
120940	129245
121124	121125
121125	121124
121191	121192
121192	121191
121193	121215
121215	121193
121348	121349
121349	121348
121387	121389
121389	121387
121431	121438
121438	121431
122521	122523
122523	122521
122611	122612
122612	122611
122613	41838
122632	122633
122633	122632
123058	123059
123059	123058
123059	123061
123061	123059
123630	123631
123631	123630
123631	123633
123633	123631
123697	123698
123698	123697
123787	129013
125016	128446
125046	125059
125054	125060
125059	125046
125060	125054
125110	125114
125114	125110
125175	125180
125175	125182
125180	125175
125182	125175
125182	125183
125183	125182
125217	125573
125219	125258
125258	125219
125558	125560
125560	125558
125568	119829
125573	125217
125963	125965
125965	125963
125971	125972
125972	125971
126601	127530
126620	127529
126954	46265
126956	126958
126958	126956
126983	126984
126984	126983
126990	127925
127071	127082
127082	127071
127265	127326
127273	127274
127274	127273
127303	127306
127306	127303
127326	127265
127394	127434
127422	127424
127424	127422
127434	127394
127457	127461
127461	127457
127529	126620
127530	126601
127918	127928
127925	126990
127928	127918
127937	127951
127943	127944
127944	127943
127951	127937
128066	128076
128071	128072
128072	128071
128076	128066
128446	125016
128458	128463
128463	128458
128688	128690
128689	128690
128690	128688
128690	128689
128729	128848
128834	128877
128848	128729
128877	128834
128899	129052
128940	128941
128941	128940
129013	123787
129018	129019
129019	129018
129031	129100
129052	128899
129100	129031
129245	120940
129284	129291
129291	129284
129452	129454
129454	129452
129921	129925
129925	129921
130055	130061
130061	130055
130641	130733
130644	130733
130656	130658
130658	130656
130687	130688
130688	130687
130733	130641
130733	130644
130780	130792
130792	130780
132197	132280
132280	132197
132630	132636
132636	132630
132637	132638
132638	132637
132655	249016
132664	132666
132666	132664
132849	132853
132853	132849
133116	133118
133118	133116
133131	133140
133138	133311
133140	133131
133142	133229
133229	133142
133242	133246
133246	133242
133263	133267
133267	133263
133267	133268
133268	133267
133311	133138
133342	133363
133350	133352
133351	133352
133352	133350
133352	133351
133355	133356
133356	133355
133363	133342
134146	137186
134191	135123
134212	135230
134215	134217
134217	134215
134454	134455
134455	134454
134459	134600
134600	134459
134616	134617
134617	134616
134624	134625
134625	134624
134630	136740
134639	134641
134641	134639
135123	134191
135144	135148
135148	135144
135148	135151
135151	135148
135225	135231
135225	135232
135230	134212
135231	135225
135232	135225
135268	135269
135269	135268
136639	188357
136667	136673
136673	136667
136740	134630
136744	136745
136745	136744
137186	134146
137450	137451
137451	137450
137462	137465
137463	137466
137465	137462
137466	137463
137671	137688
137688	137671
137690	137691
137691	137690
138052	138134
138078	138079
138079	138078
138087	138089
138089	138087
138095	138096
138096	138095
138102	138107
138107	138102
138126	138130
138127	138128
138128	138127
138130	138126
138134	138052
138279	138281
138281	138279
138363	138365
138365	138363
138366	138371
138371	138366
138620	138621
138621	138620
138814	138816
138816	138814
139533	139534
139534	139533
139762	151331
139763	151382
139802	139805
139805	139802
139923	139924
139924	139923
140307	151133
140325	151136
140329	147233
140361	140363
140363	140361
140375	147227
140629	140630
140630	140629
140787	140788
140788	140787
140860	151807
141720	147793
141973	143173
141981	141989
141982	141984
141983	141988
141984	141982
141988	141983
141989	141981
141999	142000
142000	141999
142007	142008
142008	142007
142092	142096
142094	144678
142096	142092
142097	142099
142098	142112
142098	142133
142099	142097
142104	142106
142106	142104
142112	142098
142115	142117
142117	142115
142133	142098
142134	142135
142135	142134
142136	142138
142138	142136
142636	142637
142637	142636
142648	142649
142649	142648
142672	142673
142673	142672
142682	142683
142683	142682
142684	142687
142685	142804
142686	142688
142687	142684
142688	142686
142792	142814
142798	142855
142804	142685
142805	142807
142805	142814
142807	142805
142814	142792
142814	142805
142855	142798
142866	142867
142867	142866
143173	141973
143268	150722
143487	143492
143492	143487
143501	143503
143503	143501
143504	143703
143528	143741
143703	143504
143728	143732
143731	143734
143732	143728
143733	143735
143734	143731
143735	143733
143737	143738
143738	143737
143741	143528
143742	143825
143825	143742
143826	143827
143827	143826
143828	143832
143832	143828
143833	143834
143834	143833
143852	143855
143855	143852
143874	143876
143876	143874
143889	151980
143890	151008
143942	143949
143949	143942
143950	143951
143951	143950
144158	144159
144159	144158
144183	144193
144193	144183
144517	144792
144541	144679
144550	144551
144551	144550
144556	144561
144560	144567
144561	144556
144567	144560
144620	144623
144621	144622
144622	144621
144623	144620
144624	144626
144626	144624
144642	144644
144643	144644
144644	144642
144644	144643
144646	144647
144647	144646
144648	144649
144649	144648
144675	144676
144676	144675
144678	142094
144679	144541
144682	144683
144683	144682
144684	144685
144685	144684
144686	144704
144704	144686
144705	144706
144706	144705
144707	144708
144708	144707
144709	144710
144709	144711
144710	144709
144711	144709
144711	144713
144711	144727
144713	144711
144727	144711
144727	144728
144728	144727
144757	144758
144758	144757
144761	144769
144768	144773
144769	144761
144773	144768
144784	144794
144787	144797
144790	144791
144791	144790
144792	144517
144794	144784
144797	144787
144798	144800
144800	144798
144800	144802
144802	144800
144802	144831
144811	144910
144812	144855
144813	144856
144814	144857
144815	144858
144815	144859
144817	144911
144824	144826
144826	144824
144831	144802
144855	144812
144856	144813
144857	144814
144858	144815
144859	144815
144910	144811
144911	144817
145347	145348
145348	145347
145965	145966
145966	145965
146968	150762
146969	150772
147171	147173
147173	147171
147174	147175
147175	147174
147175	147248
147211	147304
147227	140375
147233	140329
147248	147175
147304	147211
147793	141720
148516	148567
148549	148550
148550	148549
148553	148554
148554	148553
148563	148564
148564	148563
148567	148516
148767	148770
148768	148772
148770	148767
148772	148768
148775	148784
148784	148775
148793	148794
148794	148793
148854	149951
149951	148854
150376	150377
150377	150376
150382	150394
150394	150382
150722	143268
150758	150765
150762	146968
150765	150758
150772	146969
150791	150807
150793	150808
150807	150791
150808	150793
150852	150858
150858	150852
150859	150860
150860	150859
151008	143890
151009	151013
151013	151009
151017	151093
151093	151017
151105	151106
151106	151105
151111	151152
151114	151151
151127	151128
151127	151170
151128	151127
151133	140307
151136	140325
151146	151148
151148	151146
151151	151114
151152	151111
151170	151127
151330	151332
151331	139762
151332	151330
151343	151379
151345	151381
151347	151349
151349	151347
151379	151343
151381	151345
151382	139763
151383	151387
151387	151383
151395	151396
151396	151395
151404	151505
151505	151404
151506	151521
151508	151511
151511	151508
151521	151506
151535	151558
151558	151535
151807	140860
151980	143889
152115	152123
152123	152115
152124	152142
152142	152124
152191	152207
152194	152244
152204	152205
152205	152204
152207	152191
152243	152260
152244	152194
152260	152243
152306	152307
152307	152306
152308	152931
152543	152548
152545	162535
152546	152547
152547	152546
152548	152543
152549	152581
152578	152579
152579	152578
152581	152549
152582	152593
152583	152592
152592	152583
152593	152582
152895	152902
152897	152898
152898	152897
152902	152895
152906	152913
152909	155695
152910	155707
152913	152906
152931	152308
153103	153141
153133	153134
153134	153133
153141	153103
153144	153146
153146	153144
153393	153410
153407	154871
153410	153393
153482	153489
153482	154856
153489	153482
153997	154007
154007	153997
154039	154040
154040	154039
154226	154280
154233	159203
154236	154237
154237	154236
154242	154284
154280	154226
154284	154242
154856	153482
154871	153407
155458	155459
155459	155458
155658	155659
155659	155658
155680	156250
155695	152909
155707	152910
155725	155726
155726	155725
156250	155680
156251	156298
156298	156251
156568	156603
156603	156568
156627	156628
156628	156627
157071	157072
157072	157071
157627	157639
157639	157627
157680	157690
157689	157690
157690	157680
157690	157689
159151	159152
159152	159151
159188	159252
159203	154233
159252	159188
160137	160140
160138	160139
160139	160138
160140	160137
160142	160143
160143	160142
160147	164867
160825	160837
160837	160825
161344	161345
161345	161344
161536	161537
161537	161536
162466	162467
162467	162466
162525	162526
162526	162525
162535	152545
162552	162553
162553	162552
162587	162588
162588	162587
162599	162603
162601	162602
162602	162601
162603	162599
162682	162683
162683	162682
162814	162824
162824	162814
162871	162872
162872	162871
163243	163333
163333	163243
163339	163340
163340	163339
163642	163643
163643	163642
163656	163658
163658	163656
163694	163698
163698	163694
163928	163929
163929	163928
163950	163951
163951	163950
164024	164037
164037	164024
164434	164460
164442	164459
164459	164442
164460	164434
164598	164599
164599	164598
164631	164884
164835	164836
164836	164835
164839	165182
164841	164845
164845	164841
164867	160147
164884	164631
165153	165155
165155	165153
165182	164839
165198	165199
165199	165198
165387	165451
165451	165387
165491	167521
166316	166987
166338	166339
166339	166338
166339	166344
166344	166339
166861	166877
166872	166873
166873	166872
166877	166861
166983	166984
166984	166983
166987	166316
166987	167139
167139	166987
167146	167148
167148	167146
167249	168496
167251	167260
167260	167251
167276	167277
167277	167276
167521	165491
167532	167533
167533	167532
168187	168204
168204	168187
168459	168460
168460	168459
168475	168482
168476	168484
168482	168475
168484	168476
168496	167249
168529	168531
168531	168529
168533	168540
168540	168533
169067	169069
169069	169067
169080	169081
169081	169080
169081	169393
169393	169081
169438	169440
169440	169438
169745	169747
169747	169745
169752	169753
169753	169752
170920	170921
170921	170920
170958	171042
171042	170958
172898	172899
172898	172900
172899	172898
172900	172898
173961	174790
173982	185242
174047	174048
174048	174047
174048	174049
174049	174048
174076	174104
174097	174104
174100	174101
174101	174100
174104	174076
174104	174097
174105	174106
174106	174105
174106	174123
174108	174332
174123	174106
174239	174240
174240	174239
174285	174353
174306	174419
174332	174108
174353	174285
174419	174306
174431	174487
174438	174450
174440	174451
174450	174438
174451	174440
174457	174459
174459	174457
174487	174431
174693	176432
174786	174803
174790	173961
174803	174786
175044	175045
175045	175044
175513	175612
175612	175513
176399	176400
176400	176399
176432	174693
176706	177070
176779	176906
176906	176779
177070	176706
177551	177552
177552	177551
180533	180534
180534	180533
180730	180731
180731	180730
180821	180824
180824	180821
181390	181455
181390	181459
181439	181459
181455	181390
181459	181390
181459	181439
181466	181468
181468	181466
181804	185744
182066	182512
182512	182066
182566	182567
182567	182566
182592	182594
182594	182592
182650	182651
182651	182650
182946	182949
182949	182946
182949	182999
182954	182958
182958	182954
182999	182949
182999	183534
183008	183009
183009	183008
183534	182999
183590	183602
183591	183599
183599	183591
183602	183590
185092	185094
185093	185161
185094	185092
185145	185162
185161	185093
185162	185145
185242	173982
185744	181804
186216	186220
186217	186221
186220	186216
186221	186217
186228	186235
186235	186228
186236	186237
186237	186236
186330	186388
186388	186330
186392	186394
186394	186392
186472	186474
186474	186472
186483	186485
186485	186483
186499	186500
186500	186499
186502	186504
186504	186502
187049	187050
187049	187072
187050	187049
187072	187049
187187	187190
187190	187187
187191	190534
188357	136639
188982	188983
188983	188982
189309	189629
189629	189309
189741	189742
189742	189741
189761	189762
189762	189761
189824	189832
189832	189824
190125	190126
190126	190125
190534	187191
193090	193091
193091	193090
194830	213800
194944	203014
195108	196258
195369	195374
195374	195369
195377	195427
195378	195443
195427	195377
195443	195378
195568	196349
196237	196257
196257	196237
196258	195108
196260	196264
196260	214617
196264	196260
196277	196278
196278	196277
196279	196313
196288	196289
196289	196288
196292	196309
196309	196292
196309	196311
196310	196312
196311	196309
196312	196310
196313	196279
196318	196325
196321	196384
196325	196318
196349	195568
196360	196708
196361	196362
196362	196361
196368	196409
196384	196321
196408	196411
196409	196368
196411	196408
196530	215120
196553	196555
196555	196553
196696	196701
196697	196706
196700	196702
196701	196696
196702	196700
196704	196705
196705	196704
196706	196697
196708	196360
197061	214885
198783	209231
199272	199617
199515	199517
199517	199515
199528	199531
199531	199528
199547	199593
199593	199547
199617	199272
199875	199876
199876	199875
199978	214944
199979	205656
201568	209046
201613	201618
201615	201627
201616	209708
201618	201613
201627	201615
202182	202199
202199	202182
202402	202403
202403	202402
202473	202474
202473	214312
202474	202473
202541	205762
202627	202628
202628	202627
202935	202936
202936	202935
202975	202978
202978	202975
202982	214880
202986	202988
202988	202986
202991	214330
203014	194944
203401	203410
203409	203518
203410	203401
203420	205685
203477	203480
203480	203477
203499	203500
203499	203501
203500	203499
203501	203499
203518	203409
203637	203860
203643	203644
203644	203643
203825	203834
203834	203825
203860	203637
204442	204454
204454	204442
204520	204540
204540	204520
204702	204708
204708	204702
204715	204720
204720	204715
204769	204840
204840	204769
204851	208702
205559	213876
205656	199979
205682	214382
205685	203420
205687	214385
205762	202541
205922	214365
205983	205984
205984	205983
206059	209752
206419	206438
206428	206439
206429	206440
206438	206419
206438	206442
206439	206428
206440	206429
206442	206438
206471	206524
206475	206516
206481	206525
206516	206475
206524	206471
206525	206481
206527	206847
206531	206533
206533	206531
206533	206539
206536	206540
206539	206533
206540	206536
206543	208947
206588	206589
206589	206588
206603	206604
206604	206603
206629	206630
206630	206629
206800	206803
206803	206800
206809	206810
206810	206809
206847	206527
207033	209317
208485	210702
208702	204851
208763	208780
208780	208763
208788	211139
208845	208848
208848	208845
208860	208901
208901	208860
208911	208914
208914	208911
208947	206543
208947	208950
208950	208947
209024	209025
209025	209024
209046	201568
209231	198783
209249	209259
209259	209249
209260	209348
209262	209263
209263	209262
209312	209313
209313	209312
209317	207033
209348	209260
209350	209351
209351	209350
209356	209357
209357	209356
209359	209374
209374	209359
209400	209401
209401	209400
209697	209698
209698	209697
209698	209730
209702	209708
209708	201616
209708	209702
209730	209698
209752	206059
209854	209855
209855	209854
209855	209874
209874	209855
209904	213813
209952	209957
209953	209956
209956	209953
209957	209952
210554	210559
210559	210554
210647	210651
210651	210647
210677	210680
210680	210677
210692	210693
210693	210692
210695	210696
210696	210695
210702	208485
210717	210729
210729	210717
211111	211117
211116	211117
211117	211111
211117	211116
211139	208788
211140	211147
211147	211140
211247	214483
211247	214491
212244	212245
212245	212244
212275	212287
212287	212275
212365	212366
212366	212365
212367	212515
212435	212436
212435	212438
212436	212435
212438	212435
212515	212367
212685	212686
212686	212685
213744	213745
213745	213744
213800	194830
213813	209904
213876	205559
213936	213952
213952	213936
213953	214712
214213	214223
214220	214221
214221	214220
214223	214213
214312	202473
214330	202991
214365	205922
214382	205682
214385	205687
214483	211247
214491	211247
214617	196260
214712	213953
214880	202982
214885	197061
214944	199978
215066	215067
215067	215066
215120	196530
215304	215400
215385	215407
215400	215304
215407	215385
215438	215447
215444	215447
215447	215438
215447	215444
215502	215505
215505	215502
215661	215662
215662	215661
217991	222471
218075	218077
218077	218075
219226	219227
219227	219226
219797	219798
219798	219797
219835	224120
219988	219989
219989	219988
222325	222326
222326	222325
222468	222524
222471	217991
222497	222505
222505	222497
222508	222517
222517	222508
222524	222468
223376	223377
223377	223376
223387	223505
223505	223387
223510	223514
223514	223510
223543	223656
223656	223543
224120	219835
224149	224150
224150	224149
224978	225016
225016	224978
225066	225069
225069	225066
225328	225337
225333	225345
225337	225328
225345	225333
225983	225984
225984	225983
227090	227095
227095	227090
227104	227110
227109	227112
227110	227104
227112	227109
228786	228787
228787	228786
228840	228875
228875	228840
228897	35050
228957	228959
228959	228957
228966	228967
228967	228966
228974	229023
229023	228974
229335	229361
229359	229360
229360	229359
229361	229335
230008	230015
230015	230008
230016	230072
230072	230016
230086	230158
230090	230092
230092	230090
230097	230135
230135	230097
230158	230086
230228	230290
230290	230228
230477	230481
230481	230477
230555	230556
230556	230555
231612	231958
231661	231672
231672	231661
231733	231734
231734	231733
231877	231878
231878	231877
231958	231612
232987	234352
233780	233781
233781	233780
233795	233796
233796	233795
234352	232987
236487	247379
237267	237274
237274	237267
237370	240205
237397	237400
237400	237397
237500	237506
237505	263813
237506	237500
238325	238328
238328	238325
238356	238359
238359	238356
238360	238368
238368	238360
238377	238463
238463	238377
238481	238482
238482	238481
238673	238674
238674	238673
238892	238901
238901	238892
238910	238915
238915	238910
239122	239124
239124	239122
239154	239198
239180	239183
239183	239180
239198	239154
240029	240030
240030	240029
240037	263715
240205	237370
240392	252481
240790	240799
240799	240790
241243	241245
241245	241243
241250	242106
241689	241691
241691	241689
242106	241250
242109	242111
242111	242109
242202	242205
242205	242202
242292	245918
242301	242303
242303	242301
242394	242400
242400	242394
242789	242790
242790	242789
242794	243419
243009	261527
243153	243157
243157	243153
243198	243241
243241	243198
243419	242794
244249	244302
244293	244296
244296	244293
244302	244249
244330	244334
244334	244330
244581	244582
244582	244581
245273	245635
245567	247283
245635	245273
245683	245684
245684	245683
245809	245840
245840	245809
245906	245938
245918	242292
245938	245906
246484	246527
246527	246484
246530	246537
246537	246530
246542	246547
246547	246542
247254	247255
247255	247254
247269	247380
247274	247275
247275	247274
247283	245567
247284	247293
247288	247290
247290	247288
247293	247284
247379	236487
247380	247269
247505	247512
247510	247511
247511	247510
247512	247505
248306	248310
248310	248306
249016	132655
249580	249596
249596	249580
250189	250204
250204	250189
250221	250235
250235	250221
250358	250359
250359	250358
250453	250454
250454	250453
250475	250492
250486	250487
250487	250486
250492	250475
250586	250648
250605	250608
250608	250605
250648	250586
250840	250841
250841	250840
250873	250874
250874	250873
250946	250963
250963	250946
250965	250966
250966	250965
251442	251443
251443	251442
251905	251906
251906	251905
252429	252435
252431	252433
252433	252431
252435	252429
252440	252441
252441	252440
252448	252464
252454	252465
252464	252448
252465	252454
252481	240392
252728	252746
252732	252733
252733	252732
252738	252740
252740	252738
252746	252728
252751	252782
252753	252754
252754	252753
252769	252771
252771	252769
252772	252778
252778	252772
252782	252751
252806	252808
252808	252806
253000	253001
253001	253000
253589	253591
253591	253589
253615	253616
253616	253615
253684	253685
253685	253684
253940	253942
253942	253940
253945	263788
255181	257853
255429	255430
255430	255429
255509	255517
255517	255509
256130	256136
256134	256140
256136	256130
256140	256134
256637	256650
256650	256637
257189	257190
257190	257189
257213	257214
257214	257213
257228	257232
257232	257228
257243	257275
257275	257243
257853	255181
258219	258228
258228	258219
258237	258239
258239	258237
258248	258249
258249	258248
258274	258288
258288	258274
258313	258314
258314	258313
258560	258562
258562	258560
259117	259573
259283	259754
259411	263001
259444	259445
259445	259444
259570	259596
259573	259117
259573	259582
259582	259573
259596	259570
259695	259696
259696	259695
259710	259711
259711	259710
259754	259283
259796	259797
259797	259796
259859	259860
259860	259859
259884	259914
259888	259889
259889	259888
259899	259928
259899	259961
259914	259884
259925	259931
259928	259899
259931	259925
259950	259954
259954	259950
259961	259899
259976	263703
259983	259989
259983	263878
259989	259983
260237	260242
260242	260237
260253	260292
260292	260253
261527	243009
263001	259411
263703	259976
263715	240037
263788	253945
263813	237505
263878	259983
