1225
240392	246542
240392	250608
240392	246530
240392	246527
240392	251443
240392	250648
240392	138814
240392	138281
240392	138127
240392	138052
240392	138078
240392	138087
240392	138102
240392	138126
240392	137186
240392	251905
240392	252772
240392	252431
240392	252429
240392	252440
240392	252448
240392	252454
240392	250966
240392	250946
240392	250873
240392	250841
240392	137691
240392	136745
240392	137465
240392	137466
240392	137450
240392	137671
240392	136740
240392	133363
240392	253684
240392	253615
240392	253589
240392	252751
240392	252769
240392	133356
240392	133352
240392	134455
240392	134600
240392	134617
240392	133229
240392	133140
240392	133311
240392	133246
240392	134625
246542	250608
246542	246530
246542	246527
246542	251443
246542	250648
246542	138814
246542	138281
246542	138127
246542	138052
246542	138078
246542	138087
246542	138102
246542	138126
246542	137186
246542	251905
246542	252772
246542	252431
246542	252429
246542	252440
246542	252448
246542	252454
246542	250966
246542	250946
246542	250873
246542	250841
246542	137691
246542	136745
246542	137465
246542	137466
246542	137450
246542	137671
246542	136740
246542	133363
246542	253684
246542	253615
246542	253589
246542	252751
246542	252769
246542	133356
246542	133352
246542	134455
246542	134600
246542	134617
246542	133229
246542	133140
246542	133311
246542	133246
246542	134625
250608	246530
250608	246527
250608	251443
250608	250648
250608	138814
250608	138281
250608	138127
250608	138052
250608	138078
250608	138087
250608	138102
250608	138126
250608	137186
250608	251905
250608	252772
250608	252431
250608	252429
250608	252440
250608	252448
250608	252454
250608	250966
250608	250946
250608	250873
250608	250841
250608	137691
250608	136745
250608	137465
250608	137466
250608	137450
250608	137671
250608	136740
250608	133363
250608	253684
250608	253615
250608	253589
250608	252751
250608	252769
250608	133356
250608	133352
250608	134455
250608	134600
250608	134617
250608	133229
250608	133140
250608	133311
250608	133246
250608	134625
246530	246527
246530	251443
246530	250648
246530	138814
246530	138281
246530	138127
246530	138052
246530	138078
246530	138087
246530	138102
246530	138126
246530	137186
246530	251905
246530	252772
246530	252431
246530	252429
246530	252440
246530	252448
246530	252454
246530	250966
246530	250946
246530	250873
246530	250841
246530	137691
246530	136745
246530	137465
246530	137466
246530	137450
246530	137671
246530	136740
246530	133363
246530	253684
246530	253615
246530	253589
246530	252751
246530	252769
246530	133356
246530	133352
246530	134455
246530	134600
246530	134617
246530	133229
246530	133140
246530	133311
246530	133246
246530	134625
246527	251443
246527	250648
246527	138814
246527	138281
246527	138127
246527	138052
246527	138078
246527	138087
246527	138102
246527	138126
246527	137186
246527	251905
246527	252772
246527	252431
246527	252429
246527	252440
246527	252448
246527	252454
246527	250966
246527	250946
246527	250873
246527	250841
246527	137691
246527	136745
246527	137465
246527	137466
246527	137450
246527	137671
246527	136740
246527	133363
246527	253684
246527	253615
246527	253589
246527	252751
246527	252769
246527	133356
246527	133352
246527	134455
246527	134600
246527	134617
246527	133229
246527	133140
246527	133311
246527	133246
246527	134625
251443	250648
251443	138814
251443	138281
251443	138127
251443	138052
251443	138078
251443	138087
251443	138102
251443	138126
251443	137186
251443	251905
251443	252772
251443	252431
251443	252429
251443	252440
251443	252448
251443	252454
251443	250966
251443	250946
251443	250873
251443	250841
251443	137691
251443	136745
251443	137465
251443	137466
251443	137450
251443	137671
251443	136740
251443	133363
251443	253684
251443	253615
251443	253589
251443	252751
251443	252769
251443	133356
251443	133352
251443	134455
251443	134600
251443	134617
251443	133229
251443	133140
251443	133311
251443	133246
251443	134625
250648	138814
250648	138281
250648	138127
250648	138052
250648	138078
250648	138087
250648	138102
250648	138126
250648	137186
250648	251905
250648	252772
250648	252431
250648	252429
250648	252440
250648	252448
250648	252454
250648	250966
250648	250946
250648	250873
250648	250841
250648	137691
250648	136745
250648	137465
250648	137466
250648	137450
250648	137671
250648	136740
250648	133363
250648	253684
250648	253615
250648	253589
250648	252751
250648	252769
250648	133356
250648	133352
250648	134455
250648	134600
250648	134617
250648	133229
250648	133140
250648	133311
250648	133246
250648	134625
138814	138281
138814	138127
138814	138052
138814	138078
138814	138087
138814	138102
138814	138126
138814	137186
138814	251905
138814	252772
138814	252431
138814	252429
138814	252440
138814	252448
138814	252454
138814	250966
138814	250946
138814	250873
138814	250841
138814	137691
138814	136745
138814	137465
138814	137466
138814	137450
138814	137671
138814	136740
138814	133363
138814	253684
138814	253615
138814	253589
138814	252751
138814	252769
138814	133356
138814	133352
138814	134455
138814	134600
138814	134617
138814	133229
138814	133140
138814	133311
138814	133246
138814	134625
138281	138127
138281	138052
138281	138078
138281	138087
138281	138102
138281	138126
138281	137186
138281	251905
138281	252772
138281	252431
138281	252429
138281	252440
138281	252448
138281	252454
138281	250966
138281	250946
138281	250873
138281	250841
138281	137691
138281	136745
138281	137465
138281	137466
138281	137450
138281	137671
138281	136740
138281	133363
138281	253684
138281	253615
138281	253589
138281	252751
138281	252769
138281	133356
138281	133352
138281	134455
138281	134600
138281	134617
138281	133229
138281	133140
138281	133311
138281	133246
138281	134625
138127	138052
138127	138078
138127	138087
138127	138102
138127	138126
138127	137186
138127	251905
138127	252772
138127	252431
138127	252429
138127	252440
138127	252448
138127	252454
138127	250966
138127	250946
138127	250873
138127	250841
138127	137691
138127	136745
138127	137465
138127	137466
138127	137450
138127	137671
138127	136740
138127	133363
138127	253684
138127	253615
138127	253589
138127	252751
138127	252769
138127	133356
138127	133352
138127	134455
138127	134600
138127	134617
138127	133229
138127	133140
138127	133311
138127	133246
138127	134625
138052	138078
138052	138087
138052	138102
138052	138126
138052	137186
138052	251905
138052	252772
138052	252431
138052	252429
138052	252440
138052	252448
138052	252454
138052	250966
138052	250946
138052	250873
138052	250841
138052	137691
138052	136745
138052	137465
138052	137466
138052	137450
138052	137671
138052	136740
138052	133363
138052	253684
138052	253615
138052	253589
138052	252751
138052	252769
138052	133356
138052	133352
138052	134455
138052	134600
138052	134617
138052	133229
138052	133140
138052	133311
138052	133246
138052	134625
138078	138087
138078	138102
138078	138126
138078	137186
138078	251905
138078	252772
138078	252431
138078	252429
138078	252440
138078	252448
138078	252454
138078	250966
138078	250946
138078	250873
138078	250841
138078	137691
138078	136745
138078	137465
138078	137466
138078	137450
138078	137671
138078	136740
138078	133363
138078	253684
138078	253615
138078	253589
138078	252751
138078	252769
138078	133356
138078	133352
138078	134455
138078	134600
138078	134617
138078	133229
138078	133140
138078	133311
138078	133246
138078	134625
138087	138102
138087	138126
138087	137186
138087	251905
138087	252772
138087	252431
138087	252429
138087	252440
138087	252448
138087	252454
138087	250966
138087	250946
138087	250873
138087	250841
138087	137691
138087	136745
138087	137465
138087	137466
138087	137450
138087	137671
138087	136740
138087	133363
138087	253684
138087	253615
138087	253589
138087	252751
138087	252769
138087	133356
138087	133352
138087	134455
138087	134600
138087	134617
138087	133229
138087	133140
138087	133311
138087	133246
138087	134625
138102	138126
138102	137186
138102	251905
138102	252772
138102	252431
138102	252429
138102	252440
138102	252448
138102	252454
138102	250966
138102	250946
138102	250873
138102	250841
138102	137691
138102	136745
138102	137465
138102	137466
138102	137450
138102	137671
138102	136740
138102	133363
138102	253684
138102	253615
138102	253589
138102	252751
138102	252769
138102	133356
138102	133352
138102	134455
138102	134600
138102	134617
138102	133229
138102	133140
138102	133311
138102	133246
138102	134625
138126	137186
138126	251905
138126	252772
138126	252431
138126	252429
138126	252440
138126	252448
138126	252454
138126	250966
138126	250946
138126	250873
138126	250841
138126	137691
138126	136745
138126	137465
138126	137466
138126	137450
138126	137671
138126	136740
138126	133363
138126	253684
138126	253615
138126	253589
138126	252751
138126	252769
138126	133356
138126	133352
138126	134455
138126	134600
138126	134617
138126	133229
138126	133140
138126	133311
138126	133246
138126	134625
137186	251905
137186	252772
137186	252431
137186	252429
137186	252440
137186	252448
137186	252454
137186	250966
137186	250946
137186	250873
137186	250841
137186	137691
137186	136745
137186	137465
137186	137466
137186	137450
137186	137671
137186	136740
137186	133363
137186	253684
137186	253615
137186	253589
137186	252751
137186	252769
137186	133356
137186	133352
137186	134455
137186	134600
137186	134617
137186	133229
137186	133140
137186	133311
137186	133246
137186	134625
251905	252772
251905	252431
251905	252429
251905	252440
251905	252448
251905	252454
251905	250966
251905	250946
251905	250873
251905	250841
251905	137691
251905	136745
251905	137465
251905	137466
251905	137450
251905	137671
251905	136740
251905	133363
251905	253684
251905	253615
251905	253589
251905	252751
251905	252769
251905	133356
251905	133352
251905	134455
251905	134600
251905	134617
251905	133229
251905	133140
251905	133311
251905	133246
251905	134625
252772	252431
252772	252429
252772	252440
252772	252448
252772	252454
252772	250966
252772	250946
252772	250873
252772	250841
252772	137691
252772	136745
252772	137465
252772	137466
252772	137450
252772	137671
252772	136740
252772	133363
252772	253684
252772	253615
252772	253589
252772	252751
252772	252769
252772	133356
252772	133352
252772	134455
252772	134600
252772	134617
252772	133229
252772	133140
252772	133311
252772	133246
252772	134625
252431	252429
252431	252440
252431	252448
252431	252454
252431	250966
252431	250946
252431	250873
252431	250841
252431	137691
252431	136745
252431	137465
252431	137466
252431	137450
252431	137671
252431	136740
252431	133363
252431	253684
252431	253615
252431	253589
252431	252751
252431	252769
252431	133356
252431	133352
252431	134455
252431	134600
252431	134617
252431	133229
252431	133140
252431	133311
252431	133246
252431	134625
252429	252440
252429	252448
252429	252454
252429	250966
252429	250946
252429	250873
252429	250841
252429	137691
252429	136745
252429	137465
252429	137466
252429	137450
252429	137671
252429	136740
252429	133363
252429	253684
252429	253615
252429	253589
252429	252751
252429	252769
252429	133356
252429	133352
252429	134455
252429	134600
252429	134617
252429	133229
252429	133140
252429	133311
252429	133246
252429	134625
252440	252448
252440	252454
252440	250966
252440	250946
252440	250873
252440	250841
252440	137691
252440	136745
252440	137465
252440	137466
252440	137450
252440	137671
252440	136740
252440	133363
252440	253684
252440	253615
252440	253589
252440	252751
252440	252769
252440	133356
252440	133352
252440	134455
252440	134600
252440	134617
252440	133229
252440	133140
252440	133311
252440	133246
252440	134625
252448	252454
252448	250966
252448	250946
252448	250873
252448	250841
252448	137691
252448	136745
252448	137465
252448	137466
252448	137450
252448	137671
252448	136740
252448	133363
252448	253684
252448	253615
252448	253589
252448	252751
252448	252769
252448	133356
252448	133352
252448	134455
252448	134600
252448	134617
252448	133229
252448	133140
252448	133311
252448	133246
252448	134625
252454	250966
252454	250946
252454	250873
252454	250841
252454	137691
252454	136745
252454	137465
252454	137466
252454	137450
252454	137671
252454	136740
252454	133363
252454	253684
252454	253615
252454	253589
252454	252751
252454	252769
252454	133356
252454	133352
252454	134455
252454	134600
252454	134617
252454	133229
252454	133140
252454	133311
252454	133246
252454	134625
250966	250946
250966	250873
250966	250841
250966	137691
250966	136745
250966	137465
250966	137466
250966	137450
250966	137671
250966	136740
250966	133363
250966	253684
250966	253615
250966	253589
250966	252751
250966	252769
250966	133356
250966	133352
250966	134455
250966	134600
250966	134617
250966	133229
250966	133140
250966	133311
250966	133246
250966	134625
250946	250873
250946	250841
250946	137691
250946	136745
250946	137465
250946	137466
250946	137450
250946	137671
250946	136740
250946	133363
250946	253684
250946	253615
250946	253589
250946	252751
250946	252769
250946	133356
250946	133352
250946	134455
250946	134600
250946	134617
250946	133229
250946	133140
250946	133311
250946	133246
250946	134625
250873	250841
250873	137691
250873	136745
250873	137465
250873	137466
250873	137450
250873	137671
250873	136740
250873	133363
250873	253684
250873	253615
250873	253589
250873	252751
250873	252769
250873	133356
250873	133352
250873	134455
250873	134600
250873	134617
250873	133229
250873	133140
250873	133311
250873	133246
250873	134625
250841	137691
250841	136745
250841	137465
250841	137466
250841	137450
250841	137671
250841	136740
250841	133363
250841	253684
250841	253615
250841	253589
250841	252751
250841	252769
250841	133356
250841	133352
250841	134455
250841	134600
250841	134617
250841	133229
250841	133140
250841	133311
250841	133246
250841	134625
137691	136745
137691	137465
137691	137466
137691	137450
137691	137671
137691	136740
137691	133363
137691	253684
137691	253615
137691	253589
137691	252751
137691	252769
137691	133356
137691	133352
137691	134455
137691	134600
137691	134617
137691	133229
137691	133140
137691	133311
137691	133246
137691	134625
136745	137465
136745	137466
136745	137450
136745	137671
136745	136740
136745	133363
136745	253684
136745	253615
136745	253589
136745	252751
136745	252769
136745	133356
136745	133352
136745	134455
136745	134600
136745	134617
136745	133229
136745	133140
136745	133311
136745	133246
136745	134625
137465	137466
137465	137450
137465	137671
137465	136740
137465	133363
137465	253684
137465	253615
137465	253589
137465	252751
137465	252769
137465	133356
137465	133352
137465	134455
137465	134600
137465	134617
137465	133229
137465	133140
137465	133311
137465	133246
137465	134625
137466	137450
137466	137671
137466	136740
137466	133363
137466	253684
137466	253615
137466	253589
137466	252751
137466	252769
137466	133356
137466	133352
137466	134455
137466	134600
137466	134617
137466	133229
137466	133140
137466	133311
137466	133246
137466	134625
137450	137671
137450	136740
137450	133363
137450	253684
137450	253615
137450	253589
137450	252751
137450	252769
137450	133356
137450	133352
137450	134455
137450	134600
137450	134617
137450	133229
137450	133140
137450	133311
137450	133246
137450	134625
137671	136740
137671	133363
137671	253684
137671	253615
137671	253589
137671	252751
137671	252769
137671	133356
137671	133352
137671	134455
137671	134600
137671	134617
137671	133229
137671	133140
137671	133311
137671	133246
137671	134625
136740	133363
136740	253684
136740	253615
136740	253589
136740	252751
136740	252769
136740	133356
136740	133352
136740	134455
136740	134600
136740	134617
136740	133229
136740	133140
136740	133311
136740	133246
136740	134625
133363	253684
133363	253615
133363	253589
133363	252751
133363	252769
133363	133356
133363	133352
133363	134455
133363	134600
133363	134617
133363	133229
133363	133140
133363	133311
133363	133246
133363	134625
253684	253615
253684	253589
253684	252751
253684	252769
253684	133356
253684	133352
253684	134455
253684	134600
253684	134617
253684	133229
253684	133140
253684	133311
253684	133246
253684	134625
253615	253589
253615	252751
253615	252769
253615	133356
253615	133352
253615	134455
253615	134600
253615	134617
253615	133229
253615	133140
253615	133311
253615	133246
253615	134625
253589	252751
253589	252769
253589	133356
253589	133352
253589	134455
253589	134600
253589	134617
253589	133229
253589	133140
253589	133311
253589	133246
253589	134625
252751	252769
252751	133356
252751	133352
252751	134455
252751	134600
252751	134617
252751	133229
252751	133140
252751	133311
252751	133246
252751	134625
252769	133356
252769	133352
252769	134455
252769	134600
252769	134617
252769	133229
252769	133140
252769	133311
252769	133246
252769	134625
133356	133352
133356	134455
133356	134600
133356	134617
133356	133229
133356	133140
133356	133311
133356	133246
133356	134625
133352	134455
133352	134600
133352	134617
133352	133229
133352	133140
133352	133311
133352	133246
133352	134625
134455	134600
134455	134617
134455	133229
134455	133140
134455	133311
134455	133246
134455	134625
134600	134617
134600	133229
134600	133140
134600	133311
134600	133246
134600	134625
134617	133229
134617	133140
134617	133311
134617	133246
134617	134625
133229	133140
133229	133311
133229	133246
133229	134625
133140	133311
133140	133246
133140	134625
133311	133246
133311	134625
133246	134625
