3570
42207	36443
42207	36371
42207	39357
42207	44620
42207	44298
42207	44296
42207	44315
42207	43426
42207	44388
42207	44803
42207	44758
42207	44773
42207	41511
42207	41507
42207	41509
42207	46859
42207	41512
42207	38702
42207	38120
42207	38119
42207	38117
42207	41566
42207	41576
42207	41565
42207	41562
42207	41558
42207	41557
42207	41531
42207	41525
42207	41523
42207	40775
42207	40769
42207	40766
42207	39012
42207	39006
42207	39007
42207	39015
42207	38982
42207	39416
42207	39414
42207	39455
42207	39482
42207	39481
42207	36448
42207	36418
42207	36376
42207	36785
42207	36786
42207	37182
42207	37183
42207	36726
42207	35720
42207	40551
42207	40743
42207	45898
42207	45948
42207	45952
42207	46087
42207	46041
42207	45968
42207	45964
42207	45967
42207	46758
42207	46759
42207	46751
42207	46746
42207	46752
42207	46810
42207	46809
42207	41476
42207	38124
42207	38067
42207	41479
42207	46690
42207	46664
42207	46666
42207	46663
42207	46364
42207	46670
42207	36862
42207	40797
42207	40284
42207	40376
42207	43409
36443	36371
36443	39357
36443	44620
36443	44298
36443	44296
36443	44315
36443	43426
36443	44388
36443	44803
36443	44758
36443	44773
36443	41511
36443	41507
36443	41509
36443	46859
36443	41512
36443	38702
36443	38120
36443	38119
36443	38117
36443	41566
36443	41576
36443	41565
36443	41562
36443	41558
36443	41557
36443	41531
36443	41525
36443	41523
36443	40775
36443	40769
36443	40766
36443	39012
36443	39006
36443	39007
36443	39015
36443	38982
36443	39416
36443	39414
36443	39455
36443	39482
36443	39481
36443	36448
36443	36418
36443	36376
36443	36785
36443	36786
36443	37182
36443	37183
36443	36726
36443	35720
36443	40551
36443	40743
36443	45898
36443	45948
36443	45952
36443	46087
36443	46041
36443	45968
36443	45964
36443	45967
36443	46758
36443	46759
36443	46751
36443	46746
36443	46752
36443	46810
36443	46809
36443	41476
36443	38124
36443	38067
36443	41479
36443	46690
36443	46664
36443	46666
36443	46663
36443	46364
36443	46670
36443	36862
36443	40797
36443	40284
36443	40376
36443	43409
36371	39357
36371	44620
36371	44298
36371	44296
36371	44315
36371	43426
36371	44388
36371	44803
36371	44758
36371	44773
36371	41511
36371	41507
36371	41509
36371	46859
36371	41512
36371	38702
36371	38120
36371	38119
36371	38117
36371	41566
36371	41576
36371	41565
36371	41562
36371	41558
36371	41557
36371	41531
36371	41525
36371	41523
36371	40775
36371	40769
36371	40766
36371	39012
36371	39006
36371	39007
36371	39015
36371	38982
36371	39416
36371	39414
36371	39455
36371	39482
36371	39481
36371	36448
36371	36418
36371	36376
36371	36785
36371	36786
36371	37182
36371	37183
36371	36726
36371	35720
36371	40551
36371	40743
36371	45898
36371	45948
36371	45952
36371	46087
36371	46041
36371	45968
36371	45964
36371	45967
36371	46758
36371	46759
36371	46751
36371	46746
36371	46752
36371	46810
36371	46809
36371	41476
36371	38124
36371	38067
36371	41479
36371	46690
36371	46664
36371	46666
36371	46663
36371	46364
36371	46670
36371	36862
36371	40797
36371	40284
36371	40376
36371	43409
39357	44620
39357	44298
39357	44296
39357	44315
39357	43426
39357	44388
39357	44803
39357	44758
39357	44773
39357	41511
39357	41507
39357	41509
39357	46859
39357	41512
39357	38702
39357	38120
39357	38119
39357	38117
39357	41566
39357	41576
39357	41565
39357	41562
39357	41558
39357	41557
39357	41531
39357	41525
39357	41523
39357	40775
39357	40769
39357	40766
39357	39012
39357	39006
39357	39007
39357	39015
39357	38982
39357	39416
39357	39414
39357	39455
39357	39482
39357	39481
39357	36448
39357	36418
39357	36376
39357	36785
39357	36786
39357	37182
39357	37183
39357	36726
39357	35720
39357	40551
39357	40743
39357	45898
39357	45948
39357	45952
39357	46087
39357	46041
39357	45968
39357	45964
39357	45967
39357	46758
39357	46759
39357	46751
39357	46746
39357	46752
39357	46810
39357	46809
39357	41476
39357	38124
39357	38067
39357	41479
39357	46690
39357	46664
39357	46666
39357	46663
39357	46364
39357	46670
39357	36862
39357	40797
39357	40284
39357	40376
39357	43409
44620	44298
44620	44296
44620	44315
44620	43426
44620	44388
44620	44803
44620	44758
44620	44773
44620	41511
44620	41507
44620	41509
44620	46859
44620	41512
44620	38702
44620	38120
44620	38119
44620	38117
44620	41566
44620	41576
44620	41565
44620	41562
44620	41558
44620	41557
44620	41531
44620	41525
44620	41523
44620	40775
44620	40769
44620	40766
44620	39012
44620	39006
44620	39007
44620	39015
44620	38982
44620	39416
44620	39414
44620	39455
44620	39482
44620	39481
44620	36448
44620	36418
44620	36376
44620	36785
44620	36786
44620	37182
44620	37183
44620	36726
44620	35720
44620	40551
44620	40743
44620	45898
44620	45948
44620	45952
44620	46087
44620	46041
44620	45968
44620	45964
44620	45967
44620	46758
44620	46759
44620	46751
44620	46746
44620	46752
44620	46810
44620	46809
44620	41476
44620	38124
44620	38067
44620	41479
44620	46690
44620	46664
44620	46666
44620	46663
44620	46364
44620	46670
44620	36862
44620	40797
44620	40284
44620	40376
44620	43409
44298	44296
44298	44315
44298	43426
44298	44388
44298	44803
44298	44758
44298	44773
44298	41511
44298	41507
44298	41509
44298	46859
44298	41512
44298	38702
44298	38120
44298	38119
44298	38117
44298	41566
44298	41576
44298	41565
44298	41562
44298	41558
44298	41557
44298	41531
44298	41525
44298	41523
44298	40775
44298	40769
44298	40766
44298	39012
44298	39006
44298	39007
44298	39015
44298	38982
44298	39416
44298	39414
44298	39455
44298	39482
44298	39481
44298	36448
44298	36418
44298	36376
44298	36785
44298	36786
44298	37182
44298	37183
44298	36726
44298	35720
44298	40551
44298	40743
44298	45898
44298	45948
44298	45952
44298	46087
44298	46041
44298	45968
44298	45964
44298	45967
44298	46758
44298	46759
44298	46751
44298	46746
44298	46752
44298	46810
44298	46809
44298	41476
44298	38124
44298	38067
44298	41479
44298	46690
44298	46664
44298	46666
44298	46663
44298	46364
44298	46670
44298	36862
44298	40797
44298	40284
44298	40376
44298	43409
44296	44315
44296	43426
44296	44388
44296	44803
44296	44758
44296	44773
44296	41511
44296	41507
44296	41509
44296	46859
44296	41512
44296	38702
44296	38120
44296	38119
44296	38117
44296	41566
44296	41576
44296	41565
44296	41562
44296	41558
44296	41557
44296	41531
44296	41525
44296	41523
44296	40775
44296	40769
44296	40766
44296	39012
44296	39006
44296	39007
44296	39015
44296	38982
44296	39416
44296	39414
44296	39455
44296	39482
44296	39481
44296	36448
44296	36418
44296	36376
44296	36785
44296	36786
44296	37182
44296	37183
44296	36726
44296	35720
44296	40551
44296	40743
44296	45898
44296	45948
44296	45952
44296	46087
44296	46041
44296	45968
44296	45964
44296	45967
44296	46758
44296	46759
44296	46751
44296	46746
44296	46752
44296	46810
44296	46809
44296	41476
44296	38124
44296	38067
44296	41479
44296	46690
44296	46664
44296	46666
44296	46663
44296	46364
44296	46670
44296	36862
44296	40797
44296	40284
44296	40376
44296	43409
44315	43426
44315	44388
44315	44803
44315	44758
44315	44773
44315	41511
44315	41507
44315	41509
44315	46859
44315	41512
44315	38702
44315	38120
44315	38119
44315	38117
44315	41566
44315	41576
44315	41565
44315	41562
44315	41558
44315	41557
44315	41531
44315	41525
44315	41523
44315	40775
44315	40769
44315	40766
44315	39012
44315	39006
44315	39007
44315	39015
44315	38982
44315	39416
44315	39414
44315	39455
44315	39482
44315	39481
44315	36448
44315	36418
44315	36376
44315	36785
44315	36786
44315	37182
44315	37183
44315	36726
44315	35720
44315	40551
44315	40743
44315	45898
44315	45948
44315	45952
44315	46087
44315	46041
44315	45968
44315	45964
44315	45967
44315	46758
44315	46759
44315	46751
44315	46746
44315	46752
44315	46810
44315	46809
44315	41476
44315	38124
44315	38067
44315	41479
44315	46690
44315	46664
44315	46666
44315	46663
44315	46364
44315	46670
44315	36862
44315	40797
44315	40284
44315	40376
44315	43409
43426	44388
43426	44803
43426	44758
43426	44773
43426	41511
43426	41507
43426	41509
43426	46859
43426	41512
43426	38702
43426	38120
43426	38119
43426	38117
43426	41566
43426	41576
43426	41565
43426	41562
43426	41558
43426	41557
43426	41531
43426	41525
43426	41523
43426	40775
43426	40769
43426	40766
43426	39012
43426	39006
43426	39007
43426	39015
43426	38982
43426	39416
43426	39414
43426	39455
43426	39482
43426	39481
43426	36448
43426	36418
43426	36376
43426	36785
43426	36786
43426	37182
43426	37183
43426	36726
43426	35720
43426	40551
43426	40743
43426	45898
43426	45948
43426	45952
43426	46087
43426	46041
43426	45968
43426	45964
43426	45967
43426	46758
43426	46759
43426	46751
43426	46746
43426	46752
43426	46810
43426	46809
43426	41476
43426	38124
43426	38067
43426	41479
43426	46690
43426	46664
43426	46666
43426	46663
43426	46364
43426	46670
43426	36862
43426	40797
43426	40284
43426	40376
43426	43409
44388	44803
44388	44758
44388	44773
44388	41511
44388	41507
44388	41509
44388	46859
44388	41512
44388	38702
44388	38120
44388	38119
44388	38117
44388	41566
44388	41576
44388	41565
44388	41562
44388	41558
44388	41557
44388	41531
44388	41525
44388	41523
44388	40775
44388	40769
44388	40766
44388	39012
44388	39006
44388	39007
44388	39015
44388	38982
44388	39416
44388	39414
44388	39455
44388	39482
44388	39481
44388	36448
44388	36418
44388	36376
44388	36785
44388	36786
44388	37182
44388	37183
44388	36726
44388	35720
44388	40551
44388	40743
44388	45898
44388	45948
44388	45952
44388	46087
44388	46041
44388	45968
44388	45964
44388	45967
44388	46758
44388	46759
44388	46751
44388	46746
44388	46752
44388	46810
44388	46809
44388	41476
44388	38124
44388	38067
44388	41479
44388	46690
44388	46664
44388	46666
44388	46663
44388	46364
44388	46670
44388	36862
44388	40797
44388	40284
44388	40376
44388	43409
44803	44758
44803	44773
44803	41511
44803	41507
44803	41509
44803	46859
44803	41512
44803	38702
44803	38120
44803	38119
44803	38117
44803	41566
44803	41576
44803	41565
44803	41562
44803	41558
44803	41557
44803	41531
44803	41525
44803	41523
44803	40775
44803	40769
44803	40766
44803	39012
44803	39006
44803	39007
44803	39015
44803	38982
44803	39416
44803	39414
44803	39455
44803	39482
44803	39481
44803	36448
44803	36418
44803	36376
44803	36785
44803	36786
44803	37182
44803	37183
44803	36726
44803	35720
44803	40551
44803	40743
44803	45898
44803	45948
44803	45952
44803	46087
44803	46041
44803	45968
44803	45964
44803	45967
44803	46758
44803	46759
44803	46751
44803	46746
44803	46752
44803	46810
44803	46809
44803	41476
44803	38124
44803	38067
44803	41479
44803	46690
44803	46664
44803	46666
44803	46663
44803	46364
44803	46670
44803	36862
44803	40797
44803	40284
44803	40376
44803	43409
44758	44773
44758	41511
44758	41507
44758	41509
44758	46859
44758	41512
44758	38702
44758	38120
44758	38119
44758	38117
44758	41566
44758	41576
44758	41565
44758	41562
44758	41558
44758	41557
44758	41531
44758	41525
44758	41523
44758	40775
44758	40769
44758	40766
44758	39012
44758	39006
44758	39007
44758	39015
44758	38982
44758	39416
44758	39414
44758	39455
44758	39482
44758	39481
44758	36448
44758	36418
44758	36376
44758	36785
44758	36786
44758	37182
44758	37183
44758	36726
44758	35720
44758	40551
44758	40743
44758	45898
44758	45948
44758	45952
44758	46087
44758	46041
44758	45968
44758	45964
44758	45967
44758	46758
44758	46759
44758	46751
44758	46746
44758	46752
44758	46810
44758	46809
44758	41476
44758	38124
44758	38067
44758	41479
44758	46690
44758	46664
44758	46666
44758	46663
44758	46364
44758	46670
44758	36862
44758	40797
44758	40284
44758	40376
44758	43409
44773	41511
44773	41507
44773	41509
44773	46859
44773	41512
44773	38702
44773	38120
44773	38119
44773	38117
44773	41566
44773	41576
44773	41565
44773	41562
44773	41558
44773	41557
44773	41531
44773	41525
44773	41523
44773	40775
44773	40769
44773	40766
44773	39012
44773	39006
44773	39007
44773	39015
44773	38982
44773	39416
44773	39414
44773	39455
44773	39482
44773	39481
44773	36448
44773	36418
44773	36376
44773	36785
44773	36786
44773	37182
44773	37183
44773	36726
44773	35720
44773	40551
44773	40743
44773	45898
44773	45948
44773	45952
44773	46087
44773	46041
44773	45968
44773	45964
44773	45967
44773	46758
44773	46759
44773	46751
44773	46746
44773	46752
44773	46810
44773	46809
44773	41476
44773	38124
44773	38067
44773	41479
44773	46690
44773	46664
44773	46666
44773	46663
44773	46364
44773	46670
44773	36862
44773	40797
44773	40284
44773	40376
44773	43409
41511	41507
41511	41509
41511	46859
41511	41512
41511	38702
41511	38120
41511	38119
41511	38117
41511	41566
41511	41576
41511	41565
41511	41562
41511	41558
41511	41557
41511	41531
41511	41525
41511	41523
41511	40775
41511	40769
41511	40766
41511	39012
41511	39006
41511	39007
41511	39015
41511	38982
41511	39416
41511	39414
41511	39455
41511	39482
41511	39481
41511	36448
41511	36418
41511	36376
41511	36785
41511	36786
41511	37182
41511	37183
41511	36726
41511	35720
41511	40551
41511	40743
41511	45898
41511	45948
41511	45952
41511	46087
41511	46041
41511	45968
41511	45964
41511	45967
41511	46758
41511	46759
41511	46751
41511	46746
41511	46752
41511	46810
41511	46809
41511	41476
41511	38124
41511	38067
41511	41479
41511	46690
41511	46664
41511	46666
41511	46663
41511	46364
41511	46670
41511	36862
41511	40797
41511	40284
41511	40376
41511	43409
41507	41509
41507	46859
41507	41512
41507	38702
41507	38120
41507	38119
41507	38117
41507	41566
41507	41576
41507	41565
41507	41562
41507	41558
41507	41557
41507	41531
41507	41525
41507	41523
41507	40775
41507	40769
41507	40766
41507	39012
41507	39006
41507	39007
41507	39015
41507	38982
41507	39416
41507	39414
41507	39455
41507	39482
41507	39481
41507	36448
41507	36418
41507	36376
41507	36785
41507	36786
41507	37182
41507	37183
41507	36726
41507	35720
41507	40551
41507	40743
41507	45898
41507	45948
41507	45952
41507	46087
41507	46041
41507	45968
41507	45964
41507	45967
41507	46758
41507	46759
41507	46751
41507	46746
41507	46752
41507	46810
41507	46809
41507	41476
41507	38124
41507	38067
41507	41479
41507	46690
41507	46664
41507	46666
41507	46663
41507	46364
41507	46670
41507	36862
41507	40797
41507	40284
41507	40376
41507	43409
41509	46859
41509	41512
41509	38702
41509	38120
41509	38119
41509	38117
41509	41566
41509	41576
41509	41565
41509	41562
41509	41558
41509	41557
41509	41531
41509	41525
41509	41523
41509	40775
41509	40769
41509	40766
41509	39012
41509	39006
41509	39007
41509	39015
41509	38982
41509	39416
41509	39414
41509	39455
41509	39482
41509	39481
41509	36448
41509	36418
41509	36376
41509	36785
41509	36786
41509	37182
41509	37183
41509	36726
41509	35720
41509	40551
41509	40743
41509	45898
41509	45948
41509	45952
41509	46087
41509	46041
41509	45968
41509	45964
41509	45967
41509	46758
41509	46759
41509	46751
41509	46746
41509	46752
41509	46810
41509	46809
41509	41476
41509	38124
41509	38067
41509	41479
41509	46690
41509	46664
41509	46666
41509	46663
41509	46364
41509	46670
41509	36862
41509	40797
41509	40284
41509	40376
41509	43409
46859	41512
46859	38702
46859	38120
46859	38119
46859	38117
46859	41566
46859	41576
46859	41565
46859	41562
46859	41558
46859	41557
46859	41531
46859	41525
46859	41523
46859	40775
46859	40769
46859	40766
46859	39012
46859	39006
46859	39007
46859	39015
46859	38982
46859	39416
46859	39414
46859	39455
46859	39482
46859	39481
46859	36448
46859	36418
46859	36376
46859	36785
46859	36786
46859	37182
46859	37183
46859	36726
46859	35720
46859	40551
46859	40743
46859	45898
46859	45948
46859	45952
46859	46087
46859	46041
46859	45968
46859	45964
46859	45967
46859	46758
46859	46759
46859	46751
46859	46746
46859	46752
46859	46810
46859	46809
46859	41476
46859	38124
46859	38067
46859	41479
46859	46690
46859	46664
46859	46666
46859	46663
46859	46364
46859	46670
46859	36862
46859	40797
46859	40284
46859	40376
46859	43409
41512	38702
41512	38120
41512	38119
41512	38117
41512	41566
41512	41576
41512	41565
41512	41562
41512	41558
41512	41557
41512	41531
41512	41525
41512	41523
41512	40775
41512	40769
41512	40766
41512	39012
41512	39006
41512	39007
41512	39015
41512	38982
41512	39416
41512	39414
41512	39455
41512	39482
41512	39481
41512	36448
41512	36418
41512	36376
41512	36785
41512	36786
41512	37182
41512	37183
41512	36726
41512	35720
41512	40551
41512	40743
41512	45898
41512	45948
41512	45952
41512	46087
41512	46041
41512	45968
41512	45964
41512	45967
41512	46758
41512	46759
41512	46751
41512	46746
41512	46752
41512	46810
41512	46809
41512	41476
41512	38124
41512	38067
41512	41479
41512	46690
41512	46664
41512	46666
41512	46663
41512	46364
41512	46670
41512	36862
41512	40797
41512	40284
41512	40376
41512	43409
38702	38120
38702	38119
38702	38117
38702	41566
38702	41576
38702	41565
38702	41562
38702	41558
38702	41557
38702	41531
38702	41525
38702	41523
38702	40775
38702	40769
38702	40766
38702	39012
38702	39006
38702	39007
38702	39015
38702	38982
38702	39416
38702	39414
38702	39455
38702	39482
38702	39481
38702	36448
38702	36418
38702	36376
38702	36785
38702	36786
38702	37182
38702	37183
38702	36726
38702	35720
38702	40551
38702	40743
38702	45898
38702	45948
38702	45952
38702	46087
38702	46041
38702	45968
38702	45964
38702	45967
38702	46758
38702	46759
38702	46751
38702	46746
38702	46752
38702	46810
38702	46809
38702	41476
38702	38124
38702	38067
38702	41479
38702	46690
38702	46664
38702	46666
38702	46663
38702	46364
38702	46670
38702	36862
38702	40797
38702	40284
38702	40376
38702	43409
38120	38119
38120	38117
38120	41566
38120	41576
38120	41565
38120	41562
38120	41558
38120	41557
38120	41531
38120	41525
38120	41523
38120	40775
38120	40769
38120	40766
38120	39012
38120	39006
38120	39007
38120	39015
38120	38982
38120	39416
38120	39414
38120	39455
38120	39482
38120	39481
38120	36448
38120	36418
38120	36376
38120	36785
38120	36786
38120	37182
38120	37183
38120	36726
38120	35720
38120	40551
38120	40743
38120	45898
38120	45948
38120	45952
38120	46087
38120	46041
38120	45968
38120	45964
38120	45967
38120	46758
38120	46759
38120	46751
38120	46746
38120	46752
38120	46810
38120	46809
38120	41476
38120	38124
38120	38067
38120	41479
38120	46690
38120	46664
38120	46666
38120	46663
38120	46364
38120	46670
38120	36862
38120	40797
38120	40284
38120	40376
38120	43409
38119	38117
38119	41566
38119	41576
38119	41565
38119	41562
38119	41558
38119	41557
38119	41531
38119	41525
38119	41523
38119	40775
38119	40769
38119	40766
38119	39012
38119	39006
38119	39007
38119	39015
38119	38982
38119	39416
38119	39414
38119	39455
38119	39482
38119	39481
38119	36448
38119	36418
38119	36376
38119	36785
38119	36786
38119	37182
38119	37183
38119	36726
38119	35720
38119	40551
38119	40743
38119	45898
38119	45948
38119	45952
38119	46087
38119	46041
38119	45968
38119	45964
38119	45967
38119	46758
38119	46759
38119	46751
38119	46746
38119	46752
38119	46810
38119	46809
38119	41476
38119	38124
38119	38067
38119	41479
38119	46690
38119	46664
38119	46666
38119	46663
38119	46364
38119	46670
38119	36862
38119	40797
38119	40284
38119	40376
38119	43409
38117	41566
38117	41576
38117	41565
38117	41562
38117	41558
38117	41557
38117	41531
38117	41525
38117	41523
38117	40775
38117	40769
38117	40766
38117	39012
38117	39006
38117	39007
38117	39015
38117	38982
38117	39416
38117	39414
38117	39455
38117	39482
38117	39481
38117	36448
38117	36418
38117	36376
38117	36785
38117	36786
38117	37182
38117	37183
38117	36726
38117	35720
38117	40551
38117	40743
38117	45898
38117	45948
38117	45952
38117	46087
38117	46041
38117	45968
38117	45964
38117	45967
38117	46758
38117	46759
38117	46751
38117	46746
38117	46752
38117	46810
38117	46809
38117	41476
38117	38124
38117	38067
38117	41479
38117	46690
38117	46664
38117	46666
38117	46663
38117	46364
38117	46670
38117	36862
38117	40797
38117	40284
38117	40376
38117	43409
41566	41576
41566	41565
41566	41562
41566	41558
41566	41557
41566	41531
41566	41525
41566	41523
41566	40775
41566	40769
41566	40766
41566	39012
41566	39006
41566	39007
41566	39015
41566	38982
41566	39416
41566	39414
41566	39455
41566	39482
41566	39481
41566	36448
41566	36418
41566	36376
41566	36785
41566	36786
41566	37182
41566	37183
41566	36726
41566	35720
41566	40551
41566	40743
41566	45898
41566	45948
41566	45952
41566	46087
41566	46041
41566	45968
41566	45964
41566	45967
41566	46758
41566	46759
41566	46751
41566	46746
41566	46752
41566	46810
41566	46809
41566	41476
41566	38124
41566	38067
41566	41479
41566	46690
41566	46664
41566	46666
41566	46663
41566	46364
41566	46670
41566	36862
41566	40797
41566	40284
41566	40376
41566	43409
41576	41565
41576	41562
41576	41558
41576	41557
41576	41531
41576	41525
41576	41523
41576	40775
41576	40769
41576	40766
41576	39012
41576	39006
41576	39007
41576	39015
41576	38982
41576	39416
41576	39414
41576	39455
41576	39482
41576	39481
41576	36448
41576	36418
41576	36376
41576	36785
41576	36786
41576	37182
41576	37183
41576	36726
41576	35720
41576	40551
41576	40743
41576	45898
41576	45948
41576	45952
41576	46087
41576	46041
41576	45968
41576	45964
41576	45967
41576	46758
41576	46759
41576	46751
41576	46746
41576	46752
41576	46810
41576	46809
41576	41476
41576	38124
41576	38067
41576	41479
41576	46690
41576	46664
41576	46666
41576	46663
41576	46364
41576	46670
41576	36862
41576	40797
41576	40284
41576	40376
41576	43409
41565	41562
41565	41558
41565	41557
41565	41531
41565	41525
41565	41523
41565	40775
41565	40769
41565	40766
41565	39012
41565	39006
41565	39007
41565	39015
41565	38982
41565	39416
41565	39414
41565	39455
41565	39482
41565	39481
41565	36448
41565	36418
41565	36376
41565	36785
41565	36786
41565	37182
41565	37183
41565	36726
41565	35720
41565	40551
41565	40743
41565	45898
41565	45948
41565	45952
41565	46087
41565	46041
41565	45968
41565	45964
41565	45967
41565	46758
41565	46759
41565	46751
41565	46746
41565	46752
41565	46810
41565	46809
41565	41476
41565	38124
41565	38067
41565	41479
41565	46690
41565	46664
41565	46666
41565	46663
41565	46364
41565	46670
41565	36862
41565	40797
41565	40284
41565	40376
41565	43409
41562	41558
41562	41557
41562	41531
41562	41525
41562	41523
41562	40775
41562	40769
41562	40766
41562	39012
41562	39006
41562	39007
41562	39015
41562	38982
41562	39416
41562	39414
41562	39455
41562	39482
41562	39481
41562	36448
41562	36418
41562	36376
41562	36785
41562	36786
41562	37182
41562	37183
41562	36726
41562	35720
41562	40551
41562	40743
41562	45898
41562	45948
41562	45952
41562	46087
41562	46041
41562	45968
41562	45964
41562	45967
41562	46758
41562	46759
41562	46751
41562	46746
41562	46752
41562	46810
41562	46809
41562	41476
41562	38124
41562	38067
41562	41479
41562	46690
41562	46664
41562	46666
41562	46663
41562	46364
41562	46670
41562	36862
41562	40797
41562	40284
41562	40376
41562	43409
41558	41557
41558	41531
41558	41525
41558	41523
41558	40775
41558	40769
41558	40766
41558	39012
41558	39006
41558	39007
41558	39015
41558	38982
41558	39416
41558	39414
41558	39455
41558	39482
41558	39481
41558	36448
41558	36418
41558	36376
41558	36785
41558	36786
41558	37182
41558	37183
41558	36726
41558	35720
41558	40551
41558	40743
41558	45898
41558	45948
41558	45952
41558	46087
41558	46041
41558	45968
41558	45964
41558	45967
41558	46758
41558	46759
41558	46751
41558	46746
41558	46752
41558	46810
41558	46809
41558	41476
41558	38124
41558	38067
41558	41479
41558	46690
41558	46664
41558	46666
41558	46663
41558	46364
41558	46670
41558	36862
41558	40797
41558	40284
41558	40376
41558	43409
41557	41531
41557	41525
41557	41523
41557	40775
41557	40769
41557	40766
41557	39012
41557	39006
41557	39007
41557	39015
41557	38982
41557	39416
41557	39414
41557	39455
41557	39482
41557	39481
41557	36448
41557	36418
41557	36376
41557	36785
41557	36786
41557	37182
41557	37183
41557	36726
41557	35720
41557	40551
41557	40743
41557	45898
41557	45948
41557	45952
41557	46087
41557	46041
41557	45968
41557	45964
41557	45967
41557	46758
41557	46759
41557	46751
41557	46746
41557	46752
41557	46810
41557	46809
41557	41476
41557	38124
41557	38067
41557	41479
41557	46690
41557	46664
41557	46666
41557	46663
41557	46364
41557	46670
41557	36862
41557	40797
41557	40284
41557	40376
41557	43409
41531	41525
41531	41523
41531	40775
41531	40769
41531	40766
41531	39012
41531	39006
41531	39007
41531	39015
41531	38982
41531	39416
41531	39414
41531	39455
41531	39482
41531	39481
41531	36448
41531	36418
41531	36376
41531	36785
41531	36786
41531	37182
41531	37183
41531	36726
41531	35720
41531	40551
41531	40743
41531	45898
41531	45948
41531	45952
41531	46087
41531	46041
41531	45968
41531	45964
41531	45967
41531	46758
41531	46759
41531	46751
41531	46746
41531	46752
41531	46810
41531	46809
41531	41476
41531	38124
41531	38067
41531	41479
41531	46690
41531	46664
41531	46666
41531	46663
41531	46364
41531	46670
41531	36862
41531	40797
41531	40284
41531	40376
41531	43409
41525	41523
41525	40775
41525	40769
41525	40766
41525	39012
41525	39006
41525	39007
41525	39015
41525	38982
41525	39416
41525	39414
41525	39455
41525	39482
41525	39481
41525	36448
41525	36418
41525	36376
41525	36785
41525	36786
41525	37182
41525	37183
41525	36726
41525	35720
41525	40551
41525	40743
41525	45898
41525	45948
41525	45952
41525	46087
41525	46041
41525	45968
41525	45964
41525	45967
41525	46758
41525	46759
41525	46751
41525	46746
41525	46752
41525	46810
41525	46809
41525	41476
41525	38124
41525	38067
41525	41479
41525	46690
41525	46664
41525	46666
41525	46663
41525	46364
41525	46670
41525	36862
41525	40797
41525	40284
41525	40376
41525	43409
41523	40775
41523	40769
41523	40766
41523	39012
41523	39006
41523	39007
41523	39015
41523	38982
41523	39416
41523	39414
41523	39455
41523	39482
41523	39481
41523	36448
41523	36418
41523	36376
41523	36785
41523	36786
41523	37182
41523	37183
41523	36726
41523	35720
41523	40551
41523	40743
41523	45898
41523	45948
41523	45952
41523	46087
41523	46041
41523	45968
41523	45964
41523	45967
41523	46758
41523	46759
41523	46751
41523	46746
41523	46752
41523	46810
41523	46809
41523	41476
41523	38124
41523	38067
41523	41479
41523	46690
41523	46664
41523	46666
41523	46663
41523	46364
41523	46670
41523	36862
41523	40797
41523	40284
41523	40376
41523	43409
40775	40769
40775	40766
40775	39012
40775	39006
40775	39007
40775	39015
40775	38982
40775	39416
40775	39414
40775	39455
40775	39482
40775	39481
40775	36448
40775	36418
40775	36376
40775	36785
40775	36786
40775	37182
40775	37183
40775	36726
40775	35720
40775	40551
40775	40743
40775	45898
40775	45948
40775	45952
40775	46087
40775	46041
40775	45968
40775	45964
40775	45967
40775	46758
40775	46759
40775	46751
40775	46746
40775	46752
40775	46810
40775	46809
40775	41476
40775	38124
40775	38067
40775	41479
40775	46690
40775	46664
40775	46666
40775	46663
40775	46364
40775	46670
40775	36862
40775	40797
40775	40284
40775	40376
40775	43409
40769	40766
40769	39012
40769	39006
40769	39007
40769	39015
40769	38982
40769	39416
40769	39414
40769	39455
40769	39482
40769	39481
40769	36448
40769	36418
40769	36376
40769	36785
40769	36786
40769	37182
40769	37183
40769	36726
40769	35720
40769	40551
40769	40743
40769	45898
40769	45948
40769	45952
40769	46087
40769	46041
40769	45968
40769	45964
40769	45967
40769	46758
40769	46759
40769	46751
40769	46746
40769	46752
40769	46810
40769	46809
40769	41476
40769	38124
40769	38067
40769	41479
40769	46690
40769	46664
40769	46666
40769	46663
40769	46364
40769	46670
40769	36862
40769	40797
40769	40284
40769	40376
40769	43409
40766	39012
40766	39006
40766	39007
40766	39015
40766	38982
40766	39416
40766	39414
40766	39455
40766	39482
40766	39481
40766	36448
40766	36418
40766	36376
40766	36785
40766	36786
40766	37182
40766	37183
40766	36726
40766	35720
40766	40551
40766	40743
40766	45898
40766	45948
40766	45952
40766	46087
40766	46041
40766	45968
40766	45964
40766	45967
40766	46758
40766	46759
40766	46751
40766	46746
40766	46752
40766	46810
40766	46809
40766	41476
40766	38124
40766	38067
40766	41479
40766	46690
40766	46664
40766	46666
40766	46663
40766	46364
40766	46670
40766	36862
40766	40797
40766	40284
40766	40376
40766	43409
39012	39006
39012	39007
39012	39015
39012	38982
39012	39416
39012	39414
39012	39455
39012	39482
39012	39481
39012	36448
39012	36418
39012	36376
39012	36785
39012	36786
39012	37182
39012	37183
39012	36726
39012	35720
39012	40551
39012	40743
39012	45898
39012	45948
39012	45952
39012	46087
39012	46041
39012	45968
39012	45964
39012	45967
39012	46758
39012	46759
39012	46751
39012	46746
39012	46752
39012	46810
39012	46809
39012	41476
39012	38124
39012	38067
39012	41479
39012	46690
39012	46664
39012	46666
39012	46663
39012	46364
39012	46670
39012	36862
39012	40797
39012	40284
39012	40376
39012	43409
39006	39007
39006	39015
39006	38982
39006	39416
39006	39414
39006	39455
39006	39482
39006	39481
39006	36448
39006	36418
39006	36376
39006	36785
39006	36786
39006	37182
39006	37183
39006	36726
39006	35720
39006	40551
39006	40743
39006	45898
39006	45948
39006	45952
39006	46087
39006	46041
39006	45968
39006	45964
39006	45967
39006	46758
39006	46759
39006	46751
39006	46746
39006	46752
39006	46810
39006	46809
39006	41476
39006	38124
39006	38067
39006	41479
39006	46690
39006	46664
39006	46666
39006	46663
39006	46364
39006	46670
39006	36862
39006	40797
39006	40284
39006	40376
39006	43409
39007	39015
39007	38982
39007	39416
39007	39414
39007	39455
39007	39482
39007	39481
39007	36448
39007	36418
39007	36376
39007	36785
39007	36786
39007	37182
39007	37183
39007	36726
39007	35720
39007	40551
39007	40743
39007	45898
39007	45948
39007	45952
39007	46087
39007	46041
39007	45968
39007	45964
39007	45967
39007	46758
39007	46759
39007	46751
39007	46746
39007	46752
39007	46810
39007	46809
39007	41476
39007	38124
39007	38067
39007	41479
39007	46690
39007	46664
39007	46666
39007	46663
39007	46364
39007	46670
39007	36862
39007	40797
39007	40284
39007	40376
39007	43409
39015	38982
39015	39416
39015	39414
39015	39455
39015	39482
39015	39481
39015	36448
39015	36418
39015	36376
39015	36785
39015	36786
39015	37182
39015	37183
39015	36726
39015	35720
39015	40551
39015	40743
39015	45898
39015	45948
39015	45952
39015	46087
39015	46041
39015	45968
39015	45964
39015	45967
39015	46758
39015	46759
39015	46751
39015	46746
39015	46752
39015	46810
39015	46809
39015	41476
39015	38124
39015	38067
39015	41479
39015	46690
39015	46664
39015	46666
39015	46663
39015	46364
39015	46670
39015	36862
39015	40797
39015	40284
39015	40376
39015	43409
38982	39416
38982	39414
38982	39455
38982	39482
38982	39481
38982	36448
38982	36418
38982	36376
38982	36785
38982	36786
38982	37182
38982	37183
38982	36726
38982	35720
38982	40551
38982	40743
38982	45898
38982	45948
38982	45952
38982	46087
38982	46041
38982	45968
38982	45964
38982	45967
38982	46758
38982	46759
38982	46751
38982	46746
38982	46752
38982	46810
38982	46809
38982	41476
38982	38124
38982	38067
38982	41479
38982	46690
38982	46664
38982	46666
38982	46663
38982	46364
38982	46670
38982	36862
38982	40797
38982	40284
38982	40376
38982	43409
39416	39414
39416	39455
39416	39482
39416	39481
39416	36448
39416	36418
39416	36376
39416	36785
39416	36786
39416	37182
39416	37183
39416	36726
39416	35720
39416	40551
39416	40743
39416	45898
39416	45948
39416	45952
39416	46087
39416	46041
39416	45968
39416	45964
39416	45967
39416	46758
39416	46759
39416	46751
39416	46746
39416	46752
39416	46810
39416	46809
39416	41476
39416	38124
39416	38067
39416	41479
39416	46690
39416	46664
39416	46666
39416	46663
39416	46364
39416	46670
39416	36862
39416	40797
39416	40284
39416	40376
39416	43409
39414	39455
39414	39482
39414	39481
39414	36448
39414	36418
39414	36376
39414	36785
39414	36786
39414	37182
39414	37183
39414	36726
39414	35720
39414	40551
39414	40743
39414	45898
39414	45948
39414	45952
39414	46087
39414	46041
39414	45968
39414	45964
39414	45967
39414	46758
39414	46759
39414	46751
39414	46746
39414	46752
39414	46810
39414	46809
39414	41476
39414	38124
39414	38067
39414	41479
39414	46690
39414	46664
39414	46666
39414	46663
39414	46364
39414	46670
39414	36862
39414	40797
39414	40284
39414	40376
39414	43409
39455	39482
39455	39481
39455	36448
39455	36418
39455	36376
39455	36785
39455	36786
39455	37182
39455	37183
39455	36726
39455	35720
39455	40551
39455	40743
39455	45898
39455	45948
39455	45952
39455	46087
39455	46041
39455	45968
39455	45964
39455	45967
39455	46758
39455	46759
39455	46751
39455	46746
39455	46752
39455	46810
39455	46809
39455	41476
39455	38124
39455	38067
39455	41479
39455	46690
39455	46664
39455	46666
39455	46663
39455	46364
39455	46670
39455	36862
39455	40797
39455	40284
39455	40376
39455	43409
39482	39481
39482	36448
39482	36418
39482	36376
39482	36785
39482	36786
39482	37182
39482	37183
39482	36726
39482	35720
39482	40551
39482	40743
39482	45898
39482	45948
39482	45952
39482	46087
39482	46041
39482	45968
39482	45964
39482	45967
39482	46758
39482	46759
39482	46751
39482	46746
39482	46752
39482	46810
39482	46809
39482	41476
39482	38124
39482	38067
39482	41479
39482	46690
39482	46664
39482	46666
39482	46663
39482	46364
39482	46670
39482	36862
39482	40797
39482	40284
39482	40376
39482	43409
39481	36448
39481	36418
39481	36376
39481	36785
39481	36786
39481	37182
39481	37183
39481	36726
39481	35720
39481	40551
39481	40743
39481	45898
39481	45948
39481	45952
39481	46087
39481	46041
39481	45968
39481	45964
39481	45967
39481	46758
39481	46759
39481	46751
39481	46746
39481	46752
39481	46810
39481	46809
39481	41476
39481	38124
39481	38067
39481	41479
39481	46690
39481	46664
39481	46666
39481	46663
39481	46364
39481	46670
39481	36862
39481	40797
39481	40284
39481	40376
39481	43409
36448	36418
36448	36376
36448	36785
36448	36786
36448	37182
36448	37183
36448	36726
36448	35720
36448	40551
36448	40743
36448	45898
36448	45948
36448	45952
36448	46087
36448	46041
36448	45968
36448	45964
36448	45967
36448	46758
36448	46759
36448	46751
36448	46746
36448	46752
36448	46810
36448	46809
36448	41476
36448	38124
36448	38067
36448	41479
36448	46690
36448	46664
36448	46666
36448	46663
36448	46364
36448	46670
36448	36862
36448	40797
36448	40284
36448	40376
36448	43409
36418	36376
36418	36785
36418	36786
36418	37182
36418	37183
36418	36726
36418	35720
36418	40551
36418	40743
36418	45898
36418	45948
36418	45952
36418	46087
36418	46041
36418	45968
36418	45964
36418	45967
36418	46758
36418	46759
36418	46751
36418	46746
36418	46752
36418	46810
36418	46809
36418	41476
36418	38124
36418	38067
36418	41479
36418	46690
36418	46664
36418	46666
36418	46663
36418	46364
36418	46670
36418	36862
36418	40797
36418	40284
36418	40376
36418	43409
36376	36785
36376	36786
36376	37182
36376	37183
36376	36726
36376	35720
36376	40551
36376	40743
36376	45898
36376	45948
36376	45952
36376	46087
36376	46041
36376	45968
36376	45964
36376	45967
36376	46758
36376	46759
36376	46751
36376	46746
36376	46752
36376	46810
36376	46809
36376	41476
36376	38124
36376	38067
36376	41479
36376	46690
36376	46664
36376	46666
36376	46663
36376	46364
36376	46670
36376	36862
36376	40797
36376	40284
36376	40376
36376	43409
36785	36786
36785	37182
36785	37183
36785	36726
36785	35720
36785	40551
36785	40743
36785	45898
36785	45948
36785	45952
36785	46087
36785	46041
36785	45968
36785	45964
36785	45967
36785	46758
36785	46759
36785	46751
36785	46746
36785	46752
36785	46810
36785	46809
36785	41476
36785	38124
36785	38067
36785	41479
36785	46690
36785	46664
36785	46666
36785	46663
36785	46364
36785	46670
36785	36862
36785	40797
36785	40284
36785	40376
36785	43409
36786	37182
36786	37183
36786	36726
36786	35720
36786	40551
36786	40743
36786	45898
36786	45948
36786	45952
36786	46087
36786	46041
36786	45968
36786	45964
36786	45967
36786	46758
36786	46759
36786	46751
36786	46746
36786	46752
36786	46810
36786	46809
36786	41476
36786	38124
36786	38067
36786	41479
36786	46690
36786	46664
36786	46666
36786	46663
36786	46364
36786	46670
36786	36862
36786	40797
36786	40284
36786	40376
36786	43409
37182	37183
37182	36726
37182	35720
37182	40551
37182	40743
37182	45898
37182	45948
37182	45952
37182	46087
37182	46041
37182	45968
37182	45964
37182	45967
37182	46758
37182	46759
37182	46751
37182	46746
37182	46752
37182	46810
37182	46809
37182	41476
37182	38124
37182	38067
37182	41479
37182	46690
37182	46664
37182	46666
37182	46663
37182	46364
37182	46670
37182	36862
37182	40797
37182	40284
37182	40376
37182	43409
37183	36726
37183	35720
37183	40551
37183	40743
37183	45898
37183	45948
37183	45952
37183	46087
37183	46041
37183	45968
37183	45964
37183	45967
37183	46758
37183	46759
37183	46751
37183	46746
37183	46752
37183	46810
37183	46809
37183	41476
37183	38124
37183	38067
37183	41479
37183	46690
37183	46664
37183	46666
37183	46663
37183	46364
37183	46670
37183	36862
37183	40797
37183	40284
37183	40376
37183	43409
36726	35720
36726	40551
36726	40743
36726	45898
36726	45948
36726	45952
36726	46087
36726	46041
36726	45968
36726	45964
36726	45967
36726	46758
36726	46759
36726	46751
36726	46746
36726	46752
36726	46810
36726	46809
36726	41476
36726	38124
36726	38067
36726	41479
36726	46690
36726	46664
36726	46666
36726	46663
36726	46364
36726	46670
36726	36862
36726	40797
36726	40284
36726	40376
36726	43409
35720	40551
35720	40743
35720	45898
35720	45948
35720	45952
35720	46087
35720	46041
35720	45968
35720	45964
35720	45967
35720	46758
35720	46759
35720	46751
35720	46746
35720	46752
35720	46810
35720	46809
35720	41476
35720	38124
35720	38067
35720	41479
35720	46690
35720	46664
35720	46666
35720	46663
35720	46364
35720	46670
35720	36862
35720	40797
35720	40284
35720	40376
35720	43409
40551	40743
40551	45898
40551	45948
40551	45952
40551	46087
40551	46041
40551	45968
40551	45964
40551	45967
40551	46758
40551	46759
40551	46751
40551	46746
40551	46752
40551	46810
40551	46809
40551	41476
40551	38124
40551	38067
40551	41479
40551	46690
40551	46664
40551	46666
40551	46663
40551	46364
40551	46670
40551	36862
40551	40797
40551	40284
40551	40376
40551	43409
40743	45898
40743	45948
40743	45952
40743	46087
40743	46041
40743	45968
40743	45964
40743	45967
40743	46758
40743	46759
40743	46751
40743	46746
40743	46752
40743	46810
40743	46809
40743	41476
40743	38124
40743	38067
40743	41479
40743	46690
40743	46664
40743	46666
40743	46663
40743	46364
40743	46670
40743	36862
40743	40797
40743	40284
40743	40376
40743	43409
45898	45948
45898	45952
45898	46087
45898	46041
45898	45968
45898	45964
45898	45967
45898	46758
45898	46759
45898	46751
45898	46746
45898	46752
45898	46810
45898	46809
45898	41476
45898	38124
45898	38067
45898	41479
45898	46690
45898	46664
45898	46666
45898	46663
45898	46364
45898	46670
45898	36862
45898	40797
45898	40284
45898	40376
45898	43409
45948	45952
45948	46087
45948	46041
45948	45968
45948	45964
45948	45967
45948	46758
45948	46759
45948	46751
45948	46746
45948	46752
45948	46810
45948	46809
45948	41476
45948	38124
45948	38067
45948	41479
45948	46690
45948	46664
45948	46666
45948	46663
45948	46364
45948	46670
45948	36862
45948	40797
45948	40284
45948	40376
45948	43409
45952	46087
45952	46041
45952	45968
45952	45964
45952	45967
45952	46758
45952	46759
45952	46751
45952	46746
45952	46752
45952	46810
45952	46809
45952	41476
45952	38124
45952	38067
45952	41479
45952	46690
45952	46664
45952	46666
45952	46663
45952	46364
45952	46670
45952	36862
45952	40797
45952	40284
45952	40376
45952	43409
46087	46041
46087	45968
46087	45964
46087	45967
46087	46758
46087	46759
46087	46751
46087	46746
46087	46752
46087	46810
46087	46809
46087	41476
46087	38124
46087	38067
46087	41479
46087	46690
46087	46664
46087	46666
46087	46663
46087	46364
46087	46670
46087	36862
46087	40797
46087	40284
46087	40376
46087	43409
46041	45968
46041	45964
46041	45967
46041	46758
46041	46759
46041	46751
46041	46746
46041	46752
46041	46810
46041	46809
46041	41476
46041	38124
46041	38067
46041	41479
46041	46690
46041	46664
46041	46666
46041	46663
46041	46364
46041	46670
46041	36862
46041	40797
46041	40284
46041	40376
46041	43409
45968	45964
45968	45967
45968	46758
45968	46759
45968	46751
45968	46746
45968	46752
45968	46810
45968	46809
45968	41476
45968	38124
45968	38067
45968	41479
45968	46690
45968	46664
45968	46666
45968	46663
45968	46364
45968	46670
45968	36862
45968	40797
45968	40284
45968	40376
45968	43409
45964	45967
45964	46758
45964	46759
45964	46751
45964	46746
45964	46752
45964	46810
45964	46809
45964	41476
45964	38124
45964	38067
45964	41479
45964	46690
45964	46664
45964	46666
45964	46663
45964	46364
45964	46670
45964	36862
45964	40797
45964	40284
45964	40376
45964	43409
45967	46758
45967	46759
45967	46751
45967	46746
45967	46752
45967	46810
45967	46809
45967	41476
45967	38124
45967	38067
45967	41479
45967	46690
45967	46664
45967	46666
45967	46663
45967	46364
45967	46670
45967	36862
45967	40797
45967	40284
45967	40376
45967	43409
46758	46759
46758	46751
46758	46746
46758	46752
46758	46810
46758	46809
46758	41476
46758	38124
46758	38067
46758	41479
46758	46690
46758	46664
46758	46666
46758	46663
46758	46364
46758	46670
46758	36862
46758	40797
46758	40284
46758	40376
46758	43409
46759	46751
46759	46746
46759	46752
46759	46810
46759	46809
46759	41476
46759	38124
46759	38067
46759	41479
46759	46690
46759	46664
46759	46666
46759	46663
46759	46364
46759	46670
46759	36862
46759	40797
46759	40284
46759	40376
46759	43409
46751	46746
46751	46752
46751	46810
46751	46809
46751	41476
46751	38124
46751	38067
46751	41479
46751	46690
46751	46664
46751	46666
46751	46663
46751	46364
46751	46670
46751	36862
46751	40797
46751	40284
46751	40376
46751	43409
46746	46752
46746	46810
46746	46809
46746	41476
46746	38124
46746	38067
46746	41479
46746	46690
46746	46664
46746	46666
46746	46663
46746	46364
46746	46670
46746	36862
46746	40797
46746	40284
46746	40376
46746	43409
46752	46810
46752	46809
46752	41476
46752	38124
46752	38067
46752	41479
46752	46690
46752	46664
46752	46666
46752	46663
46752	46364
46752	46670
46752	36862
46752	40797
46752	40284
46752	40376
46752	43409
46810	46809
46810	41476
46810	38124
46810	38067
46810	41479
46810	46690
46810	46664
46810	46666
46810	46663
46810	46364
46810	46670
46810	36862
46810	40797
46810	40284
46810	40376
46810	43409
46809	41476
46809	38124
46809	38067
46809	41479
46809	46690
46809	46664
46809	46666
46809	46663
46809	46364
46809	46670
46809	36862
46809	40797
46809	40284
46809	40376
46809	43409
41476	38124
41476	38067
41476	41479
41476	46690
41476	46664
41476	46666
41476	46663
41476	46364
41476	46670
41476	36862
41476	40797
41476	40284
41476	40376
41476	43409
38124	38067
38124	41479
38124	46690
38124	46664
38124	46666
38124	46663
38124	46364
38124	46670
38124	36862
38124	40797
38124	40284
38124	40376
38124	43409
38067	41479
38067	46690
38067	46664
38067	46666
38067	46663
38067	46364
38067	46670
38067	36862
38067	40797
38067	40284
38067	40376
38067	43409
41479	46690
41479	46664
41479	46666
41479	46663
41479	46364
41479	46670
41479	36862
41479	40797
41479	40284
41479	40376
41479	43409
46690	46664
46690	46666
46690	46663
46690	46364
46690	46670
46690	36862
46690	40797
46690	40284
46690	40376
46690	43409
46664	46666
46664	46663
46664	46364
46664	46670
46664	36862
46664	40797
46664	40284
46664	40376
46664	43409
46666	46663
46666	46364
46666	46670
46666	36862
46666	40797
46666	40284
46666	40376
46666	43409
46663	46364
46663	46670
46663	36862
46663	40797
46663	40284
46663	40376
46663	43409
46364	46670
46364	36862
46364	40797
46364	40284
46364	40376
46364	43409
46670	36862
46670	40797
46670	40284
46670	40376
46670	43409
36862	40797
36862	40284
36862	40376
36862	43409
40797	40284
40797	40376
40797	43409
40284	40376
40284	43409
40376	43409
