3828
144551	144794
144551	144791
144551	144792
144551	149951
144551	143942
144551	143951
144551	144159
144551	148550
144551	148554
144551	148564
144551	148516
144551	148794
144551	148775
144551	148768
144551	148767
144551	142096
144551	142106
144551	142637
144551	142649
144551	142673
144551	142683
144551	142688
144551	142097
144551	142133
144551	142134
144551	142138
144551	143492
144551	143874
144551	143501
144551	143855
144551	143834
144551	143828
144551	143826
144551	143742
144551	143734
144551	143732
144551	143703
144551	143735
144551	143738
144551	143741
144551	144858
144551	144773
144551	144769
144551	144758
144551	144567
144551	144713
144551	144561
144551	144728
144551	144859
144551	142687
144551	142804
144551	142807
144551	144910
144551	144911
144551	142867
144551	142814
144551	142855
144551	144855
144551	144856
144551	144857
144551	144831
144551	144826
144551	144797
144551	144800
144551	204715
144551	204840
144551	204540
144551	204708
144551	204442
144551	203825
144551	151535
144551	145966
144551	151508
144551	151506
144551	151505
144551	151396
144551	151382
144551	151347
144551	151345
144551	151343
144551	151331
144551	151330
144551	151383
144551	145347
144551	212686
144551	150377
144551	150382
144794	144791
144794	144792
144794	149951
144794	143942
144794	143951
144794	144159
144794	148550
144794	148554
144794	148564
144794	148516
144794	148794
144794	148775
144794	148768
144794	148767
144794	142096
144794	142106
144794	142637
144794	142649
144794	142673
144794	142683
144794	142688
144794	142097
144794	142133
144794	142134
144794	142138
144794	143492
144794	143874
144794	143501
144794	143855
144794	143834
144794	143828
144794	143826
144794	143742
144794	143734
144794	143732
144794	143703
144794	143735
144794	143738
144794	143741
144794	144858
144794	144773
144794	144769
144794	144758
144794	144567
144794	144713
144794	144561
144794	144728
144794	144859
144794	142687
144794	142804
144794	142807
144794	144910
144794	144911
144794	142867
144794	142814
144794	142855
144794	144855
144794	144856
144794	144857
144794	144831
144794	144826
144794	144797
144794	144800
144794	204715
144794	204840
144794	204540
144794	204708
144794	204442
144794	203825
144794	151535
144794	145966
144794	151508
144794	151506
144794	151505
144794	151396
144794	151382
144794	151347
144794	151345
144794	151343
144794	151331
144794	151330
144794	151383
144794	145347
144794	212686
144794	150377
144794	150382
144791	144792
144791	149951
144791	143942
144791	143951
144791	144159
144791	148550
144791	148554
144791	148564
144791	148516
144791	148794
144791	148775
144791	148768
144791	148767
144791	142096
144791	142106
144791	142637
144791	142649
144791	142673
144791	142683
144791	142688
144791	142097
144791	142133
144791	142134
144791	142138
144791	143492
144791	143874
144791	143501
144791	143855
144791	143834
144791	143828
144791	143826
144791	143742
144791	143734
144791	143732
144791	143703
144791	143735
144791	143738
144791	143741
144791	144858
144791	144773
144791	144769
144791	144758
144791	144567
144791	144713
144791	144561
144791	144728
144791	144859
144791	142687
144791	142804
144791	142807
144791	144910
144791	144911
144791	142867
144791	142814
144791	142855
144791	144855
144791	144856
144791	144857
144791	144831
144791	144826
144791	144797
144791	144800
144791	204715
144791	204840
144791	204540
144791	204708
144791	204442
144791	203825
144791	151535
144791	145966
144791	151508
144791	151506
144791	151505
144791	151396
144791	151382
144791	151347
144791	151345
144791	151343
144791	151331
144791	151330
144791	151383
144791	145347
144791	212686
144791	150377
144791	150382
144792	149951
144792	143942
144792	143951
144792	144159
144792	148550
144792	148554
144792	148564
144792	148516
144792	148794
144792	148775
144792	148768
144792	148767
144792	142096
144792	142106
144792	142637
144792	142649
144792	142673
144792	142683
144792	142688
144792	142097
144792	142133
144792	142134
144792	142138
144792	143492
144792	143874
144792	143501
144792	143855
144792	143834
144792	143828
144792	143826
144792	143742
144792	143734
144792	143732
144792	143703
144792	143735
144792	143738
144792	143741
144792	144858
144792	144773
144792	144769
144792	144758
144792	144567
144792	144713
144792	144561
144792	144728
144792	144859
144792	142687
144792	142804
144792	142807
144792	144910
144792	144911
144792	142867
144792	142814
144792	142855
144792	144855
144792	144856
144792	144857
144792	144831
144792	144826
144792	144797
144792	144800
144792	204715
144792	204840
144792	204540
144792	204708
144792	204442
144792	203825
144792	151535
144792	145966
144792	151508
144792	151506
144792	151505
144792	151396
144792	151382
144792	151347
144792	151345
144792	151343
144792	151331
144792	151330
144792	151383
144792	145347
144792	212686
144792	150377
144792	150382
149951	143942
149951	143951
149951	144159
149951	148550
149951	148554
149951	148564
149951	148516
149951	148794
149951	148775
149951	148768
149951	148767
149951	142096
149951	142106
149951	142637
149951	142649
149951	142673
149951	142683
149951	142688
149951	142097
149951	142133
149951	142134
149951	142138
149951	143492
149951	143874
149951	143501
149951	143855
149951	143834
149951	143828
149951	143826
149951	143742
149951	143734
149951	143732
149951	143703
149951	143735
149951	143738
149951	143741
149951	144858
149951	144773
149951	144769
149951	144758
149951	144567
149951	144713
149951	144561
149951	144728
149951	144859
149951	142687
149951	142804
149951	142807
149951	144910
149951	144911
149951	142867
149951	142814
149951	142855
149951	144855
149951	144856
149951	144857
149951	144831
149951	144826
149951	144797
149951	144800
149951	204715
149951	204840
149951	204540
149951	204708
149951	204442
149951	203825
149951	151535
149951	145966
149951	151508
149951	151506
149951	151505
149951	151396
149951	151382
149951	151347
149951	151345
149951	151343
149951	151331
149951	151330
149951	151383
149951	145347
149951	212686
149951	150377
149951	150382
143942	143951
143942	144159
143942	148550
143942	148554
143942	148564
143942	148516
143942	148794
143942	148775
143942	148768
143942	148767
143942	142096
143942	142106
143942	142637
143942	142649
143942	142673
143942	142683
143942	142688
143942	142097
143942	142133
143942	142134
143942	142138
143942	143492
143942	143874
143942	143501
143942	143855
143942	143834
143942	143828
143942	143826
143942	143742
143942	143734
143942	143732
143942	143703
143942	143735
143942	143738
143942	143741
143942	144858
143942	144773
143942	144769
143942	144758
143942	144567
143942	144713
143942	144561
143942	144728
143942	144859
143942	142687
143942	142804
143942	142807
143942	144910
143942	144911
143942	142867
143942	142814
143942	142855
143942	144855
143942	144856
143942	144857
143942	144831
143942	144826
143942	144797
143942	144800
143942	204715
143942	204840
143942	204540
143942	204708
143942	204442
143942	203825
143942	151535
143942	145966
143942	151508
143942	151506
143942	151505
143942	151396
143942	151382
143942	151347
143942	151345
143942	151343
143942	151331
143942	151330
143942	151383
143942	145347
143942	212686
143942	150377
143942	150382
143951	144159
143951	148550
143951	148554
143951	148564
143951	148516
143951	148794
143951	148775
143951	148768
143951	148767
143951	142096
143951	142106
143951	142637
143951	142649
143951	142673
143951	142683
143951	142688
143951	142097
143951	142133
143951	142134
143951	142138
143951	143492
143951	143874
143951	143501
143951	143855
143951	143834
143951	143828
143951	143826
143951	143742
143951	143734
143951	143732
143951	143703
143951	143735
143951	143738
143951	143741
143951	144858
143951	144773
143951	144769
143951	144758
143951	144567
143951	144713
143951	144561
143951	144728
143951	144859
143951	142687
143951	142804
143951	142807
143951	144910
143951	144911
143951	142867
143951	142814
143951	142855
143951	144855
143951	144856
143951	144857
143951	144831
143951	144826
143951	144797
143951	144800
143951	204715
143951	204840
143951	204540
143951	204708
143951	204442
143951	203825
143951	151535
143951	145966
143951	151508
143951	151506
143951	151505
143951	151396
143951	151382
143951	151347
143951	151345
143951	151343
143951	151331
143951	151330
143951	151383
143951	145347
143951	212686
143951	150377
143951	150382
144159	148550
144159	148554
144159	148564
144159	148516
144159	148794
144159	148775
144159	148768
144159	148767
144159	142096
144159	142106
144159	142637
144159	142649
144159	142673
144159	142683
144159	142688
144159	142097
144159	142133
144159	142134
144159	142138
144159	143492
144159	143874
144159	143501
144159	143855
144159	143834
144159	143828
144159	143826
144159	143742
144159	143734
144159	143732
144159	143703
144159	143735
144159	143738
144159	143741
144159	144858
144159	144773
144159	144769
144159	144758
144159	144567
144159	144713
144159	144561
144159	144728
144159	144859
144159	142687
144159	142804
144159	142807
144159	144910
144159	144911
144159	142867
144159	142814
144159	142855
144159	144855
144159	144856
144159	144857
144159	144831
144159	144826
144159	144797
144159	144800
144159	204715
144159	204840
144159	204540
144159	204708
144159	204442
144159	203825
144159	151535
144159	145966
144159	151508
144159	151506
144159	151505
144159	151396
144159	151382
144159	151347
144159	151345
144159	151343
144159	151331
144159	151330
144159	151383
144159	145347
144159	212686
144159	150377
144159	150382
148550	148554
148550	148564
148550	148516
148550	148794
148550	148775
148550	148768
148550	148767
148550	142096
148550	142106
148550	142637
148550	142649
148550	142673
148550	142683
148550	142688
148550	142097
148550	142133
148550	142134
148550	142138
148550	143492
148550	143874
148550	143501
148550	143855
148550	143834
148550	143828
148550	143826
148550	143742
148550	143734
148550	143732
148550	143703
148550	143735
148550	143738
148550	143741
148550	144858
148550	144773
148550	144769
148550	144758
148550	144567
148550	144713
148550	144561
148550	144728
148550	144859
148550	142687
148550	142804
148550	142807
148550	144910
148550	144911
148550	142867
148550	142814
148550	142855
148550	144855
148550	144856
148550	144857
148550	144831
148550	144826
148550	144797
148550	144800
148550	204715
148550	204840
148550	204540
148550	204708
148550	204442
148550	203825
148550	151535
148550	145966
148550	151508
148550	151506
148550	151505
148550	151396
148550	151382
148550	151347
148550	151345
148550	151343
148550	151331
148550	151330
148550	151383
148550	145347
148550	212686
148550	150377
148550	150382
148554	148564
148554	148516
148554	148794
148554	148775
148554	148768
148554	148767
148554	142096
148554	142106
148554	142637
148554	142649
148554	142673
148554	142683
148554	142688
148554	142097
148554	142133
148554	142134
148554	142138
148554	143492
148554	143874
148554	143501
148554	143855
148554	143834
148554	143828
148554	143826
148554	143742
148554	143734
148554	143732
148554	143703
148554	143735
148554	143738
148554	143741
148554	144858
148554	144773
148554	144769
148554	144758
148554	144567
148554	144713
148554	144561
148554	144728
148554	144859
148554	142687
148554	142804
148554	142807
148554	144910
148554	144911
148554	142867
148554	142814
148554	142855
148554	144855
148554	144856
148554	144857
148554	144831
148554	144826
148554	144797
148554	144800
148554	204715
148554	204840
148554	204540
148554	204708
148554	204442
148554	203825
148554	151535
148554	145966
148554	151508
148554	151506
148554	151505
148554	151396
148554	151382
148554	151347
148554	151345
148554	151343
148554	151331
148554	151330
148554	151383
148554	145347
148554	212686
148554	150377
148554	150382
148564	148516
148564	148794
148564	148775
148564	148768
148564	148767
148564	142096
148564	142106
148564	142637
148564	142649
148564	142673
148564	142683
148564	142688
148564	142097
148564	142133
148564	142134
148564	142138
148564	143492
148564	143874
148564	143501
148564	143855
148564	143834
148564	143828
148564	143826
148564	143742
148564	143734
148564	143732
148564	143703
148564	143735
148564	143738
148564	143741
148564	144858
148564	144773
148564	144769
148564	144758
148564	144567
148564	144713
148564	144561
148564	144728
148564	144859
148564	142687
148564	142804
148564	142807
148564	144910
148564	144911
148564	142867
148564	142814
148564	142855
148564	144855
148564	144856
148564	144857
148564	144831
148564	144826
148564	144797
148564	144800
148564	204715
148564	204840
148564	204540
148564	204708
148564	204442
148564	203825
148564	151535
148564	145966
148564	151508
148564	151506
148564	151505
148564	151396
148564	151382
148564	151347
148564	151345
148564	151343
148564	151331
148564	151330
148564	151383
148564	145347
148564	212686
148564	150377
148564	150382
148516	148794
148516	148775
148516	148768
148516	148767
148516	142096
148516	142106
148516	142637
148516	142649
148516	142673
148516	142683
148516	142688
148516	142097
148516	142133
148516	142134
148516	142138
148516	143492
148516	143874
148516	143501
148516	143855
148516	143834
148516	143828
148516	143826
148516	143742
148516	143734
148516	143732
148516	143703
148516	143735
148516	143738
148516	143741
148516	144858
148516	144773
148516	144769
148516	144758
148516	144567
148516	144713
148516	144561
148516	144728
148516	144859
148516	142687
148516	142804
148516	142807
148516	144910
148516	144911
148516	142867
148516	142814
148516	142855
148516	144855
148516	144856
148516	144857
148516	144831
148516	144826
148516	144797
148516	144800
148516	204715
148516	204840
148516	204540
148516	204708
148516	204442
148516	203825
148516	151535
148516	145966
148516	151508
148516	151506
148516	151505
148516	151396
148516	151382
148516	151347
148516	151345
148516	151343
148516	151331
148516	151330
148516	151383
148516	145347
148516	212686
148516	150377
148516	150382
148794	148775
148794	148768
148794	148767
148794	142096
148794	142106
148794	142637
148794	142649
148794	142673
148794	142683
148794	142688
148794	142097
148794	142133
148794	142134
148794	142138
148794	143492
148794	143874
148794	143501
148794	143855
148794	143834
148794	143828
148794	143826
148794	143742
148794	143734
148794	143732
148794	143703
148794	143735
148794	143738
148794	143741
148794	144858
148794	144773
148794	144769
148794	144758
148794	144567
148794	144713
148794	144561
148794	144728
148794	144859
148794	142687
148794	142804
148794	142807
148794	144910
148794	144911
148794	142867
148794	142814
148794	142855
148794	144855
148794	144856
148794	144857
148794	144831
148794	144826
148794	144797
148794	144800
148794	204715
148794	204840
148794	204540
148794	204708
148794	204442
148794	203825
148794	151535
148794	145966
148794	151508
148794	151506
148794	151505
148794	151396
148794	151382
148794	151347
148794	151345
148794	151343
148794	151331
148794	151330
148794	151383
148794	145347
148794	212686
148794	150377
148794	150382
148775	148768
148775	148767
148775	142096
148775	142106
148775	142637
148775	142649
148775	142673
148775	142683
148775	142688
148775	142097
148775	142133
148775	142134
148775	142138
148775	143492
148775	143874
148775	143501
148775	143855
148775	143834
148775	143828
148775	143826
148775	143742
148775	143734
148775	143732
148775	143703
148775	143735
148775	143738
148775	143741
148775	144858
148775	144773
148775	144769
148775	144758
148775	144567
148775	144713
148775	144561
148775	144728
148775	144859
148775	142687
148775	142804
148775	142807
148775	144910
148775	144911
148775	142867
148775	142814
148775	142855
148775	144855
148775	144856
148775	144857
148775	144831
148775	144826
148775	144797
148775	144800
148775	204715
148775	204840
148775	204540
148775	204708
148775	204442
148775	203825
148775	151535
148775	145966
148775	151508
148775	151506
148775	151505
148775	151396
148775	151382
148775	151347
148775	151345
148775	151343
148775	151331
148775	151330
148775	151383
148775	145347
148775	212686
148775	150377
148775	150382
148768	148767
148768	142096
148768	142106
148768	142637
148768	142649
148768	142673
148768	142683
148768	142688
148768	142097
148768	142133
148768	142134
148768	142138
148768	143492
148768	143874
148768	143501
148768	143855
148768	143834
148768	143828
148768	143826
148768	143742
148768	143734
148768	143732
148768	143703
148768	143735
148768	143738
148768	143741
148768	144858
148768	144773
148768	144769
148768	144758
148768	144567
148768	144713
148768	144561
148768	144728
148768	144859
148768	142687
148768	142804
148768	142807
148768	144910
148768	144911
148768	142867
148768	142814
148768	142855
148768	144855
148768	144856
148768	144857
148768	144831
148768	144826
148768	144797
148768	144800
148768	204715
148768	204840
148768	204540
148768	204708
148768	204442
148768	203825
148768	151535
148768	145966
148768	151508
148768	151506
148768	151505
148768	151396
148768	151382
148768	151347
148768	151345
148768	151343
148768	151331
148768	151330
148768	151383
148768	145347
148768	212686
148768	150377
148768	150382
148767	142096
148767	142106
148767	142637
148767	142649
148767	142673
148767	142683
148767	142688
148767	142097
148767	142133
148767	142134
148767	142138
148767	143492
148767	143874
148767	143501
148767	143855
148767	143834
148767	143828
148767	143826
148767	143742
148767	143734
148767	143732
148767	143703
148767	143735
148767	143738
148767	143741
148767	144858
148767	144773
148767	144769
148767	144758
148767	144567
148767	144713
148767	144561
148767	144728
148767	144859
148767	142687
148767	142804
148767	142807
148767	144910
148767	144911
148767	142867
148767	142814
148767	142855
148767	144855
148767	144856
148767	144857
148767	144831
148767	144826
148767	144797
148767	144800
148767	204715
148767	204840
148767	204540
148767	204708
148767	204442
148767	203825
148767	151535
148767	145966
148767	151508
148767	151506
148767	151505
148767	151396
148767	151382
148767	151347
148767	151345
148767	151343
148767	151331
148767	151330
148767	151383
148767	145347
148767	212686
148767	150377
148767	150382
142096	142106
142096	142637
142096	142649
142096	142673
142096	142683
142096	142688
142096	142097
142096	142133
142096	142134
142096	142138
142096	143492
142096	143874
142096	143501
142096	143855
142096	143834
142096	143828
142096	143826
142096	143742
142096	143734
142096	143732
142096	143703
142096	143735
142096	143738
142096	143741
142096	144858
142096	144773
142096	144769
142096	144758
142096	144567
142096	144713
142096	144561
142096	144728
142096	144859
142096	142687
142096	142804
142096	142807
142096	144910
142096	144911
142096	142867
142096	142814
142096	142855
142096	144855
142096	144856
142096	144857
142096	144831
142096	144826
142096	144797
142096	144800
142096	204715
142096	204840
142096	204540
142096	204708
142096	204442
142096	203825
142096	151535
142096	145966
142096	151508
142096	151506
142096	151505
142096	151396
142096	151382
142096	151347
142096	151345
142096	151343
142096	151331
142096	151330
142096	151383
142096	145347
142096	212686
142096	150377
142096	150382
142106	142637
142106	142649
142106	142673
142106	142683
142106	142688
142106	142097
142106	142133
142106	142134
142106	142138
142106	143492
142106	143874
142106	143501
142106	143855
142106	143834
142106	143828
142106	143826
142106	143742
142106	143734
142106	143732
142106	143703
142106	143735
142106	143738
142106	143741
142106	144858
142106	144773
142106	144769
142106	144758
142106	144567
142106	144713
142106	144561
142106	144728
142106	144859
142106	142687
142106	142804
142106	142807
142106	144910
142106	144911
142106	142867
142106	142814
142106	142855
142106	144855
142106	144856
142106	144857
142106	144831
142106	144826
142106	144797
142106	144800
142106	204715
142106	204840
142106	204540
142106	204708
142106	204442
142106	203825
142106	151535
142106	145966
142106	151508
142106	151506
142106	151505
142106	151396
142106	151382
142106	151347
142106	151345
142106	151343
142106	151331
142106	151330
142106	151383
142106	145347
142106	212686
142106	150377
142106	150382
142637	142649
142637	142673
142637	142683
142637	142688
142637	142097
142637	142133
142637	142134
142637	142138
142637	143492
142637	143874
142637	143501
142637	143855
142637	143834
142637	143828
142637	143826
142637	143742
142637	143734
142637	143732
142637	143703
142637	143735
142637	143738
142637	143741
142637	144858
142637	144773
142637	144769
142637	144758
142637	144567
142637	144713
142637	144561
142637	144728
142637	144859
142637	142687
142637	142804
142637	142807
142637	144910
142637	144911
142637	142867
142637	142814
142637	142855
142637	144855
142637	144856
142637	144857
142637	144831
142637	144826
142637	144797
142637	144800
142637	204715
142637	204840
142637	204540
142637	204708
142637	204442
142637	203825
142637	151535
142637	145966
142637	151508
142637	151506
142637	151505
142637	151396
142637	151382
142637	151347
142637	151345
142637	151343
142637	151331
142637	151330
142637	151383
142637	145347
142637	212686
142637	150377
142637	150382
142649	142673
142649	142683
142649	142688
142649	142097
142649	142133
142649	142134
142649	142138
142649	143492
142649	143874
142649	143501
142649	143855
142649	143834
142649	143828
142649	143826
142649	143742
142649	143734
142649	143732
142649	143703
142649	143735
142649	143738
142649	143741
142649	144858
142649	144773
142649	144769
142649	144758
142649	144567
142649	144713
142649	144561
142649	144728
142649	144859
142649	142687
142649	142804
142649	142807
142649	144910
142649	144911
142649	142867
142649	142814
142649	142855
142649	144855
142649	144856
142649	144857
142649	144831
142649	144826
142649	144797
142649	144800
142649	204715
142649	204840
142649	204540
142649	204708
142649	204442
142649	203825
142649	151535
142649	145966
142649	151508
142649	151506
142649	151505
142649	151396
142649	151382
142649	151347
142649	151345
142649	151343
142649	151331
142649	151330
142649	151383
142649	145347
142649	212686
142649	150377
142649	150382
142673	142683
142673	142688
142673	142097
142673	142133
142673	142134
142673	142138
142673	143492
142673	143874
142673	143501
142673	143855
142673	143834
142673	143828
142673	143826
142673	143742
142673	143734
142673	143732
142673	143703
142673	143735
142673	143738
142673	143741
142673	144858
142673	144773
142673	144769
142673	144758
142673	144567
142673	144713
142673	144561
142673	144728
142673	144859
142673	142687
142673	142804
142673	142807
142673	144910
142673	144911
142673	142867
142673	142814
142673	142855
142673	144855
142673	144856
142673	144857
142673	144831
142673	144826
142673	144797
142673	144800
142673	204715
142673	204840
142673	204540
142673	204708
142673	204442
142673	203825
142673	151535
142673	145966
142673	151508
142673	151506
142673	151505
142673	151396
142673	151382
142673	151347
142673	151345
142673	151343
142673	151331
142673	151330
142673	151383
142673	145347
142673	212686
142673	150377
142673	150382
142683	142688
142683	142097
142683	142133
142683	142134
142683	142138
142683	143492
142683	143874
142683	143501
142683	143855
142683	143834
142683	143828
142683	143826
142683	143742
142683	143734
142683	143732
142683	143703
142683	143735
142683	143738
142683	143741
142683	144858
142683	144773
142683	144769
142683	144758
142683	144567
142683	144713
142683	144561
142683	144728
142683	144859
142683	142687
142683	142804
142683	142807
142683	144910
142683	144911
142683	142867
142683	142814
142683	142855
142683	144855
142683	144856
142683	144857
142683	144831
142683	144826
142683	144797
142683	144800
142683	204715
142683	204840
142683	204540
142683	204708
142683	204442
142683	203825
142683	151535
142683	145966
142683	151508
142683	151506
142683	151505
142683	151396
142683	151382
142683	151347
142683	151345
142683	151343
142683	151331
142683	151330
142683	151383
142683	145347
142683	212686
142683	150377
142683	150382
142688	142097
142688	142133
142688	142134
142688	142138
142688	143492
142688	143874
142688	143501
142688	143855
142688	143834
142688	143828
142688	143826
142688	143742
142688	143734
142688	143732
142688	143703
142688	143735
142688	143738
142688	143741
142688	144858
142688	144773
142688	144769
142688	144758
142688	144567
142688	144713
142688	144561
142688	144728
142688	144859
142688	142687
142688	142804
142688	142807
142688	144910
142688	144911
142688	142867
142688	142814
142688	142855
142688	144855
142688	144856
142688	144857
142688	144831
142688	144826
142688	144797
142688	144800
142688	204715
142688	204840
142688	204540
142688	204708
142688	204442
142688	203825
142688	151535
142688	145966
142688	151508
142688	151506
142688	151505
142688	151396
142688	151382
142688	151347
142688	151345
142688	151343
142688	151331
142688	151330
142688	151383
142688	145347
142688	212686
142688	150377
142688	150382
142097	142133
142097	142134
142097	142138
142097	143492
142097	143874
142097	143501
142097	143855
142097	143834
142097	143828
142097	143826
142097	143742
142097	143734
142097	143732
142097	143703
142097	143735
142097	143738
142097	143741
142097	144858
142097	144773
142097	144769
142097	144758
142097	144567
142097	144713
142097	144561
142097	144728
142097	144859
142097	142687
142097	142804
142097	142807
142097	144910
142097	144911
142097	142867
142097	142814
142097	142855
142097	144855
142097	144856
142097	144857
142097	144831
142097	144826
142097	144797
142097	144800
142097	204715
142097	204840
142097	204540
142097	204708
142097	204442
142097	203825
142097	151535
142097	145966
142097	151508
142097	151506
142097	151505
142097	151396
142097	151382
142097	151347
142097	151345
142097	151343
142097	151331
142097	151330
142097	151383
142097	145347
142097	212686
142097	150377
142097	150382
142133	142134
142133	142138
142133	143492
142133	143874
142133	143501
142133	143855
142133	143834
142133	143828
142133	143826
142133	143742
142133	143734
142133	143732
142133	143703
142133	143735
142133	143738
142133	143741
142133	144858
142133	144773
142133	144769
142133	144758
142133	144567
142133	144713
142133	144561
142133	144728
142133	144859
142133	142687
142133	142804
142133	142807
142133	144910
142133	144911
142133	142867
142133	142814
142133	142855
142133	144855
142133	144856
142133	144857
142133	144831
142133	144826
142133	144797
142133	144800
142133	204715
142133	204840
142133	204540
142133	204708
142133	204442
142133	203825
142133	151535
142133	145966
142133	151508
142133	151506
142133	151505
142133	151396
142133	151382
142133	151347
142133	151345
142133	151343
142133	151331
142133	151330
142133	151383
142133	145347
142133	212686
142133	150377
142133	150382
142134	142138
142134	143492
142134	143874
142134	143501
142134	143855
142134	143834
142134	143828
142134	143826
142134	143742
142134	143734
142134	143732
142134	143703
142134	143735
142134	143738
142134	143741
142134	144858
142134	144773
142134	144769
142134	144758
142134	144567
142134	144713
142134	144561
142134	144728
142134	144859
142134	142687
142134	142804
142134	142807
142134	144910
142134	144911
142134	142867
142134	142814
142134	142855
142134	144855
142134	144856
142134	144857
142134	144831
142134	144826
142134	144797
142134	144800
142134	204715
142134	204840
142134	204540
142134	204708
142134	204442
142134	203825
142134	151535
142134	145966
142134	151508
142134	151506
142134	151505
142134	151396
142134	151382
142134	151347
142134	151345
142134	151343
142134	151331
142134	151330
142134	151383
142134	145347
142134	212686
142134	150377
142134	150382
142138	143492
142138	143874
142138	143501
142138	143855
142138	143834
142138	143828
142138	143826
142138	143742
142138	143734
142138	143732
142138	143703
142138	143735
142138	143738
142138	143741
142138	144858
142138	144773
142138	144769
142138	144758
142138	144567
142138	144713
142138	144561
142138	144728
142138	144859
142138	142687
142138	142804
142138	142807
142138	144910
142138	144911
142138	142867
142138	142814
142138	142855
142138	144855
142138	144856
142138	144857
142138	144831
142138	144826
142138	144797
142138	144800
142138	204715
142138	204840
142138	204540
142138	204708
142138	204442
142138	203825
142138	151535
142138	145966
142138	151508
142138	151506
142138	151505
142138	151396
142138	151382
142138	151347
142138	151345
142138	151343
142138	151331
142138	151330
142138	151383
142138	145347
142138	212686
142138	150377
142138	150382
143492	143874
143492	143501
143492	143855
143492	143834
143492	143828
143492	143826
143492	143742
143492	143734
143492	143732
143492	143703
143492	143735
143492	143738
143492	143741
143492	144858
143492	144773
143492	144769
143492	144758
143492	144567
143492	144713
143492	144561
143492	144728
143492	144859
143492	142687
143492	142804
143492	142807
143492	144910
143492	144911
143492	142867
143492	142814
143492	142855
143492	144855
143492	144856
143492	144857
143492	144831
143492	144826
143492	144797
143492	144800
143492	204715
143492	204840
143492	204540
143492	204708
143492	204442
143492	203825
143492	151535
143492	145966
143492	151508
143492	151506
143492	151505
143492	151396
143492	151382
143492	151347
143492	151345
143492	151343
143492	151331
143492	151330
143492	151383
143492	145347
143492	212686
143492	150377
143492	150382
143874	143501
143874	143855
143874	143834
143874	143828
143874	143826
143874	143742
143874	143734
143874	143732
143874	143703
143874	143735
143874	143738
143874	143741
143874	144858
143874	144773
143874	144769
143874	144758
143874	144567
143874	144713
143874	144561
143874	144728
143874	144859
143874	142687
143874	142804
143874	142807
143874	144910
143874	144911
143874	142867
143874	142814
143874	142855
143874	144855
143874	144856
143874	144857
143874	144831
143874	144826
143874	144797
143874	144800
143874	204715
143874	204840
143874	204540
143874	204708
143874	204442
143874	203825
143874	151535
143874	145966
143874	151508
143874	151506
143874	151505
143874	151396
143874	151382
143874	151347
143874	151345
143874	151343
143874	151331
143874	151330
143874	151383
143874	145347
143874	212686
143874	150377
143874	150382
143501	143855
143501	143834
143501	143828
143501	143826
143501	143742
143501	143734
143501	143732
143501	143703
143501	143735
143501	143738
143501	143741
143501	144858
143501	144773
143501	144769
143501	144758
143501	144567
143501	144713
143501	144561
143501	144728
143501	144859
143501	142687
143501	142804
143501	142807
143501	144910
143501	144911
143501	142867
143501	142814
143501	142855
143501	144855
143501	144856
143501	144857
143501	144831
143501	144826
143501	144797
143501	144800
143501	204715
143501	204840
143501	204540
143501	204708
143501	204442
143501	203825
143501	151535
143501	145966
143501	151508
143501	151506
143501	151505
143501	151396
143501	151382
143501	151347
143501	151345
143501	151343
143501	151331
143501	151330
143501	151383
143501	145347
143501	212686
143501	150377
143501	150382
143855	143834
143855	143828
143855	143826
143855	143742
143855	143734
143855	143732
143855	143703
143855	143735
143855	143738
143855	143741
143855	144858
143855	144773
143855	144769
143855	144758
143855	144567
143855	144713
143855	144561
143855	144728
143855	144859
143855	142687
143855	142804
143855	142807
143855	144910
143855	144911
143855	142867
143855	142814
143855	142855
143855	144855
143855	144856
143855	144857
143855	144831
143855	144826
143855	144797
143855	144800
143855	204715
143855	204840
143855	204540
143855	204708
143855	204442
143855	203825
143855	151535
143855	145966
143855	151508
143855	151506
143855	151505
143855	151396
143855	151382
143855	151347
143855	151345
143855	151343
143855	151331
143855	151330
143855	151383
143855	145347
143855	212686
143855	150377
143855	150382
143834	143828
143834	143826
143834	143742
143834	143734
143834	143732
143834	143703
143834	143735
143834	143738
143834	143741
143834	144858
143834	144773
143834	144769
143834	144758
143834	144567
143834	144713
143834	144561
143834	144728
143834	144859
143834	142687
143834	142804
143834	142807
143834	144910
143834	144911
143834	142867
143834	142814
143834	142855
143834	144855
143834	144856
143834	144857
143834	144831
143834	144826
143834	144797
143834	144800
143834	204715
143834	204840
143834	204540
143834	204708
143834	204442
143834	203825
143834	151535
143834	145966
143834	151508
143834	151506
143834	151505
143834	151396
143834	151382
143834	151347
143834	151345
143834	151343
143834	151331
143834	151330
143834	151383
143834	145347
143834	212686
143834	150377
143834	150382
143828	143826
143828	143742
143828	143734
143828	143732
143828	143703
143828	143735
143828	143738
143828	143741
143828	144858
143828	144773
143828	144769
143828	144758
143828	144567
143828	144713
143828	144561
143828	144728
143828	144859
143828	142687
143828	142804
143828	142807
143828	144910
143828	144911
143828	142867
143828	142814
143828	142855
143828	144855
143828	144856
143828	144857
143828	144831
143828	144826
143828	144797
143828	144800
143828	204715
143828	204840
143828	204540
143828	204708
143828	204442
143828	203825
143828	151535
143828	145966
143828	151508
143828	151506
143828	151505
143828	151396
143828	151382
143828	151347
143828	151345
143828	151343
143828	151331
143828	151330
143828	151383
143828	145347
143828	212686
143828	150377
143828	150382
143826	143742
143826	143734
143826	143732
143826	143703
143826	143735
143826	143738
143826	143741
143826	144858
143826	144773
143826	144769
143826	144758
143826	144567
143826	144713
143826	144561
143826	144728
143826	144859
143826	142687
143826	142804
143826	142807
143826	144910
143826	144911
143826	142867
143826	142814
143826	142855
143826	144855
143826	144856
143826	144857
143826	144831
143826	144826
143826	144797
143826	144800
143826	204715
143826	204840
143826	204540
143826	204708
143826	204442
143826	203825
143826	151535
143826	145966
143826	151508
143826	151506
143826	151505
143826	151396
143826	151382
143826	151347
143826	151345
143826	151343
143826	151331
143826	151330
143826	151383
143826	145347
143826	212686
143826	150377
143826	150382
143742	143734
143742	143732
143742	143703
143742	143735
143742	143738
143742	143741
143742	144858
143742	144773
143742	144769
143742	144758
143742	144567
143742	144713
143742	144561
143742	144728
143742	144859
143742	142687
143742	142804
143742	142807
143742	144910
143742	144911
143742	142867
143742	142814
143742	142855
143742	144855
143742	144856
143742	144857
143742	144831
143742	144826
143742	144797
143742	144800
143742	204715
143742	204840
143742	204540
143742	204708
143742	204442
143742	203825
143742	151535
143742	145966
143742	151508
143742	151506
143742	151505
143742	151396
143742	151382
143742	151347
143742	151345
143742	151343
143742	151331
143742	151330
143742	151383
143742	145347
143742	212686
143742	150377
143742	150382
143734	143732
143734	143703
143734	143735
143734	143738
143734	143741
143734	144858
143734	144773
143734	144769
143734	144758
143734	144567
143734	144713
143734	144561
143734	144728
143734	144859
143734	142687
143734	142804
143734	142807
143734	144910
143734	144911
143734	142867
143734	142814
143734	142855
143734	144855
143734	144856
143734	144857
143734	144831
143734	144826
143734	144797
143734	144800
143734	204715
143734	204840
143734	204540
143734	204708
143734	204442
143734	203825
143734	151535
143734	145966
143734	151508
143734	151506
143734	151505
143734	151396
143734	151382
143734	151347
143734	151345
143734	151343
143734	151331
143734	151330
143734	151383
143734	145347
143734	212686
143734	150377
143734	150382
143732	143703
143732	143735
143732	143738
143732	143741
143732	144858
143732	144773
143732	144769
143732	144758
143732	144567
143732	144713
143732	144561
143732	144728
143732	144859
143732	142687
143732	142804
143732	142807
143732	144910
143732	144911
143732	142867
143732	142814
143732	142855
143732	144855
143732	144856
143732	144857
143732	144831
143732	144826
143732	144797
143732	144800
143732	204715
143732	204840
143732	204540
143732	204708
143732	204442
143732	203825
143732	151535
143732	145966
143732	151508
143732	151506
143732	151505
143732	151396
143732	151382
143732	151347
143732	151345
143732	151343
143732	151331
143732	151330
143732	151383
143732	145347
143732	212686
143732	150377
143732	150382
143703	143735
143703	143738
143703	143741
143703	144858
143703	144773
143703	144769
143703	144758
143703	144567
143703	144713
143703	144561
143703	144728
143703	144859
143703	142687
143703	142804
143703	142807
143703	144910
143703	144911
143703	142867
143703	142814
143703	142855
143703	144855
143703	144856
143703	144857
143703	144831
143703	144826
143703	144797
143703	144800
143703	204715
143703	204840
143703	204540
143703	204708
143703	204442
143703	203825
143703	151535
143703	145966
143703	151508
143703	151506
143703	151505
143703	151396
143703	151382
143703	151347
143703	151345
143703	151343
143703	151331
143703	151330
143703	151383
143703	145347
143703	212686
143703	150377
143703	150382
143735	143738
143735	143741
143735	144858
143735	144773
143735	144769
143735	144758
143735	144567
143735	144713
143735	144561
143735	144728
143735	144859
143735	142687
143735	142804
143735	142807
143735	144910
143735	144911
143735	142867
143735	142814
143735	142855
143735	144855
143735	144856
143735	144857
143735	144831
143735	144826
143735	144797
143735	144800
143735	204715
143735	204840
143735	204540
143735	204708
143735	204442
143735	203825
143735	151535
143735	145966
143735	151508
143735	151506
143735	151505
143735	151396
143735	151382
143735	151347
143735	151345
143735	151343
143735	151331
143735	151330
143735	151383
143735	145347
143735	212686
143735	150377
143735	150382
143738	143741
143738	144858
143738	144773
143738	144769
143738	144758
143738	144567
143738	144713
143738	144561
143738	144728
143738	144859
143738	142687
143738	142804
143738	142807
143738	144910
143738	144911
143738	142867
143738	142814
143738	142855
143738	144855
143738	144856
143738	144857
143738	144831
143738	144826
143738	144797
143738	144800
143738	204715
143738	204840
143738	204540
143738	204708
143738	204442
143738	203825
143738	151535
143738	145966
143738	151508
143738	151506
143738	151505
143738	151396
143738	151382
143738	151347
143738	151345
143738	151343
143738	151331
143738	151330
143738	151383
143738	145347
143738	212686
143738	150377
143738	150382
143741	144858
143741	144773
143741	144769
143741	144758
143741	144567
143741	144713
143741	144561
143741	144728
143741	144859
143741	142687
143741	142804
143741	142807
143741	144910
143741	144911
143741	142867
143741	142814
143741	142855
143741	144855
143741	144856
143741	144857
143741	144831
143741	144826
143741	144797
143741	144800
143741	204715
143741	204840
143741	204540
143741	204708
143741	204442
143741	203825
143741	151535
143741	145966
143741	151508
143741	151506
143741	151505
143741	151396
143741	151382
143741	151347
143741	151345
143741	151343
143741	151331
143741	151330
143741	151383
143741	145347
143741	212686
143741	150377
143741	150382
144858	144773
144858	144769
144858	144758
144858	144567
144858	144713
144858	144561
144858	144728
144858	144859
144858	142687
144858	142804
144858	142807
144858	144910
144858	144911
144858	142867
144858	142814
144858	142855
144858	144855
144858	144856
144858	144857
144858	144831
144858	144826
144858	144797
144858	144800
144858	204715
144858	204840
144858	204540
144858	204708
144858	204442
144858	203825
144858	151535
144858	145966
144858	151508
144858	151506
144858	151505
144858	151396
144858	151382
144858	151347
144858	151345
144858	151343
144858	151331
144858	151330
144858	151383
144858	145347
144858	212686
144858	150377
144858	150382
144773	144769
144773	144758
144773	144567
144773	144713
144773	144561
144773	144728
144773	144859
144773	142687
144773	142804
144773	142807
144773	144910
144773	144911
144773	142867
144773	142814
144773	142855
144773	144855
144773	144856
144773	144857
144773	144831
144773	144826
144773	144797
144773	144800
144773	204715
144773	204840
144773	204540
144773	204708
144773	204442
144773	203825
144773	151535
144773	145966
144773	151508
144773	151506
144773	151505
144773	151396
144773	151382
144773	151347
144773	151345
144773	151343
144773	151331
144773	151330
144773	151383
144773	145347
144773	212686
144773	150377
144773	150382
144769	144758
144769	144567
144769	144713
144769	144561
144769	144728
144769	144859
144769	142687
144769	142804
144769	142807
144769	144910
144769	144911
144769	142867
144769	142814
144769	142855
144769	144855
144769	144856
144769	144857
144769	144831
144769	144826
144769	144797
144769	144800
144769	204715
144769	204840
144769	204540
144769	204708
144769	204442
144769	203825
144769	151535
144769	145966
144769	151508
144769	151506
144769	151505
144769	151396
144769	151382
144769	151347
144769	151345
144769	151343
144769	151331
144769	151330
144769	151383
144769	145347
144769	212686
144769	150377
144769	150382
144758	144567
144758	144713
144758	144561
144758	144728
144758	144859
144758	142687
144758	142804
144758	142807
144758	144910
144758	144911
144758	142867
144758	142814
144758	142855
144758	144855
144758	144856
144758	144857
144758	144831
144758	144826
144758	144797
144758	144800
144758	204715
144758	204840
144758	204540
144758	204708
144758	204442
144758	203825
144758	151535
144758	145966
144758	151508
144758	151506
144758	151505
144758	151396
144758	151382
144758	151347
144758	151345
144758	151343
144758	151331
144758	151330
144758	151383
144758	145347
144758	212686
144758	150377
144758	150382
144567	144713
144567	144561
144567	144728
144567	144859
144567	142687
144567	142804
144567	142807
144567	144910
144567	144911
144567	142867
144567	142814
144567	142855
144567	144855
144567	144856
144567	144857
144567	144831
144567	144826
144567	144797
144567	144800
144567	204715
144567	204840
144567	204540
144567	204708
144567	204442
144567	203825
144567	151535
144567	145966
144567	151508
144567	151506
144567	151505
144567	151396
144567	151382
144567	151347
144567	151345
144567	151343
144567	151331
144567	151330
144567	151383
144567	145347
144567	212686
144567	150377
144567	150382
144713	144561
144713	144728
144713	144859
144713	142687
144713	142804
144713	142807
144713	144910
144713	144911
144713	142867
144713	142814
144713	142855
144713	144855
144713	144856
144713	144857
144713	144831
144713	144826
144713	144797
144713	144800
144713	204715
144713	204840
144713	204540
144713	204708
144713	204442
144713	203825
144713	151535
144713	145966
144713	151508
144713	151506
144713	151505
144713	151396
144713	151382
144713	151347
144713	151345
144713	151343
144713	151331
144713	151330
144713	151383
144713	145347
144713	212686
144713	150377
144713	150382
144561	144728
144561	144859
144561	142687
144561	142804
144561	142807
144561	144910
144561	144911
144561	142867
144561	142814
144561	142855
144561	144855
144561	144856
144561	144857
144561	144831
144561	144826
144561	144797
144561	144800
144561	204715
144561	204840
144561	204540
144561	204708
144561	204442
144561	203825
144561	151535
144561	145966
144561	151508
144561	151506
144561	151505
144561	151396
144561	151382
144561	151347
144561	151345
144561	151343
144561	151331
144561	151330
144561	151383
144561	145347
144561	212686
144561	150377
144561	150382
144728	144859
144728	142687
144728	142804
144728	142807
144728	144910
144728	144911
144728	142867
144728	142814
144728	142855
144728	144855
144728	144856
144728	144857
144728	144831
144728	144826
144728	144797
144728	144800
144728	204715
144728	204840
144728	204540
144728	204708
144728	204442
144728	203825
144728	151535
144728	145966
144728	151508
144728	151506
144728	151505
144728	151396
144728	151382
144728	151347
144728	151345
144728	151343
144728	151331
144728	151330
144728	151383
144728	145347
144728	212686
144728	150377
144728	150382
144859	142687
144859	142804
144859	142807
144859	144910
144859	144911
144859	142867
144859	142814
144859	142855
144859	144855
144859	144856
144859	144857
144859	144831
144859	144826
144859	144797
144859	144800
144859	204715
144859	204840
144859	204540
144859	204708
144859	204442
144859	203825
144859	151535
144859	145966
144859	151508
144859	151506
144859	151505
144859	151396
144859	151382
144859	151347
144859	151345
144859	151343
144859	151331
144859	151330
144859	151383
144859	145347
144859	212686
144859	150377
144859	150382
142687	142804
142687	142807
142687	144910
142687	144911
142687	142867
142687	142814
142687	142855
142687	144855
142687	144856
142687	144857
142687	144831
142687	144826
142687	144797
142687	144800
142687	204715
142687	204840
142687	204540
142687	204708
142687	204442
142687	203825
142687	151535
142687	145966
142687	151508
142687	151506
142687	151505
142687	151396
142687	151382
142687	151347
142687	151345
142687	151343
142687	151331
142687	151330
142687	151383
142687	145347
142687	212686
142687	150377
142687	150382
142804	142807
142804	144910
142804	144911
142804	142867
142804	142814
142804	142855
142804	144855
142804	144856
142804	144857
142804	144831
142804	144826
142804	144797
142804	144800
142804	204715
142804	204840
142804	204540
142804	204708
142804	204442
142804	203825
142804	151535
142804	145966
142804	151508
142804	151506
142804	151505
142804	151396
142804	151382
142804	151347
142804	151345
142804	151343
142804	151331
142804	151330
142804	151383
142804	145347
142804	212686
142804	150377
142804	150382
142807	144910
142807	144911
142807	142867
142807	142814
142807	142855
142807	144855
142807	144856
142807	144857
142807	144831
142807	144826
142807	144797
142807	144800
142807	204715
142807	204840
142807	204540
142807	204708
142807	204442
142807	203825
142807	151535
142807	145966
142807	151508
142807	151506
142807	151505
142807	151396
142807	151382
142807	151347
142807	151345
142807	151343
142807	151331
142807	151330
142807	151383
142807	145347
142807	212686
142807	150377
142807	150382
144910	144911
144910	142867
144910	142814
144910	142855
144910	144855
144910	144856
144910	144857
144910	144831
144910	144826
144910	144797
144910	144800
144910	204715
144910	204840
144910	204540
144910	204708
144910	204442
144910	203825
144910	151535
144910	145966
144910	151508
144910	151506
144910	151505
144910	151396
144910	151382
144910	151347
144910	151345
144910	151343
144910	151331
144910	151330
144910	151383
144910	145347
144910	212686
144910	150377
144910	150382
144911	142867
144911	142814
144911	142855
144911	144855
144911	144856
144911	144857
144911	144831
144911	144826
144911	144797
144911	144800
144911	204715
144911	204840
144911	204540
144911	204708
144911	204442
144911	203825
144911	151535
144911	145966
144911	151508
144911	151506
144911	151505
144911	151396
144911	151382
144911	151347
144911	151345
144911	151343
144911	151331
144911	151330
144911	151383
144911	145347
144911	212686
144911	150377
144911	150382
142867	142814
142867	142855
142867	144855
142867	144856
142867	144857
142867	144831
142867	144826
142867	144797
142867	144800
142867	204715
142867	204840
142867	204540
142867	204708
142867	204442
142867	203825
142867	151535
142867	145966
142867	151508
142867	151506
142867	151505
142867	151396
142867	151382
142867	151347
142867	151345
142867	151343
142867	151331
142867	151330
142867	151383
142867	145347
142867	212686
142867	150377
142867	150382
142814	142855
142814	144855
142814	144856
142814	144857
142814	144831
142814	144826
142814	144797
142814	144800
142814	204715
142814	204840
142814	204540
142814	204708
142814	204442
142814	203825
142814	151535
142814	145966
142814	151508
142814	151506
142814	151505
142814	151396
142814	151382
142814	151347
142814	151345
142814	151343
142814	151331
142814	151330
142814	151383
142814	145347
142814	212686
142814	150377
142814	150382
142855	144855
142855	144856
142855	144857
142855	144831
142855	144826
142855	144797
142855	144800
142855	204715
142855	204840
142855	204540
142855	204708
142855	204442
142855	203825
142855	151535
142855	145966
142855	151508
142855	151506
142855	151505
142855	151396
142855	151382
142855	151347
142855	151345
142855	151343
142855	151331
142855	151330
142855	151383
142855	145347
142855	212686
142855	150377
142855	150382
144855	144856
144855	144857
144855	144831
144855	144826
144855	144797
144855	144800
144855	204715
144855	204840
144855	204540
144855	204708
144855	204442
144855	203825
144855	151535
144855	145966
144855	151508
144855	151506
144855	151505
144855	151396
144855	151382
144855	151347
144855	151345
144855	151343
144855	151331
144855	151330
144855	151383
144855	145347
144855	212686
144855	150377
144855	150382
144856	144857
144856	144831
144856	144826
144856	144797
144856	144800
144856	204715
144856	204840
144856	204540
144856	204708
144856	204442
144856	203825
144856	151535
144856	145966
144856	151508
144856	151506
144856	151505
144856	151396
144856	151382
144856	151347
144856	151345
144856	151343
144856	151331
144856	151330
144856	151383
144856	145347
144856	212686
144856	150377
144856	150382
144857	144831
144857	144826
144857	144797
144857	144800
144857	204715
144857	204840
144857	204540
144857	204708
144857	204442
144857	203825
144857	151535
144857	145966
144857	151508
144857	151506
144857	151505
144857	151396
144857	151382
144857	151347
144857	151345
144857	151343
144857	151331
144857	151330
144857	151383
144857	145347
144857	212686
144857	150377
144857	150382
144831	144826
144831	144797
144831	144800
144831	204715
144831	204840
144831	204540
144831	204708
144831	204442
144831	203825
144831	151535
144831	145966
144831	151508
144831	151506
144831	151505
144831	151396
144831	151382
144831	151347
144831	151345
144831	151343
144831	151331
144831	151330
144831	151383
144831	145347
144831	212686
144831	150377
144831	150382
144826	144797
144826	144800
144826	204715
144826	204840
144826	204540
144826	204708
144826	204442
144826	203825
144826	151535
144826	145966
144826	151508
144826	151506
144826	151505
144826	151396
144826	151382
144826	151347
144826	151345
144826	151343
144826	151331
144826	151330
144826	151383
144826	145347
144826	212686
144826	150377
144826	150382
144797	144800
144797	204715
144797	204840
144797	204540
144797	204708
144797	204442
144797	203825
144797	151535
144797	145966
144797	151508
144797	151506
144797	151505
144797	151396
144797	151382
144797	151347
144797	151345
144797	151343
144797	151331
144797	151330
144797	151383
144797	145347
144797	212686
144797	150377
144797	150382
144800	204715
144800	204840
144800	204540
144800	204708
144800	204442
144800	203825
144800	151535
144800	145966
144800	151508
144800	151506
144800	151505
144800	151396
144800	151382
144800	151347
144800	151345
144800	151343
144800	151331
144800	151330
144800	151383
144800	145347
144800	212686
144800	150377
144800	150382
204715	204840
204715	204540
204715	204708
204715	204442
204715	203825
204715	151535
204715	145966
204715	151508
204715	151506
204715	151505
204715	151396
204715	151382
204715	151347
204715	151345
204715	151343
204715	151331
204715	151330
204715	151383
204715	145347
204715	212686
204715	150377
204715	150382
204840	204540
204840	204708
204840	204442
204840	203825
204840	151535
204840	145966
204840	151508
204840	151506
204840	151505
204840	151396
204840	151382
204840	151347
204840	151345
204840	151343
204840	151331
204840	151330
204840	151383
204840	145347
204840	212686
204840	150377
204840	150382
204540	204708
204540	204442
204540	203825
204540	151535
204540	145966
204540	151508
204540	151506
204540	151505
204540	151396
204540	151382
204540	151347
204540	151345
204540	151343
204540	151331
204540	151330
204540	151383
204540	145347
204540	212686
204540	150377
204540	150382
204708	204442
204708	203825
204708	151535
204708	145966
204708	151508
204708	151506
204708	151505
204708	151396
204708	151382
204708	151347
204708	151345
204708	151343
204708	151331
204708	151330
204708	151383
204708	145347
204708	212686
204708	150377
204708	150382
204442	203825
204442	151535
204442	145966
204442	151508
204442	151506
204442	151505
204442	151396
204442	151382
204442	151347
204442	151345
204442	151343
204442	151331
204442	151330
204442	151383
204442	145347
204442	212686
204442	150377
204442	150382
203825	151535
203825	145966
203825	151508
203825	151506
203825	151505
203825	151396
203825	151382
203825	151347
203825	151345
203825	151343
203825	151331
203825	151330
203825	151383
203825	145347
203825	212686
203825	150377
203825	150382
151535	145966
151535	151508
151535	151506
151535	151505
151535	151396
151535	151382
151535	151347
151535	151345
151535	151343
151535	151331
151535	151330
151535	151383
151535	145347
151535	212686
151535	150377
151535	150382
145966	151508
145966	151506
145966	151505
145966	151396
145966	151382
145966	151347
145966	151345
145966	151343
145966	151331
145966	151330
145966	151383
145966	145347
145966	212686
145966	150377
145966	150382
151508	151506
151508	151505
151508	151396
151508	151382
151508	151347
151508	151345
151508	151343
151508	151331
151508	151330
151508	151383
151508	145347
151508	212686
151508	150377
151508	150382
151506	151505
151506	151396
151506	151382
151506	151347
151506	151345
151506	151343
151506	151331
151506	151330
151506	151383
151506	145347
151506	212686
151506	150377
151506	150382
151505	151396
151505	151382
151505	151347
151505	151345
151505	151343
151505	151331
151505	151330
151505	151383
151505	145347
151505	212686
151505	150377
151505	150382
151396	151382
151396	151347
151396	151345
151396	151343
151396	151331
151396	151330
151396	151383
151396	145347
151396	212686
151396	150377
151396	150382
151382	151347
151382	151345
151382	151343
151382	151331
151382	151330
151382	151383
151382	145347
151382	212686
151382	150377
151382	150382
151347	151345
151347	151343
151347	151331
151347	151330
151347	151383
151347	145347
151347	212686
151347	150377
151347	150382
151345	151343
151345	151331
151345	151330
151345	151383
151345	145347
151345	212686
151345	150377
151345	150382
151343	151331
151343	151330
151343	151383
151343	145347
151343	212686
151343	150377
151343	150382
151331	151330
151331	151383
151331	145347
151331	212686
151331	150377
151331	150382
151330	151383
151330	145347
151330	212686
151330	150377
151330	150382
151383	145347
151383	212686
151383	150377
151383	150382
145347	212686
145347	150377
145347	150382
212686	150377
212686	150382
150377	150382
