1711
152260	152306
152260	152897
152260	152308
152260	152895
152260	153103
152260	159152
152260	154233
152260	155458
152260	152142
152260	154039
152260	167276
152260	162525
152260	152592
152260	168496
152260	167260
152260	168531
152260	168533
152260	153146
152260	153407
152260	153482
152260	153393
152260	168459
152260	152545
152260	152543
152260	152546
152260	152549
152260	152593
152260	152578
152260	152204
152260	185094
152260	166872
152260	185161
152260	185162
152260	152207
152260	167146
152260	167139
152260	160139
152260	166983
152260	166861
152260	166316
152260	160140
152260	166339
152260	157627
152260	157690
152260	157072
152260	154284
152260	154280
152260	154237
152260	153997
152260	159188
152260	162467
152260	152115
152260	168476
152260	168475
152260	152194
152260	152910
152260	155725
152260	153133
152306	152897
152306	152308
152306	152895
152306	153103
152306	159152
152306	154233
152306	155458
152306	152142
152306	154039
152306	167276
152306	162525
152306	152592
152306	168496
152306	167260
152306	168531
152306	168533
152306	153146
152306	153407
152306	153482
152306	153393
152306	168459
152306	152545
152306	152543
152306	152546
152306	152549
152306	152593
152306	152578
152306	152204
152306	185094
152306	166872
152306	185161
152306	185162
152306	152207
152306	167146
152306	167139
152306	160139
152306	166983
152306	166861
152306	166316
152306	160140
152306	166339
152306	157627
152306	157690
152306	157072
152306	154284
152306	154280
152306	154237
152306	153997
152306	159188
152306	162467
152306	152115
152306	168476
152306	168475
152306	152194
152306	152910
152306	155725
152306	153133
152897	152308
152897	152895
152897	153103
152897	159152
152897	154233
152897	155458
152897	152142
152897	154039
152897	167276
152897	162525
152897	152592
152897	168496
152897	167260
152897	168531
152897	168533
152897	153146
152897	153407
152897	153482
152897	153393
152897	168459
152897	152545
152897	152543
152897	152546
152897	152549
152897	152593
152897	152578
152897	152204
152897	185094
152897	166872
152897	185161
152897	185162
152897	152207
152897	167146
152897	167139
152897	160139
152897	166983
152897	166861
152897	166316
152897	160140
152897	166339
152897	157627
152897	157690
152897	157072
152897	154284
152897	154280
152897	154237
152897	153997
152897	159188
152897	162467
152897	152115
152897	168476
152897	168475
152897	152194
152897	152910
152897	155725
152897	153133
152308	152895
152308	153103
152308	159152
152308	154233
152308	155458
152308	152142
152308	154039
152308	167276
152308	162525
152308	152592
152308	168496
152308	167260
152308	168531
152308	168533
152308	153146
152308	153407
152308	153482
152308	153393
152308	168459
152308	152545
152308	152543
152308	152546
152308	152549
152308	152593
152308	152578
152308	152204
152308	185094
152308	166872
152308	185161
152308	185162
152308	152207
152308	167146
152308	167139
152308	160139
152308	166983
152308	166861
152308	166316
152308	160140
152308	166339
152308	157627
152308	157690
152308	157072
152308	154284
152308	154280
152308	154237
152308	153997
152308	159188
152308	162467
152308	152115
152308	168476
152308	168475
152308	152194
152308	152910
152308	155725
152308	153133
152895	153103
152895	159152
152895	154233
152895	155458
152895	152142
152895	154039
152895	167276
152895	162525
152895	152592
152895	168496
152895	167260
152895	168531
152895	168533
152895	153146
152895	153407
152895	153482
152895	153393
152895	168459
152895	152545
152895	152543
152895	152546
152895	152549
152895	152593
152895	152578
152895	152204
152895	185094
152895	166872
152895	185161
152895	185162
152895	152207
152895	167146
152895	167139
152895	160139
152895	166983
152895	166861
152895	166316
152895	160140
152895	166339
152895	157627
152895	157690
152895	157072
152895	154284
152895	154280
152895	154237
152895	153997
152895	159188
152895	162467
152895	152115
152895	168476
152895	168475
152895	152194
152895	152910
152895	155725
152895	153133
153103	159152
153103	154233
153103	155458
153103	152142
153103	154039
153103	167276
153103	162525
153103	152592
153103	168496
153103	167260
153103	168531
153103	168533
153103	153146
153103	153407
153103	153482
153103	153393
153103	168459
153103	152545
153103	152543
153103	152546
153103	152549
153103	152593
153103	152578
153103	152204
153103	185094
153103	166872
153103	185161
153103	185162
153103	152207
153103	167146
153103	167139
153103	160139
153103	166983
153103	166861
153103	166316
153103	160140
153103	166339
153103	157627
153103	157690
153103	157072
153103	154284
153103	154280
153103	154237
153103	153997
153103	159188
153103	162467
153103	152115
153103	168476
153103	168475
153103	152194
153103	152910
153103	155725
153103	153133
159152	154233
159152	155458
159152	152142
159152	154039
159152	167276
159152	162525
159152	152592
159152	168496
159152	167260
159152	168531
159152	168533
159152	153146
159152	153407
159152	153482
159152	153393
159152	168459
159152	152545
159152	152543
159152	152546
159152	152549
159152	152593
159152	152578
159152	152204
159152	185094
159152	166872
159152	185161
159152	185162
159152	152207
159152	167146
159152	167139
159152	160139
159152	166983
159152	166861
159152	166316
159152	160140
159152	166339
159152	157627
159152	157690
159152	157072
159152	154284
159152	154280
159152	154237
159152	153997
159152	159188
159152	162467
159152	152115
159152	168476
159152	168475
159152	152194
159152	152910
159152	155725
159152	153133
154233	155458
154233	152142
154233	154039
154233	167276
154233	162525
154233	152592
154233	168496
154233	167260
154233	168531
154233	168533
154233	153146
154233	153407
154233	153482
154233	153393
154233	168459
154233	152545
154233	152543
154233	152546
154233	152549
154233	152593
154233	152578
154233	152204
154233	185094
154233	166872
154233	185161
154233	185162
154233	152207
154233	167146
154233	167139
154233	160139
154233	166983
154233	166861
154233	166316
154233	160140
154233	166339
154233	157627
154233	157690
154233	157072
154233	154284
154233	154280
154233	154237
154233	153997
154233	159188
154233	162467
154233	152115
154233	168476
154233	168475
154233	152194
154233	152910
154233	155725
154233	153133
155458	152142
155458	154039
155458	167276
155458	162525
155458	152592
155458	168496
155458	167260
155458	168531
155458	168533
155458	153146
155458	153407
155458	153482
155458	153393
155458	168459
155458	152545
155458	152543
155458	152546
155458	152549
155458	152593
155458	152578
155458	152204
155458	185094
155458	166872
155458	185161
155458	185162
155458	152207
155458	167146
155458	167139
155458	160139
155458	166983
155458	166861
155458	166316
155458	160140
155458	166339
155458	157627
155458	157690
155458	157072
155458	154284
155458	154280
155458	154237
155458	153997
155458	159188
155458	162467
155458	152115
155458	168476
155458	168475
155458	152194
155458	152910
155458	155725
155458	153133
152142	154039
152142	167276
152142	162525
152142	152592
152142	168496
152142	167260
152142	168531
152142	168533
152142	153146
152142	153407
152142	153482
152142	153393
152142	168459
152142	152545
152142	152543
152142	152546
152142	152549
152142	152593
152142	152578
152142	152204
152142	185094
152142	166872
152142	185161
152142	185162
152142	152207
152142	167146
152142	167139
152142	160139
152142	166983
152142	166861
152142	166316
152142	160140
152142	166339
152142	157627
152142	157690
152142	157072
152142	154284
152142	154280
152142	154237
152142	153997
152142	159188
152142	162467
152142	152115
152142	168476
152142	168475
152142	152194
152142	152910
152142	155725
152142	153133
154039	167276
154039	162525
154039	152592
154039	168496
154039	167260
154039	168531
154039	168533
154039	153146
154039	153407
154039	153482
154039	153393
154039	168459
154039	152545
154039	152543
154039	152546
154039	152549
154039	152593
154039	152578
154039	152204
154039	185094
154039	166872
154039	185161
154039	185162
154039	152207
154039	167146
154039	167139
154039	160139
154039	166983
154039	166861
154039	166316
154039	160140
154039	166339
154039	157627
154039	157690
154039	157072
154039	154284
154039	154280
154039	154237
154039	153997
154039	159188
154039	162467
154039	152115
154039	168476
154039	168475
154039	152194
154039	152910
154039	155725
154039	153133
167276	162525
167276	152592
167276	168496
167276	167260
167276	168531
167276	168533
167276	153146
167276	153407
167276	153482
167276	153393
167276	168459
167276	152545
167276	152543
167276	152546
167276	152549
167276	152593
167276	152578
167276	152204
167276	185094
167276	166872
167276	185161
167276	185162
167276	152207
167276	167146
167276	167139
167276	160139
167276	166983
167276	166861
167276	166316
167276	160140
167276	166339
167276	157627
167276	157690
167276	157072
167276	154284
167276	154280
167276	154237
167276	153997
167276	159188
167276	162467
167276	152115
167276	168476
167276	168475
167276	152194
167276	152910
167276	155725
167276	153133
162525	152592
162525	168496
162525	167260
162525	168531
162525	168533
162525	153146
162525	153407
162525	153482
162525	153393
162525	168459
162525	152545
162525	152543
162525	152546
162525	152549
162525	152593
162525	152578
162525	152204
162525	185094
162525	166872
162525	185161
162525	185162
162525	152207
162525	167146
162525	167139
162525	160139
162525	166983
162525	166861
162525	166316
162525	160140
162525	166339
162525	157627
162525	157690
162525	157072
162525	154284
162525	154280
162525	154237
162525	153997
162525	159188
162525	162467
162525	152115
162525	168476
162525	168475
162525	152194
162525	152910
162525	155725
162525	153133
152592	168496
152592	167260
152592	168531
152592	168533
152592	153146
152592	153407
152592	153482
152592	153393
152592	168459
152592	152545
152592	152543
152592	152546
152592	152549
152592	152593
152592	152578
152592	152204
152592	185094
152592	166872
152592	185161
152592	185162
152592	152207
152592	167146
152592	167139
152592	160139
152592	166983
152592	166861
152592	166316
152592	160140
152592	166339
152592	157627
152592	157690
152592	157072
152592	154284
152592	154280
152592	154237
152592	153997
152592	159188
152592	162467
152592	152115
152592	168476
152592	168475
152592	152194
152592	152910
152592	155725
152592	153133
168496	167260
168496	168531
168496	168533
168496	153146
168496	153407
168496	153482
168496	153393
168496	168459
168496	152545
168496	152543
168496	152546
168496	152549
168496	152593
168496	152578
168496	152204
168496	185094
168496	166872
168496	185161
168496	185162
168496	152207
168496	167146
168496	167139
168496	160139
168496	166983
168496	166861
168496	166316
168496	160140
168496	166339
168496	157627
168496	157690
168496	157072
168496	154284
168496	154280
168496	154237
168496	153997
168496	159188
168496	162467
168496	152115
168496	168476
168496	168475
168496	152194
168496	152910
168496	155725
168496	153133
167260	168531
167260	168533
167260	153146
167260	153407
167260	153482
167260	153393
167260	168459
167260	152545
167260	152543
167260	152546
167260	152549
167260	152593
167260	152578
167260	152204
167260	185094
167260	166872
167260	185161
167260	185162
167260	152207
167260	167146
167260	167139
167260	160139
167260	166983
167260	166861
167260	166316
167260	160140
167260	166339
167260	157627
167260	157690
167260	157072
167260	154284
167260	154280
167260	154237
167260	153997
167260	159188
167260	162467
167260	152115
167260	168476
167260	168475
167260	152194
167260	152910
167260	155725
167260	153133
168531	168533
168531	153146
168531	153407
168531	153482
168531	153393
168531	168459
168531	152545
168531	152543
168531	152546
168531	152549
168531	152593
168531	152578
168531	152204
168531	185094
168531	166872
168531	185161
168531	185162
168531	152207
168531	167146
168531	167139
168531	160139
168531	166983
168531	166861
168531	166316
168531	160140
168531	166339
168531	157627
168531	157690
168531	157072
168531	154284
168531	154280
168531	154237
168531	153997
168531	159188
168531	162467
168531	152115
168531	168476
168531	168475
168531	152194
168531	152910
168531	155725
168531	153133
168533	153146
168533	153407
168533	153482
168533	153393
168533	168459
168533	152545
168533	152543
168533	152546
168533	152549
168533	152593
168533	152578
168533	152204
168533	185094
168533	166872
168533	185161
168533	185162
168533	152207
168533	167146
168533	167139
168533	160139
168533	166983
168533	166861
168533	166316
168533	160140
168533	166339
168533	157627
168533	157690
168533	157072
168533	154284
168533	154280
168533	154237
168533	153997
168533	159188
168533	162467
168533	152115
168533	168476
168533	168475
168533	152194
168533	152910
168533	155725
168533	153133
153146	153407
153146	153482
153146	153393
153146	168459
153146	152545
153146	152543
153146	152546
153146	152549
153146	152593
153146	152578
153146	152204
153146	185094
153146	166872
153146	185161
153146	185162
153146	152207
153146	167146
153146	167139
153146	160139
153146	166983
153146	166861
153146	166316
153146	160140
153146	166339
153146	157627
153146	157690
153146	157072
153146	154284
153146	154280
153146	154237
153146	153997
153146	159188
153146	162467
153146	152115
153146	168476
153146	168475
153146	152194
153146	152910
153146	155725
153146	153133
153407	153482
153407	153393
153407	168459
153407	152545
153407	152543
153407	152546
153407	152549
153407	152593
153407	152578
153407	152204
153407	185094
153407	166872
153407	185161
153407	185162
153407	152207
153407	167146
153407	167139
153407	160139
153407	166983
153407	166861
153407	166316
153407	160140
153407	166339
153407	157627
153407	157690
153407	157072
153407	154284
153407	154280
153407	154237
153407	153997
153407	159188
153407	162467
153407	152115
153407	168476
153407	168475
153407	152194
153407	152910
153407	155725
153407	153133
153482	153393
153482	168459
153482	152545
153482	152543
153482	152546
153482	152549
153482	152593
153482	152578
153482	152204
153482	185094
153482	166872
153482	185161
153482	185162
153482	152207
153482	167146
153482	167139
153482	160139
153482	166983
153482	166861
153482	166316
153482	160140
153482	166339
153482	157627
153482	157690
153482	157072
153482	154284
153482	154280
153482	154237
153482	153997
153482	159188
153482	162467
153482	152115
153482	168476
153482	168475
153482	152194
153482	152910
153482	155725
153482	153133
153393	168459
153393	152545
153393	152543
153393	152546
153393	152549
153393	152593
153393	152578
153393	152204
153393	185094
153393	166872
153393	185161
153393	185162
153393	152207
153393	167146
153393	167139
153393	160139
153393	166983
153393	166861
153393	166316
153393	160140
153393	166339
153393	157627
153393	157690
153393	157072
153393	154284
153393	154280
153393	154237
153393	153997
153393	159188
153393	162467
153393	152115
153393	168476
153393	168475
153393	152194
153393	152910
153393	155725
153393	153133
168459	152545
168459	152543
168459	152546
168459	152549
168459	152593
168459	152578
168459	152204
168459	185094
168459	166872
168459	185161
168459	185162
168459	152207
168459	167146
168459	167139
168459	160139
168459	166983
168459	166861
168459	166316
168459	160140
168459	166339
168459	157627
168459	157690
168459	157072
168459	154284
168459	154280
168459	154237
168459	153997
168459	159188
168459	162467
168459	152115
168459	168476
168459	168475
168459	152194
168459	152910
168459	155725
168459	153133
152545	152543
152545	152546
152545	152549
152545	152593
152545	152578
152545	152204
152545	185094
152545	166872
152545	185161
152545	185162
152545	152207
152545	167146
152545	167139
152545	160139
152545	166983
152545	166861
152545	166316
152545	160140
152545	166339
152545	157627
152545	157690
152545	157072
152545	154284
152545	154280
152545	154237
152545	153997
152545	159188
152545	162467
152545	152115
152545	168476
152545	168475
152545	152194
152545	152910
152545	155725
152545	153133
152543	152546
152543	152549
152543	152593
152543	152578
152543	152204
152543	185094
152543	166872
152543	185161
152543	185162
152543	152207
152543	167146
152543	167139
152543	160139
152543	166983
152543	166861
152543	166316
152543	160140
152543	166339
152543	157627
152543	157690
152543	157072
152543	154284
152543	154280
152543	154237
152543	153997
152543	159188
152543	162467
152543	152115
152543	168476
152543	168475
152543	152194
152543	152910
152543	155725
152543	153133
152546	152549
152546	152593
152546	152578
152546	152204
152546	185094
152546	166872
152546	185161
152546	185162
152546	152207
152546	167146
152546	167139
152546	160139
152546	166983
152546	166861
152546	166316
152546	160140
152546	166339
152546	157627
152546	157690
152546	157072
152546	154284
152546	154280
152546	154237
152546	153997
152546	159188
152546	162467
152546	152115
152546	168476
152546	168475
152546	152194
152546	152910
152546	155725
152546	153133
152549	152593
152549	152578
152549	152204
152549	185094
152549	166872
152549	185161
152549	185162
152549	152207
152549	167146
152549	167139
152549	160139
152549	166983
152549	166861
152549	166316
152549	160140
152549	166339
152549	157627
152549	157690
152549	157072
152549	154284
152549	154280
152549	154237
152549	153997
152549	159188
152549	162467
152549	152115
152549	168476
152549	168475
152549	152194
152549	152910
152549	155725
152549	153133
152593	152578
152593	152204
152593	185094
152593	166872
152593	185161
152593	185162
152593	152207
152593	167146
152593	167139
152593	160139
152593	166983
152593	166861
152593	166316
152593	160140
152593	166339
152593	157627
152593	157690
152593	157072
152593	154284
152593	154280
152593	154237
152593	153997
152593	159188
152593	162467
152593	152115
152593	168476
152593	168475
152593	152194
152593	152910
152593	155725
152593	153133
152578	152204
152578	185094
152578	166872
152578	185161
152578	185162
152578	152207
152578	167146
152578	167139
152578	160139
152578	166983
152578	166861
152578	166316
152578	160140
152578	166339
152578	157627
152578	157690
152578	157072
152578	154284
152578	154280
152578	154237
152578	153997
152578	159188
152578	162467
152578	152115
152578	168476
152578	168475
152578	152194
152578	152910
152578	155725
152578	153133
152204	185094
152204	166872
152204	185161
152204	185162
152204	152207
152204	167146
152204	167139
152204	160139
152204	166983
152204	166861
152204	166316
152204	160140
152204	166339
152204	157627
152204	157690
152204	157072
152204	154284
152204	154280
152204	154237
152204	153997
152204	159188
152204	162467
152204	152115
152204	168476
152204	168475
152204	152194
152204	152910
152204	155725
152204	153133
185094	166872
185094	185161
185094	185162
185094	152207
185094	167146
185094	167139
185094	160139
185094	166983
185094	166861
185094	166316
185094	160140
185094	166339
185094	157627
185094	157690
185094	157072
185094	154284
185094	154280
185094	154237
185094	153997
185094	159188
185094	162467
185094	152115
185094	168476
185094	168475
185094	152194
185094	152910
185094	155725
185094	153133
166872	185161
166872	185162
166872	152207
166872	167146
166872	167139
166872	160139
166872	166983
166872	166861
166872	166316
166872	160140
166872	166339
166872	157627
166872	157690
166872	157072
166872	154284
166872	154280
166872	154237
166872	153997
166872	159188
166872	162467
166872	152115
166872	168476
166872	168475
166872	152194
166872	152910
166872	155725
166872	153133
185161	185162
185161	152207
185161	167146
185161	167139
185161	160139
185161	166983
185161	166861
185161	166316
185161	160140
185161	166339
185161	157627
185161	157690
185161	157072
185161	154284
185161	154280
185161	154237
185161	153997
185161	159188
185161	162467
185161	152115
185161	168476
185161	168475
185161	152194
185161	152910
185161	155725
185161	153133
185162	152207
185162	167146
185162	167139
185162	160139
185162	166983
185162	166861
185162	166316
185162	160140
185162	166339
185162	157627
185162	157690
185162	157072
185162	154284
185162	154280
185162	154237
185162	153997
185162	159188
185162	162467
185162	152115
185162	168476
185162	168475
185162	152194
185162	152910
185162	155725
185162	153133
152207	167146
152207	167139
152207	160139
152207	166983
152207	166861
152207	166316
152207	160140
152207	166339
152207	157627
152207	157690
152207	157072
152207	154284
152207	154280
152207	154237
152207	153997
152207	159188
152207	162467
152207	152115
152207	168476
152207	168475
152207	152194
152207	152910
152207	155725
152207	153133
167146	167139
167146	160139
167146	166983
167146	166861
167146	166316
167146	160140
167146	166339
167146	157627
167146	157690
167146	157072
167146	154284
167146	154280
167146	154237
167146	153997
167146	159188
167146	162467
167146	152115
167146	168476
167146	168475
167146	152194
167146	152910
167146	155725
167146	153133
167139	160139
167139	166983
167139	166861
167139	166316
167139	160140
167139	166339
167139	157627
167139	157690
167139	157072
167139	154284
167139	154280
167139	154237
167139	153997
167139	159188
167139	162467
167139	152115
167139	168476
167139	168475
167139	152194
167139	152910
167139	155725
167139	153133
160139	166983
160139	166861
160139	166316
160139	160140
160139	166339
160139	157627
160139	157690
160139	157072
160139	154284
160139	154280
160139	154237
160139	153997
160139	159188
160139	162467
160139	152115
160139	168476
160139	168475
160139	152194
160139	152910
160139	155725
160139	153133
166983	166861
166983	166316
166983	160140
166983	166339
166983	157627
166983	157690
166983	157072
166983	154284
166983	154280
166983	154237
166983	153997
166983	159188
166983	162467
166983	152115
166983	168476
166983	168475
166983	152194
166983	152910
166983	155725
166983	153133
166861	166316
166861	160140
166861	166339
166861	157627
166861	157690
166861	157072
166861	154284
166861	154280
166861	154237
166861	153997
166861	159188
166861	162467
166861	152115
166861	168476
166861	168475
166861	152194
166861	152910
166861	155725
166861	153133
166316	160140
166316	166339
166316	157627
166316	157690
166316	157072
166316	154284
166316	154280
166316	154237
166316	153997
166316	159188
166316	162467
166316	152115
166316	168476
166316	168475
166316	152194
166316	152910
166316	155725
166316	153133
160140	166339
160140	157627
160140	157690
160140	157072
160140	154284
160140	154280
160140	154237
160140	153997
160140	159188
160140	162467
160140	152115
160140	168476
160140	168475
160140	152194
160140	152910
160140	155725
160140	153133
166339	157627
166339	157690
166339	157072
166339	154284
166339	154280
166339	154237
166339	153997
166339	159188
166339	162467
166339	152115
166339	168476
166339	168475
166339	152194
166339	152910
166339	155725
166339	153133
157627	157690
157627	157072
157627	154284
157627	154280
157627	154237
157627	153997
157627	159188
157627	162467
157627	152115
157627	168476
157627	168475
157627	152194
157627	152910
157627	155725
157627	153133
157690	157072
157690	154284
157690	154280
157690	154237
157690	153997
157690	159188
157690	162467
157690	152115
157690	168476
157690	168475
157690	152194
157690	152910
157690	155725
157690	153133
157072	154284
157072	154280
157072	154237
157072	153997
157072	159188
157072	162467
157072	152115
157072	168476
157072	168475
157072	152194
157072	152910
157072	155725
157072	153133
154284	154280
154284	154237
154284	153997
154284	159188
154284	162467
154284	152115
154284	168476
154284	168475
154284	152194
154284	152910
154284	155725
154284	153133
154280	154237
154280	153997
154280	159188
154280	162467
154280	152115
154280	168476
154280	168475
154280	152194
154280	152910
154280	155725
154280	153133
154237	153997
154237	159188
154237	162467
154237	152115
154237	168476
154237	168475
154237	152194
154237	152910
154237	155725
154237	153133
153997	159188
153997	162467
153997	152115
153997	168476
153997	168475
153997	152194
153997	152910
153997	155725
153997	153133
159188	162467
159188	152115
159188	168476
159188	168475
159188	152194
159188	152910
159188	155725
159188	153133
162467	152115
162467	168476
162467	168475
162467	152194
162467	152910
162467	155725
162467	153133
152115	168476
152115	168475
152115	152194
152115	152910
152115	155725
152115	153133
168476	168475
168476	152194
168476	152910
168476	155725
168476	153133
168475	152194
168475	152910
168475	155725
168475	153133
152194	152910
152194	155725
152194	153133
152910	155725
152910	153133
155725	153133
