861
252433	252465
252433	252464
252433	252441
252433	252435
252433	259914
252433	259888
252433	259859
252433	259983
252433	258562
252433	259928
252433	259950
252433	256140
252433	259931
252433	255517
252433	263788
252433	253942
252433	252753
252433	252778
252433	252782
252433	252771
252433	252808
252433	238481
252433	252746
252433	253001
252433	252733
252433	252738
252433	248310
252433	255430
252433	256136
252433	259961
252433	260292
252433	260237
252433	134146
252433	253685
252433	253616
252433	253591
252433	256637
252433	257190
252433	257243
252433	257232
252433	257214
252465	252464
252465	252441
252465	252435
252465	259914
252465	259888
252465	259859
252465	259983
252465	258562
252465	259928
252465	259950
252465	256140
252465	259931
252465	255517
252465	263788
252465	253942
252465	252753
252465	252778
252465	252782
252465	252771
252465	252808
252465	238481
252465	252746
252465	253001
252465	252733
252465	252738
252465	248310
252465	255430
252465	256136
252465	259961
252465	260292
252465	260237
252465	134146
252465	253685
252465	253616
252465	253591
252465	256637
252465	257190
252465	257243
252465	257232
252465	257214
252464	252441
252464	252435
252464	259914
252464	259888
252464	259859
252464	259983
252464	258562
252464	259928
252464	259950
252464	256140
252464	259931
252464	255517
252464	263788
252464	253942
252464	252753
252464	252778
252464	252782
252464	252771
252464	252808
252464	238481
252464	252746
252464	253001
252464	252733
252464	252738
252464	248310
252464	255430
252464	256136
252464	259961
252464	260292
252464	260237
252464	134146
252464	253685
252464	253616
252464	253591
252464	256637
252464	257190
252464	257243
252464	257232
252464	257214
252441	252435
252441	259914
252441	259888
252441	259859
252441	259983
252441	258562
252441	259928
252441	259950
252441	256140
252441	259931
252441	255517
252441	263788
252441	253942
252441	252753
252441	252778
252441	252782
252441	252771
252441	252808
252441	238481
252441	252746
252441	253001
252441	252733
252441	252738
252441	248310
252441	255430
252441	256136
252441	259961
252441	260292
252441	260237
252441	134146
252441	253685
252441	253616
252441	253591
252441	256637
252441	257190
252441	257243
252441	257232
252441	257214
252435	259914
252435	259888
252435	259859
252435	259983
252435	258562
252435	259928
252435	259950
252435	256140
252435	259931
252435	255517
252435	263788
252435	253942
252435	252753
252435	252778
252435	252782
252435	252771
252435	252808
252435	238481
252435	252746
252435	253001
252435	252733
252435	252738
252435	248310
252435	255430
252435	256136
252435	259961
252435	260292
252435	260237
252435	134146
252435	253685
252435	253616
252435	253591
252435	256637
252435	257190
252435	257243
252435	257232
252435	257214
259914	259888
259914	259859
259914	259983
259914	258562
259914	259928
259914	259950
259914	256140
259914	259931
259914	255517
259914	263788
259914	253942
259914	252753
259914	252778
259914	252782
259914	252771
259914	252808
259914	238481
259914	252746
259914	253001
259914	252733
259914	252738
259914	248310
259914	255430
259914	256136
259914	259961
259914	260292
259914	260237
259914	134146
259914	253685
259914	253616
259914	253591
259914	256637
259914	257190
259914	257243
259914	257232
259914	257214
259888	259859
259888	259983
259888	258562
259888	259928
259888	259950
259888	256140
259888	259931
259888	255517
259888	263788
259888	253942
259888	252753
259888	252778
259888	252782
259888	252771
259888	252808
259888	238481
259888	252746
259888	253001
259888	252733
259888	252738
259888	248310
259888	255430
259888	256136
259888	259961
259888	260292
259888	260237
259888	134146
259888	253685
259888	253616
259888	253591
259888	256637
259888	257190
259888	257243
259888	257232
259888	257214
259859	259983
259859	258562
259859	259928
259859	259950
259859	256140
259859	259931
259859	255517
259859	263788
259859	253942
259859	252753
259859	252778
259859	252782
259859	252771
259859	252808
259859	238481
259859	252746
259859	253001
259859	252733
259859	252738
259859	248310
259859	255430
259859	256136
259859	259961
259859	260292
259859	260237
259859	134146
259859	253685
259859	253616
259859	253591
259859	256637
259859	257190
259859	257243
259859	257232
259859	257214
259983	258562
259983	259928
259983	259950
259983	256140
259983	259931
259983	255517
259983	263788
259983	253942
259983	252753
259983	252778
259983	252782
259983	252771
259983	252808
259983	238481
259983	252746
259983	253001
259983	252733
259983	252738
259983	248310
259983	255430
259983	256136
259983	259961
259983	260292
259983	260237
259983	134146
259983	253685
259983	253616
259983	253591
259983	256637
259983	257190
259983	257243
259983	257232
259983	257214
258562	259928
258562	259950
258562	256140
258562	259931
258562	255517
258562	263788
258562	253942
258562	252753
258562	252778
258562	252782
258562	252771
258562	252808
258562	238481
258562	252746
258562	253001
258562	252733
258562	252738
258562	248310
258562	255430
258562	256136
258562	259961
258562	260292
258562	260237
258562	134146
258562	253685
258562	253616
258562	253591
258562	256637
258562	257190
258562	257243
258562	257232
258562	257214
259928	259950
259928	256140
259928	259931
259928	255517
259928	263788
259928	253942
259928	252753
259928	252778
259928	252782
259928	252771
259928	252808
259928	238481
259928	252746
259928	253001
259928	252733
259928	252738
259928	248310
259928	255430
259928	256136
259928	259961
259928	260292
259928	260237
259928	134146
259928	253685
259928	253616
259928	253591
259928	256637
259928	257190
259928	257243
259928	257232
259928	257214
259950	256140
259950	259931
259950	255517
259950	263788
259950	253942
259950	252753
259950	252778
259950	252782
259950	252771
259950	252808
259950	238481
259950	252746
259950	253001
259950	252733
259950	252738
259950	248310
259950	255430
259950	256136
259950	259961
259950	260292
259950	260237
259950	134146
259950	253685
259950	253616
259950	253591
259950	256637
259950	257190
259950	257243
259950	257232
259950	257214
256140	259931
256140	255517
256140	263788
256140	253942
256140	252753
256140	252778
256140	252782
256140	252771
256140	252808
256140	238481
256140	252746
256140	253001
256140	252733
256140	252738
256140	248310
256140	255430
256140	256136
256140	259961
256140	260292
256140	260237
256140	134146
256140	253685
256140	253616
256140	253591
256140	256637
256140	257190
256140	257243
256140	257232
256140	257214
259931	255517
259931	263788
259931	253942
259931	252753
259931	252778
259931	252782
259931	252771
259931	252808
259931	238481
259931	252746
259931	253001
259931	252733
259931	252738
259931	248310
259931	255430
259931	256136
259931	259961
259931	260292
259931	260237
259931	134146
259931	253685
259931	253616
259931	253591
259931	256637
259931	257190
259931	257243
259931	257232
259931	257214
255517	263788
255517	253942
255517	252753
255517	252778
255517	252782
255517	252771
255517	252808
255517	238481
255517	252746
255517	253001
255517	252733
255517	252738
255517	248310
255517	255430
255517	256136
255517	259961
255517	260292
255517	260237
255517	134146
255517	253685
255517	253616
255517	253591
255517	256637
255517	257190
255517	257243
255517	257232
255517	257214
263788	253942
263788	252753
263788	252778
263788	252782
263788	252771
263788	252808
263788	238481
263788	252746
263788	253001
263788	252733
263788	252738
263788	248310
263788	255430
263788	256136
263788	259961
263788	260292
263788	260237
263788	134146
263788	253685
263788	253616
263788	253591
263788	256637
263788	257190
263788	257243
263788	257232
263788	257214
253942	252753
253942	252778
253942	252782
253942	252771
253942	252808
253942	238481
253942	252746
253942	253001
253942	252733
253942	252738
253942	248310
253942	255430
253942	256136
253942	259961
253942	260292
253942	260237
253942	134146
253942	253685
253942	253616
253942	253591
253942	256637
253942	257190
253942	257243
253942	257232
253942	257214
252753	252778
252753	252782
252753	252771
252753	252808
252753	238481
252753	252746
252753	253001
252753	252733
252753	252738
252753	248310
252753	255430
252753	256136
252753	259961
252753	260292
252753	260237
252753	134146
252753	253685
252753	253616
252753	253591
252753	256637
252753	257190
252753	257243
252753	257232
252753	257214
252778	252782
252778	252771
252778	252808
252778	238481
252778	252746
252778	253001
252778	252733
252778	252738
252778	248310
252778	255430
252778	256136
252778	259961
252778	260292
252778	260237
252778	134146
252778	253685
252778	253616
252778	253591
252778	256637
252778	257190
252778	257243
252778	257232
252778	257214
252782	252771
252782	252808
252782	238481
252782	252746
252782	253001
252782	252733
252782	252738
252782	248310
252782	255430
252782	256136
252782	259961
252782	260292
252782	260237
252782	134146
252782	253685
252782	253616
252782	253591
252782	256637
252782	257190
252782	257243
252782	257232
252782	257214
252771	252808
252771	238481
252771	252746
252771	253001
252771	252733
252771	252738
252771	248310
252771	255430
252771	256136
252771	259961
252771	260292
252771	260237
252771	134146
252771	253685
252771	253616
252771	253591
252771	256637
252771	257190
252771	257243
252771	257232
252771	257214
252808	238481
252808	252746
252808	253001
252808	252733
252808	252738
252808	248310
252808	255430
252808	256136
252808	259961
252808	260292
252808	260237
252808	134146
252808	253685
252808	253616
252808	253591
252808	256637
252808	257190
252808	257243
252808	257232
252808	257214
238481	252746
238481	253001
238481	252733
238481	252738
238481	248310
238481	255430
238481	256136
238481	259961
238481	260292
238481	260237
238481	134146
238481	253685
238481	253616
238481	253591
238481	256637
238481	257190
238481	257243
238481	257232
238481	257214
252746	253001
252746	252733
252746	252738
252746	248310
252746	255430
252746	256136
252746	259961
252746	260292
252746	260237
252746	134146
252746	253685
252746	253616
252746	253591
252746	256637
252746	257190
252746	257243
252746	257232
252746	257214
253001	252733
253001	252738
253001	248310
253001	255430
253001	256136
253001	259961
253001	260292
253001	260237
253001	134146
253001	253685
253001	253616
253001	253591
253001	256637
253001	257190
253001	257243
253001	257232
253001	257214
252733	252738
252733	248310
252733	255430
252733	256136
252733	259961
252733	260292
252733	260237
252733	134146
252733	253685
252733	253616
252733	253591
252733	256637
252733	257190
252733	257243
252733	257232
252733	257214
252738	248310
252738	255430
252738	256136
252738	259961
252738	260292
252738	260237
252738	134146
252738	253685
252738	253616
252738	253591
252738	256637
252738	257190
252738	257243
252738	257232
252738	257214
248310	255430
248310	256136
248310	259961
248310	260292
248310	260237
248310	134146
248310	253685
248310	253616
248310	253591
248310	256637
248310	257190
248310	257243
248310	257232
248310	257214
255430	256136
255430	259961
255430	260292
255430	260237
255430	134146
255430	253685
255430	253616
255430	253591
255430	256637
255430	257190
255430	257243
255430	257232
255430	257214
256136	259961
256136	260292
256136	260237
256136	134146
256136	253685
256136	253616
256136	253591
256136	256637
256136	257190
256136	257243
256136	257232
256136	257214
259961	260292
259961	260237
259961	134146
259961	253685
259961	253616
259961	253591
259961	256637
259961	257190
259961	257243
259961	257232
259961	257214
260292	260237
260292	134146
260292	253685
260292	253616
260292	253591
260292	256637
260292	257190
260292	257243
260292	257232
260292	257214
260237	134146
260237	253685
260237	253616
260237	253591
260237	256637
260237	257190
260237	257243
260237	257232
260237	257214
134146	253685
134146	253616
134146	253591
134146	256637
134146	257190
134146	257243
134146	257232
134146	257214
253685	253616
253685	253591
253685	256637
253685	257190
253685	257243
253685	257232
253685	257214
253616	253591
253616	256637
253616	257190
253616	257243
253616	257232
253616	257214
253591	256637
253591	257190
253591	257243
253591	257232
253591	257214
256637	257190
256637	257243
256637	257232
256637	257214
257190	257243
257190	257232
257190	257214
257243	257232
257243	257214
257232	257214
