703
162553	162872
162553	162824
162553	162683
162553	163243
162553	163340
162553	165491
162553	165387
162553	164459
162553	165153
162553	165198
162553	168529
162553	163694
162553	167532
162553	168187
162553	164434
162553	164024
162553	163950
162553	163928
162553	161344
162553	152547
162553	162535
162553	167277
162553	167249
162553	167251
162553	162526
162553	152583
162553	152582
162553	152579
162553	152581
162553	152548
162553	160137
162553	166984
162553	166987
162553	160138
162553	167148
162553	163642
162553	163658
162872	162824
162872	162683
162872	163243
162872	163340
162872	165491
162872	165387
162872	164459
162872	165153
162872	165198
162872	168529
162872	163694
162872	167532
162872	168187
162872	164434
162872	164024
162872	163950
162872	163928
162872	161344
162872	152547
162872	162535
162872	167277
162872	167249
162872	167251
162872	162526
162872	152583
162872	152582
162872	152579
162872	152581
162872	152548
162872	160137
162872	166984
162872	166987
162872	160138
162872	167148
162872	163642
162872	163658
162824	162683
162824	163243
162824	163340
162824	165491
162824	165387
162824	164459
162824	165153
162824	165198
162824	168529
162824	163694
162824	167532
162824	168187
162824	164434
162824	164024
162824	163950
162824	163928
162824	161344
162824	152547
162824	162535
162824	167277
162824	167249
162824	167251
162824	162526
162824	152583
162824	152582
162824	152579
162824	152581
162824	152548
162824	160137
162824	166984
162824	166987
162824	160138
162824	167148
162824	163642
162824	163658
162683	163243
162683	163340
162683	165491
162683	165387
162683	164459
162683	165153
162683	165198
162683	168529
162683	163694
162683	167532
162683	168187
162683	164434
162683	164024
162683	163950
162683	163928
162683	161344
162683	152547
162683	162535
162683	167277
162683	167249
162683	167251
162683	162526
162683	152583
162683	152582
162683	152579
162683	152581
162683	152548
162683	160137
162683	166984
162683	166987
162683	160138
162683	167148
162683	163642
162683	163658
163243	163340
163243	165491
163243	165387
163243	164459
163243	165153
163243	165198
163243	168529
163243	163694
163243	167532
163243	168187
163243	164434
163243	164024
163243	163950
163243	163928
163243	161344
163243	152547
163243	162535
163243	167277
163243	167249
163243	167251
163243	162526
163243	152583
163243	152582
163243	152579
163243	152581
163243	152548
163243	160137
163243	166984
163243	166987
163243	160138
163243	167148
163243	163642
163243	163658
163340	165491
163340	165387
163340	164459
163340	165153
163340	165198
163340	168529
163340	163694
163340	167532
163340	168187
163340	164434
163340	164024
163340	163950
163340	163928
163340	161344
163340	152547
163340	162535
163340	167277
163340	167249
163340	167251
163340	162526
163340	152583
163340	152582
163340	152579
163340	152581
163340	152548
163340	160137
163340	166984
163340	166987
163340	160138
163340	167148
163340	163642
163340	163658
165491	165387
165491	164459
165491	165153
165491	165198
165491	168529
165491	163694
165491	167532
165491	168187
165491	164434
165491	164024
165491	163950
165491	163928
165491	161344
165491	152547
165491	162535
165491	167277
165491	167249
165491	167251
165491	162526
165491	152583
165491	152582
165491	152579
165491	152581
165491	152548
165491	160137
165491	166984
165491	166987
165491	160138
165491	167148
165491	163642
165491	163658
165387	164459
165387	165153
165387	165198
165387	168529
165387	163694
165387	167532
165387	168187
165387	164434
165387	164024
165387	163950
165387	163928
165387	161344
165387	152547
165387	162535
165387	167277
165387	167249
165387	167251
165387	162526
165387	152583
165387	152582
165387	152579
165387	152581
165387	152548
165387	160137
165387	166984
165387	166987
165387	160138
165387	167148
165387	163642
165387	163658
164459	165153
164459	165198
164459	168529
164459	163694
164459	167532
164459	168187
164459	164434
164459	164024
164459	163950
164459	163928
164459	161344
164459	152547
164459	162535
164459	167277
164459	167249
164459	167251
164459	162526
164459	152583
164459	152582
164459	152579
164459	152581
164459	152548
164459	160137
164459	166984
164459	166987
164459	160138
164459	167148
164459	163642
164459	163658
165153	165198
165153	168529
165153	163694
165153	167532
165153	168187
165153	164434
165153	164024
165153	163950
165153	163928
165153	161344
165153	152547
165153	162535
165153	167277
165153	167249
165153	167251
165153	162526
165153	152583
165153	152582
165153	152579
165153	152581
165153	152548
165153	160137
165153	166984
165153	166987
165153	160138
165153	167148
165153	163642
165153	163658
165198	168529
165198	163694
165198	167532
165198	168187
165198	164434
165198	164024
165198	163950
165198	163928
165198	161344
165198	152547
165198	162535
165198	167277
165198	167249
165198	167251
165198	162526
165198	152583
165198	152582
165198	152579
165198	152581
165198	152548
165198	160137
165198	166984
165198	166987
165198	160138
165198	167148
165198	163642
165198	163658
168529	163694
168529	167532
168529	168187
168529	164434
168529	164024
168529	163950
168529	163928
168529	161344
168529	152547
168529	162535
168529	167277
168529	167249
168529	167251
168529	162526
168529	152583
168529	152582
168529	152579
168529	152581
168529	152548
168529	160137
168529	166984
168529	166987
168529	160138
168529	167148
168529	163642
168529	163658
163694	167532
163694	168187
163694	164434
163694	164024
163694	163950
163694	163928
163694	161344
163694	152547
163694	162535
163694	167277
163694	167249
163694	167251
163694	162526
163694	152583
163694	152582
163694	152579
163694	152581
163694	152548
163694	160137
163694	166984
163694	166987
163694	160138
163694	167148
163694	163642
163694	163658
167532	168187
167532	164434
167532	164024
167532	163950
167532	163928
167532	161344
167532	152547
167532	162535
167532	167277
167532	167249
167532	167251
167532	162526
167532	152583
167532	152582
167532	152579
167532	152581
167532	152548
167532	160137
167532	166984
167532	166987
167532	160138
167532	167148
167532	163642
167532	163658
168187	164434
168187	164024
168187	163950
168187	163928
168187	161344
168187	152547
168187	162535
168187	167277
168187	167249
168187	167251
168187	162526
168187	152583
168187	152582
168187	152579
168187	152581
168187	152548
168187	160137
168187	166984
168187	166987
168187	160138
168187	167148
168187	163642
168187	163658
164434	164024
164434	163950
164434	163928
164434	161344
164434	152547
164434	162535
164434	167277
164434	167249
164434	167251
164434	162526
164434	152583
164434	152582
164434	152579
164434	152581
164434	152548
164434	160137
164434	166984
164434	166987
164434	160138
164434	167148
164434	163642
164434	163658
164024	163950
164024	163928
164024	161344
164024	152547
164024	162535
164024	167277
164024	167249
164024	167251
164024	162526
164024	152583
164024	152582
164024	152579
164024	152581
164024	152548
164024	160137
164024	166984
164024	166987
164024	160138
164024	167148
164024	163642
164024	163658
163950	163928
163950	161344
163950	152547
163950	162535
163950	167277
163950	167249
163950	167251
163950	162526
163950	152583
163950	152582
163950	152579
163950	152581
163950	152548
163950	160137
163950	166984
163950	166987
163950	160138
163950	167148
163950	163642
163950	163658
163928	161344
163928	152547
163928	162535
163928	167277
163928	167249
163928	167251
163928	162526
163928	152583
163928	152582
163928	152579
163928	152581
163928	152548
163928	160137
163928	166984
163928	166987
163928	160138
163928	167148
163928	163642
163928	163658
161344	152547
161344	162535
161344	167277
161344	167249
161344	167251
161344	162526
161344	152583
161344	152582
161344	152579
161344	152581
161344	152548
161344	160137
161344	166984
161344	166987
161344	160138
161344	167148
161344	163642
161344	163658
152547	162535
152547	167277
152547	167249
152547	167251
152547	162526
152547	152583
152547	152582
152547	152579
152547	152581
152547	152548
152547	160137
152547	166984
152547	166987
152547	160138
152547	167148
152547	163642
152547	163658
162535	167277
162535	167249
162535	167251
162535	162526
162535	152583
162535	152582
162535	152579
162535	152581
162535	152548
162535	160137
162535	166984
162535	166987
162535	160138
162535	167148
162535	163642
162535	163658
167277	167249
167277	167251
167277	162526
167277	152583
167277	152582
167277	152579
167277	152581
167277	152548
167277	160137
167277	166984
167277	166987
167277	160138
167277	167148
167277	163642
167277	163658
167249	167251
167249	162526
167249	152583
167249	152582
167249	152579
167249	152581
167249	152548
167249	160137
167249	166984
167249	166987
167249	160138
167249	167148
167249	163642
167249	163658
167251	162526
167251	152583
167251	152582
167251	152579
167251	152581
167251	152548
167251	160137
167251	166984
167251	166987
167251	160138
167251	167148
167251	163642
167251	163658
162526	152583
162526	152582
162526	152579
162526	152581
162526	152548
162526	160137
162526	166984
162526	166987
162526	160138
162526	167148
162526	163642
162526	163658
152583	152582
152583	152579
152583	152581
152583	152548
152583	160137
152583	166984
152583	166987
152583	160138
152583	167148
152583	163642
152583	163658
152582	152579
152582	152581
152582	152548
152582	160137
152582	166984
152582	166987
152582	160138
152582	167148
152582	163642
152582	163658
152579	152581
152579	152548
152579	160137
152579	166984
152579	166987
152579	160138
152579	167148
152579	163642
152579	163658
152581	152548
152581	160137
152581	166984
152581	166987
152581	160138
152581	167148
152581	163642
152581	163658
152548	160137
152548	166984
152548	166987
152548	160138
152548	167148
152548	163642
152548	163658
160137	166984
160137	166987
160137	160138
160137	167148
160137	163642
160137	163658
166984	166987
166984	160138
166984	167148
166984	163642
166984	163658
166987	160138
166987	167148
166987	163642
166987	163658
160138	167148
160138	163642
160138	163658
167148	163642
167148	163658
163642	163658
