666
242111	243157
242111	243241
242111	261527
242111	240030
242111	245906
242111	250221
242111	249596
242111	250189
242111	242205
242111	242394
242111	242292
242111	242301
242111	247283
242111	247505
242111	247510
242111	245809
242111	245635
242111	245684
242111	241250
242111	243419
242111	242789
242111	237370
242111	240037
242111	241243
242111	241689
242111	240799
242111	247379
242111	247269
242111	247274
242111	247288
242111	247284
242111	247254
242111	244581
242111	244330
242111	244302
242111	244296
243157	243241
243157	261527
243157	240030
243157	245906
243157	250221
243157	249596
243157	250189
243157	242205
243157	242394
243157	242292
243157	242301
243157	247283
243157	247505
243157	247510
243157	245809
243157	245635
243157	245684
243157	241250
243157	243419
243157	242789
243157	237370
243157	240037
243157	241243
243157	241689
243157	240799
243157	247379
243157	247269
243157	247274
243157	247288
243157	247284
243157	247254
243157	244581
243157	244330
243157	244302
243157	244296
243241	261527
243241	240030
243241	245906
243241	250221
243241	249596
243241	250189
243241	242205
243241	242394
243241	242292
243241	242301
243241	247283
243241	247505
243241	247510
243241	245809
243241	245635
243241	245684
243241	241250
243241	243419
243241	242789
243241	237370
243241	240037
243241	241243
243241	241689
243241	240799
243241	247379
243241	247269
243241	247274
243241	247288
243241	247284
243241	247254
243241	244581
243241	244330
243241	244302
243241	244296
261527	240030
261527	245906
261527	250221
261527	249596
261527	250189
261527	242205
261527	242394
261527	242292
261527	242301
261527	247283
261527	247505
261527	247510
261527	245809
261527	245635
261527	245684
261527	241250
261527	243419
261527	242789
261527	237370
261527	240037
261527	241243
261527	241689
261527	240799
261527	247379
261527	247269
261527	247274
261527	247288
261527	247284
261527	247254
261527	244581
261527	244330
261527	244302
261527	244296
240030	245906
240030	250221
240030	249596
240030	250189
240030	242205
240030	242394
240030	242292
240030	242301
240030	247283
240030	247505
240030	247510
240030	245809
240030	245635
240030	245684
240030	241250
240030	243419
240030	242789
240030	237370
240030	240037
240030	241243
240030	241689
240030	240799
240030	247379
240030	247269
240030	247274
240030	247288
240030	247284
240030	247254
240030	244581
240030	244330
240030	244302
240030	244296
245906	250221
245906	249596
245906	250189
245906	242205
245906	242394
245906	242292
245906	242301
245906	247283
245906	247505
245906	247510
245906	245809
245906	245635
245906	245684
245906	241250
245906	243419
245906	242789
245906	237370
245906	240037
245906	241243
245906	241689
245906	240799
245906	247379
245906	247269
245906	247274
245906	247288
245906	247284
245906	247254
245906	244581
245906	244330
245906	244302
245906	244296
250221	249596
250221	250189
250221	242205
250221	242394
250221	242292
250221	242301
250221	247283
250221	247505
250221	247510
250221	245809
250221	245635
250221	245684
250221	241250
250221	243419
250221	242789
250221	237370
250221	240037
250221	241243
250221	241689
250221	240799
250221	247379
250221	247269
250221	247274
250221	247288
250221	247284
250221	247254
250221	244581
250221	244330
250221	244302
250221	244296
249596	250189
249596	242205
249596	242394
249596	242292
249596	242301
249596	247283
249596	247505
249596	247510
249596	245809
249596	245635
249596	245684
249596	241250
249596	243419
249596	242789
249596	237370
249596	240037
249596	241243
249596	241689
249596	240799
249596	247379
249596	247269
249596	247274
249596	247288
249596	247284
249596	247254
249596	244581
249596	244330
249596	244302
249596	244296
250189	242205
250189	242394
250189	242292
250189	242301
250189	247283
250189	247505
250189	247510
250189	245809
250189	245635
250189	245684
250189	241250
250189	243419
250189	242789
250189	237370
250189	240037
250189	241243
250189	241689
250189	240799
250189	247379
250189	247269
250189	247274
250189	247288
250189	247284
250189	247254
250189	244581
250189	244330
250189	244302
250189	244296
242205	242394
242205	242292
242205	242301
242205	247283
242205	247505
242205	247510
242205	245809
242205	245635
242205	245684
242205	241250
242205	243419
242205	242789
242205	237370
242205	240037
242205	241243
242205	241689
242205	240799
242205	247379
242205	247269
242205	247274
242205	247288
242205	247284
242205	247254
242205	244581
242205	244330
242205	244302
242205	244296
242394	242292
242394	242301
242394	247283
242394	247505
242394	247510
242394	245809
242394	245635
242394	245684
242394	241250
242394	243419
242394	242789
242394	237370
242394	240037
242394	241243
242394	241689
242394	240799
242394	247379
242394	247269
242394	247274
242394	247288
242394	247284
242394	247254
242394	244581
242394	244330
242394	244302
242394	244296
242292	242301
242292	247283
242292	247505
242292	247510
242292	245809
242292	245635
242292	245684
242292	241250
242292	243419
242292	242789
242292	237370
242292	240037
242292	241243
242292	241689
242292	240799
242292	247379
242292	247269
242292	247274
242292	247288
242292	247284
242292	247254
242292	244581
242292	244330
242292	244302
242292	244296
242301	247283
242301	247505
242301	247510
242301	245809
242301	245635
242301	245684
242301	241250
242301	243419
242301	242789
242301	237370
242301	240037
242301	241243
242301	241689
242301	240799
242301	247379
242301	247269
242301	247274
242301	247288
242301	247284
242301	247254
242301	244581
242301	244330
242301	244302
242301	244296
247283	247505
247283	247510
247283	245809
247283	245635
247283	245684
247283	241250
247283	243419
247283	242789
247283	237370
247283	240037
247283	241243
247283	241689
247283	240799
247283	247379
247283	247269
247283	247274
247283	247288
247283	247284
247283	247254
247283	244581
247283	244330
247283	244302
247283	244296
247505	247510
247505	245809
247505	245635
247505	245684
247505	241250
247505	243419
247505	242789
247505	237370
247505	240037
247505	241243
247505	241689
247505	240799
247505	247379
247505	247269
247505	247274
247505	247288
247505	247284
247505	247254
247505	244581
247505	244330
247505	244302
247505	244296
247510	245809
247510	245635
247510	245684
247510	241250
247510	243419
247510	242789
247510	237370
247510	240037
247510	241243
247510	241689
247510	240799
247510	247379
247510	247269
247510	247274
247510	247288
247510	247284
247510	247254
247510	244581
247510	244330
247510	244302
247510	244296
245809	245635
245809	245684
245809	241250
245809	243419
245809	242789
245809	237370
245809	240037
245809	241243
245809	241689
245809	240799
245809	247379
245809	247269
245809	247274
245809	247288
245809	247284
245809	247254
245809	244581
245809	244330
245809	244302
245809	244296
245635	245684
245635	241250
245635	243419
245635	242789
245635	237370
245635	240037
245635	241243
245635	241689
245635	240799
245635	247379
245635	247269
245635	247274
245635	247288
245635	247284
245635	247254
245635	244581
245635	244330
245635	244302
245635	244296
245684	241250
245684	243419
245684	242789
245684	237370
245684	240037
245684	241243
245684	241689
245684	240799
245684	247379
245684	247269
245684	247274
245684	247288
245684	247284
245684	247254
245684	244581
245684	244330
245684	244302
245684	244296
241250	243419
241250	242789
241250	237370
241250	240037
241250	241243
241250	241689
241250	240799
241250	247379
241250	247269
241250	247274
241250	247288
241250	247284
241250	247254
241250	244581
241250	244330
241250	244302
241250	244296
243419	242789
243419	237370
243419	240037
243419	241243
243419	241689
243419	240799
243419	247379
243419	247269
243419	247274
243419	247288
243419	247284
243419	247254
243419	244581
243419	244330
243419	244302
243419	244296
242789	237370
242789	240037
242789	241243
242789	241689
242789	240799
242789	247379
242789	247269
242789	247274
242789	247288
242789	247284
242789	247254
242789	244581
242789	244330
242789	244302
242789	244296
237370	240037
237370	241243
237370	241689
237370	240799
237370	247379
237370	247269
237370	247274
237370	247288
237370	247284
237370	247254
237370	244581
237370	244330
237370	244302
237370	244296
240037	241243
240037	241689
240037	240799
240037	247379
240037	247269
240037	247274
240037	247288
240037	247284
240037	247254
240037	244581
240037	244330
240037	244302
240037	244296
241243	241689
241243	240799
241243	247379
241243	247269
241243	247274
241243	247288
241243	247284
241243	247254
241243	244581
241243	244330
241243	244302
241243	244296
241689	240799
241689	247379
241689	247269
241689	247274
241689	247288
241689	247284
241689	247254
241689	244581
241689	244330
241689	244302
241689	244296
240799	247379
240799	247269
240799	247274
240799	247288
240799	247284
240799	247254
240799	244581
240799	244330
240799	244302
240799	244296
247379	247269
247379	247274
247379	247288
247379	247284
247379	247254
247379	244581
247379	244330
247379	244302
247379	244296
247269	247274
247269	247288
247269	247284
247269	247254
247269	244581
247269	244330
247269	244302
247269	244296
247274	247288
247274	247284
247274	247254
247274	244581
247274	244330
247274	244302
247274	244296
247288	247284
247288	247254
247288	244581
247288	244330
247288	244302
247288	244296
247284	247254
247284	244581
247284	244330
247284	244302
247284	244296
247254	244581
247254	244330
247254	244302
247254	244296
244581	244330
244581	244302
244581	244296
244330	244302
244330	244296
244302	244296
