666
201615	201613
201615	208845
201615	208911
201615	209024
201615	201568
201615	209708
201615	209697
201615	208901
201615	206438
201615	206603
201615	206809
201615	206800
201615	206629
201615	206527
201615	206481
201615	206471
201615	206429
201615	206428
201615	194944
201615	202988
201615	205687
201615	205685
201615	205682
201615	202627
201615	199979
201615	199978
201615	199875
201615	202541
201615	214365
201615	205983
201615	206588
201615	199515
201615	199617
201615	199531
201615	199593
201615	139533
201613	208845
201613	208911
201613	209024
201613	201568
201613	209708
201613	209697
201613	208901
201613	206438
201613	206603
201613	206809
201613	206800
201613	206629
201613	206527
201613	206481
201613	206471
201613	206429
201613	206428
201613	194944
201613	202988
201613	205687
201613	205685
201613	205682
201613	202627
201613	199979
201613	199978
201613	199875
201613	202541
201613	214365
201613	205983
201613	206588
201613	199515
201613	199617
201613	199531
201613	199593
201613	139533
208845	208911
208845	209024
208845	201568
208845	209708
208845	209697
208845	208901
208845	206438
208845	206603
208845	206809
208845	206800
208845	206629
208845	206527
208845	206481
208845	206471
208845	206429
208845	206428
208845	194944
208845	202988
208845	205687
208845	205685
208845	205682
208845	202627
208845	199979
208845	199978
208845	199875
208845	202541
208845	214365
208845	205983
208845	206588
208845	199515
208845	199617
208845	199531
208845	199593
208845	139533
208911	209024
208911	201568
208911	209708
208911	209697
208911	208901
208911	206438
208911	206603
208911	206809
208911	206800
208911	206629
208911	206527
208911	206481
208911	206471
208911	206429
208911	206428
208911	194944
208911	202988
208911	205687
208911	205685
208911	205682
208911	202627
208911	199979
208911	199978
208911	199875
208911	202541
208911	214365
208911	205983
208911	206588
208911	199515
208911	199617
208911	199531
208911	199593
208911	139533
209024	201568
209024	209708
209024	209697
209024	208901
209024	206438
209024	206603
209024	206809
209024	206800
209024	206629
209024	206527
209024	206481
209024	206471
209024	206429
209024	206428
209024	194944
209024	202988
209024	205687
209024	205685
209024	205682
209024	202627
209024	199979
209024	199978
209024	199875
209024	202541
209024	214365
209024	205983
209024	206588
209024	199515
209024	199617
209024	199531
209024	199593
209024	139533
201568	209708
201568	209697
201568	208901
201568	206438
201568	206603
201568	206809
201568	206800
201568	206629
201568	206527
201568	206481
201568	206471
201568	206429
201568	206428
201568	194944
201568	202988
201568	205687
201568	205685
201568	205682
201568	202627
201568	199979
201568	199978
201568	199875
201568	202541
201568	214365
201568	205983
201568	206588
201568	199515
201568	199617
201568	199531
201568	199593
201568	139533
209708	209697
209708	208901
209708	206438
209708	206603
209708	206809
209708	206800
209708	206629
209708	206527
209708	206481
209708	206471
209708	206429
209708	206428
209708	194944
209708	202988
209708	205687
209708	205685
209708	205682
209708	202627
209708	199979
209708	199978
209708	199875
209708	202541
209708	214365
209708	205983
209708	206588
209708	199515
209708	199617
209708	199531
209708	199593
209708	139533
209697	208901
209697	206438
209697	206603
209697	206809
209697	206800
209697	206629
209697	206527
209697	206481
209697	206471
209697	206429
209697	206428
209697	194944
209697	202988
209697	205687
209697	205685
209697	205682
209697	202627
209697	199979
209697	199978
209697	199875
209697	202541
209697	214365
209697	205983
209697	206588
209697	199515
209697	199617
209697	199531
209697	199593
209697	139533
208901	206438
208901	206603
208901	206809
208901	206800
208901	206629
208901	206527
208901	206481
208901	206471
208901	206429
208901	206428
208901	194944
208901	202988
208901	205687
208901	205685
208901	205682
208901	202627
208901	199979
208901	199978
208901	199875
208901	202541
208901	214365
208901	205983
208901	206588
208901	199515
208901	199617
208901	199531
208901	199593
208901	139533
206438	206603
206438	206809
206438	206800
206438	206629
206438	206527
206438	206481
206438	206471
206438	206429
206438	206428
206438	194944
206438	202988
206438	205687
206438	205685
206438	205682
206438	202627
206438	199979
206438	199978
206438	199875
206438	202541
206438	214365
206438	205983
206438	206588
206438	199515
206438	199617
206438	199531
206438	199593
206438	139533
206603	206809
206603	206800
206603	206629
206603	206527
206603	206481
206603	206471
206603	206429
206603	206428
206603	194944
206603	202988
206603	205687
206603	205685
206603	205682
206603	202627
206603	199979
206603	199978
206603	199875
206603	202541
206603	214365
206603	205983
206603	206588
206603	199515
206603	199617
206603	199531
206603	199593
206603	139533
206809	206800
206809	206629
206809	206527
206809	206481
206809	206471
206809	206429
206809	206428
206809	194944
206809	202988
206809	205687
206809	205685
206809	205682
206809	202627
206809	199979
206809	199978
206809	199875
206809	202541
206809	214365
206809	205983
206809	206588
206809	199515
206809	199617
206809	199531
206809	199593
206809	139533
206800	206629
206800	206527
206800	206481
206800	206471
206800	206429
206800	206428
206800	194944
206800	202988
206800	205687
206800	205685
206800	205682
206800	202627
206800	199979
206800	199978
206800	199875
206800	202541
206800	214365
206800	205983
206800	206588
206800	199515
206800	199617
206800	199531
206800	199593
206800	139533
206629	206527
206629	206481
206629	206471
206629	206429
206629	206428
206629	194944
206629	202988
206629	205687
206629	205685
206629	205682
206629	202627
206629	199979
206629	199978
206629	199875
206629	202541
206629	214365
206629	205983
206629	206588
206629	199515
206629	199617
206629	199531
206629	199593
206629	139533
206527	206481
206527	206471
206527	206429
206527	206428
206527	194944
206527	202988
206527	205687
206527	205685
206527	205682
206527	202627
206527	199979
206527	199978
206527	199875
206527	202541
206527	214365
206527	205983
206527	206588
206527	199515
206527	199617
206527	199531
206527	199593
206527	139533
206481	206471
206481	206429
206481	206428
206481	194944
206481	202988
206481	205687
206481	205685
206481	205682
206481	202627
206481	199979
206481	199978
206481	199875
206481	202541
206481	214365
206481	205983
206481	206588
206481	199515
206481	199617
206481	199531
206481	199593
206481	139533
206471	206429
206471	206428
206471	194944
206471	202988
206471	205687
206471	205685
206471	205682
206471	202627
206471	199979
206471	199978
206471	199875
206471	202541
206471	214365
206471	205983
206471	206588
206471	199515
206471	199617
206471	199531
206471	199593
206471	139533
206429	206428
206429	194944
206429	202988
206429	205687
206429	205685
206429	205682
206429	202627
206429	199979
206429	199978
206429	199875
206429	202541
206429	214365
206429	205983
206429	206588
206429	199515
206429	199617
206429	199531
206429	199593
206429	139533
206428	194944
206428	202988
206428	205687
206428	205685
206428	205682
206428	202627
206428	199979
206428	199978
206428	199875
206428	202541
206428	214365
206428	205983
206428	206588
206428	199515
206428	199617
206428	199531
206428	199593
206428	139533
194944	202988
194944	205687
194944	205685
194944	205682
194944	202627
194944	199979
194944	199978
194944	199875
194944	202541
194944	214365
194944	205983
194944	206588
194944	199515
194944	199617
194944	199531
194944	199593
194944	139533
202988	205687
202988	205685
202988	205682
202988	202627
202988	199979
202988	199978
202988	199875
202988	202541
202988	214365
202988	205983
202988	206588
202988	199515
202988	199617
202988	199531
202988	199593
202988	139533
205687	205685
205687	205682
205687	202627
205687	199979
205687	199978
205687	199875
205687	202541
205687	214365
205687	205983
205687	206588
205687	199515
205687	199617
205687	199531
205687	199593
205687	139533
205685	205682
205685	202627
205685	199979
205685	199978
205685	199875
205685	202541
205685	214365
205685	205983
205685	206588
205685	199515
205685	199617
205685	199531
205685	199593
205685	139533
205682	202627
205682	199979
205682	199978
205682	199875
205682	202541
205682	214365
205682	205983
205682	206588
205682	199515
205682	199617
205682	199531
205682	199593
205682	139533
202627	199979
202627	199978
202627	199875
202627	202541
202627	214365
202627	205983
202627	206588
202627	199515
202627	199617
202627	199531
202627	199593
202627	139533
199979	199978
199979	199875
199979	202541
199979	214365
199979	205983
199979	206588
199979	199515
199979	199617
199979	199531
199979	199593
199979	139533
199978	199875
199978	202541
199978	214365
199978	205983
199978	206588
199978	199515
199978	199617
199978	199531
199978	199593
199978	139533
199875	202541
199875	214365
199875	205983
199875	206588
199875	199515
199875	199617
199875	199531
199875	199593
199875	139533
202541	214365
202541	205983
202541	206588
202541	199515
202541	199617
202541	199531
202541	199593
202541	139533
214365	205983
214365	206588
214365	199515
214365	199617
214365	199531
214365	199593
214365	139533
205983	206588
205983	199515
205983	199617
205983	199531
205983	199593
205983	139533
206588	199515
206588	199617
206588	199531
206588	199593
206588	139533
199515	199617
199515	199531
199515	199593
199515	139533
199617	199531
199617	199593
199617	139533
199531	199593
199531	139533
199593	139533
