253
54730	54723
54730	54698
54730	54690
54730	54191
54730	53978
54730	54188
54730	218077
54730	215661
54730	224120
54730	215304
54730	215385
54730	224150
54730	215438
54730	215444
54730	222326
54730	219226
54730	132280
54730	223376
54730	223505
54730	223510
54730	223543
54730	215502
54723	54698
54723	54690
54723	54191
54723	53978
54723	54188
54723	218077
54723	215661
54723	224120
54723	215304
54723	215385
54723	224150
54723	215438
54723	215444
54723	222326
54723	219226
54723	132280
54723	223376
54723	223505
54723	223510
54723	223543
54723	215502
54698	54690
54698	54191
54698	53978
54698	54188
54698	218077
54698	215661
54698	224120
54698	215304
54698	215385
54698	224150
54698	215438
54698	215444
54698	222326
54698	219226
54698	132280
54698	223376
54698	223505
54698	223510
54698	223543
54698	215502
54690	54191
54690	53978
54690	54188
54690	218077
54690	215661
54690	224120
54690	215304
54690	215385
54690	224150
54690	215438
54690	215444
54690	222326
54690	219226
54690	132280
54690	223376
54690	223505
54690	223510
54690	223543
54690	215502
54191	53978
54191	54188
54191	218077
54191	215661
54191	224120
54191	215304
54191	215385
54191	224150
54191	215438
54191	215444
54191	222326
54191	219226
54191	132280
54191	223376
54191	223505
54191	223510
54191	223543
54191	215502
53978	54188
53978	218077
53978	215661
53978	224120
53978	215304
53978	215385
53978	224150
53978	215438
53978	215444
53978	222326
53978	219226
53978	132280
53978	223376
53978	223505
53978	223510
53978	223543
53978	215502
54188	218077
54188	215661
54188	224120
54188	215304
54188	215385
54188	224150
54188	215438
54188	215444
54188	222326
54188	219226
54188	132280
54188	223376
54188	223505
54188	223510
54188	223543
54188	215502
218077	215661
218077	224120
218077	215304
218077	215385
218077	224150
218077	215438
218077	215444
218077	222326
218077	219226
218077	132280
218077	223376
218077	223505
218077	223510
218077	223543
218077	215502
215661	224120
215661	215304
215661	215385
215661	224150
215661	215438
215661	215444
215661	222326
215661	219226
215661	132280
215661	223376
215661	223505
215661	223510
215661	223543
215661	215502
224120	215304
224120	215385
224120	224150
224120	215438
224120	215444
224120	222326
224120	219226
224120	132280
224120	223376
224120	223505
224120	223510
224120	223543
224120	215502
215304	215385
215304	224150
215304	215438
215304	215444
215304	222326
215304	219226
215304	132280
215304	223376
215304	223505
215304	223510
215304	223543
215304	215502
215385	224150
215385	215438
215385	215444
215385	222326
215385	219226
215385	132280
215385	223376
215385	223505
215385	223510
215385	223543
215385	215502
224150	215438
224150	215444
224150	222326
224150	219226
224150	132280
224150	223376
224150	223505
224150	223510
224150	223543
224150	215502
215438	215444
215438	222326
215438	219226
215438	132280
215438	223376
215438	223505
215438	223510
215438	223543
215438	215502
215444	222326
215444	219226
215444	132280
215444	223376
215444	223505
215444	223510
215444	223543
215444	215502
222326	219226
222326	132280
222326	223376
222326	223505
222326	223510
222326	223543
222326	215502
219226	132280
219226	223376
219226	223505
219226	223510
219226	223543
219226	215502
132280	223376
132280	223505
132280	223510
132280	223543
132280	215502
223376	223505
223376	223510
223376	223543
223376	215502
223505	223510
223505	223543
223505	215502
223510	223543
223510	215502
223543	215502
