1326
246537	246484
246537	242400
246537	251906
246537	259711
246537	259695
246537	259976
246537	259989
246537	259860
246537	259884
246537	259889
246537	255429
246537	256134
246537	256130
246537	258560
246537	259925
246537	259899
246537	245840
246537	245567
246537	247512
246537	247511
246537	236487
246537	247293
246537	247380
246537	247275
246537	247255
246537	246547
246537	252481
246537	253940
246537	253945
246537	255509
246537	248306
246537	245683
246537	245273
246537	245918
246537	245938
246537	242303
246537	250358
246537	238674
246537	250475
246537	250487
246537	238482
246537	252728
246537	252740
246537	252732
246537	253000
246537	252754
246537	252806
246537	247290
246537	258313
246537	244582
246537	250454
246484	242400
246484	251906
246484	259711
246484	259695
246484	259976
246484	259989
246484	259860
246484	259884
246484	259889
246484	255429
246484	256134
246484	256130
246484	258560
246484	259925
246484	259899
246484	245840
246484	245567
246484	247512
246484	247511
246484	236487
246484	247293
246484	247380
246484	247275
246484	247255
246484	246547
246484	252481
246484	253940
246484	253945
246484	255509
246484	248306
246484	245683
246484	245273
246484	245918
246484	245938
246484	242303
246484	250358
246484	238674
246484	250475
246484	250487
246484	238482
246484	252728
246484	252740
246484	252732
246484	253000
246484	252754
246484	252806
246484	247290
246484	258313
246484	244582
246484	250454
242400	251906
242400	259711
242400	259695
242400	259976
242400	259989
242400	259860
242400	259884
242400	259889
242400	255429
242400	256134
242400	256130
242400	258560
242400	259925
242400	259899
242400	245840
242400	245567
242400	247512
242400	247511
242400	236487
242400	247293
242400	247380
242400	247275
242400	247255
242400	246547
242400	252481
242400	253940
242400	253945
242400	255509
242400	248306
242400	245683
242400	245273
242400	245918
242400	245938
242400	242303
242400	250358
242400	238674
242400	250475
242400	250487
242400	238482
242400	252728
242400	252740
242400	252732
242400	253000
242400	252754
242400	252806
242400	247290
242400	258313
242400	244582
242400	250454
251906	259711
251906	259695
251906	259976
251906	259989
251906	259860
251906	259884
251906	259889
251906	255429
251906	256134
251906	256130
251906	258560
251906	259925
251906	259899
251906	245840
251906	245567
251906	247512
251906	247511
251906	236487
251906	247293
251906	247380
251906	247275
251906	247255
251906	246547
251906	252481
251906	253940
251906	253945
251906	255509
251906	248306
251906	245683
251906	245273
251906	245918
251906	245938
251906	242303
251906	250358
251906	238674
251906	250475
251906	250487
251906	238482
251906	252728
251906	252740
251906	252732
251906	253000
251906	252754
251906	252806
251906	247290
251906	258313
251906	244582
251906	250454
259711	259695
259711	259976
259711	259989
259711	259860
259711	259884
259711	259889
259711	255429
259711	256134
259711	256130
259711	258560
259711	259925
259711	259899
259711	245840
259711	245567
259711	247512
259711	247511
259711	236487
259711	247293
259711	247380
259711	247275
259711	247255
259711	246547
259711	252481
259711	253940
259711	253945
259711	255509
259711	248306
259711	245683
259711	245273
259711	245918
259711	245938
259711	242303
259711	250358
259711	238674
259711	250475
259711	250487
259711	238482
259711	252728
259711	252740
259711	252732
259711	253000
259711	252754
259711	252806
259711	247290
259711	258313
259711	244582
259711	250454
259695	259976
259695	259989
259695	259860
259695	259884
259695	259889
259695	255429
259695	256134
259695	256130
259695	258560
259695	259925
259695	259899
259695	245840
259695	245567
259695	247512
259695	247511
259695	236487
259695	247293
259695	247380
259695	247275
259695	247255
259695	246547
259695	252481
259695	253940
259695	253945
259695	255509
259695	248306
259695	245683
259695	245273
259695	245918
259695	245938
259695	242303
259695	250358
259695	238674
259695	250475
259695	250487
259695	238482
259695	252728
259695	252740
259695	252732
259695	253000
259695	252754
259695	252806
259695	247290
259695	258313
259695	244582
259695	250454
259976	259989
259976	259860
259976	259884
259976	259889
259976	255429
259976	256134
259976	256130
259976	258560
259976	259925
259976	259899
259976	245840
259976	245567
259976	247512
259976	247511
259976	236487
259976	247293
259976	247380
259976	247275
259976	247255
259976	246547
259976	252481
259976	253940
259976	253945
259976	255509
259976	248306
259976	245683
259976	245273
259976	245918
259976	245938
259976	242303
259976	250358
259976	238674
259976	250475
259976	250487
259976	238482
259976	252728
259976	252740
259976	252732
259976	253000
259976	252754
259976	252806
259976	247290
259976	258313
259976	244582
259976	250454
259989	259860
259989	259884
259989	259889
259989	255429
259989	256134
259989	256130
259989	258560
259989	259925
259989	259899
259989	245840
259989	245567
259989	247512
259989	247511
259989	236487
259989	247293
259989	247380
259989	247275
259989	247255
259989	246547
259989	252481
259989	253940
259989	253945
259989	255509
259989	248306
259989	245683
259989	245273
259989	245918
259989	245938
259989	242303
259989	250358
259989	238674
259989	250475
259989	250487
259989	238482
259989	252728
259989	252740
259989	252732
259989	253000
259989	252754
259989	252806
259989	247290
259989	258313
259989	244582
259989	250454
259860	259884
259860	259889
259860	255429
259860	256134
259860	256130
259860	258560
259860	259925
259860	259899
259860	245840
259860	245567
259860	247512
259860	247511
259860	236487
259860	247293
259860	247380
259860	247275
259860	247255
259860	246547
259860	252481
259860	253940
259860	253945
259860	255509
259860	248306
259860	245683
259860	245273
259860	245918
259860	245938
259860	242303
259860	250358
259860	238674
259860	250475
259860	250487
259860	238482
259860	252728
259860	252740
259860	252732
259860	253000
259860	252754
259860	252806
259860	247290
259860	258313
259860	244582
259860	250454
259884	259889
259884	255429
259884	256134
259884	256130
259884	258560
259884	259925
259884	259899
259884	245840
259884	245567
259884	247512
259884	247511
259884	236487
259884	247293
259884	247380
259884	247275
259884	247255
259884	246547
259884	252481
259884	253940
259884	253945
259884	255509
259884	248306
259884	245683
259884	245273
259884	245918
259884	245938
259884	242303
259884	250358
259884	238674
259884	250475
259884	250487
259884	238482
259884	252728
259884	252740
259884	252732
259884	253000
259884	252754
259884	252806
259884	247290
259884	258313
259884	244582
259884	250454
259889	255429
259889	256134
259889	256130
259889	258560
259889	259925
259889	259899
259889	245840
259889	245567
259889	247512
259889	247511
259889	236487
259889	247293
259889	247380
259889	247275
259889	247255
259889	246547
259889	252481
259889	253940
259889	253945
259889	255509
259889	248306
259889	245683
259889	245273
259889	245918
259889	245938
259889	242303
259889	250358
259889	238674
259889	250475
259889	250487
259889	238482
259889	252728
259889	252740
259889	252732
259889	253000
259889	252754
259889	252806
259889	247290
259889	258313
259889	244582
259889	250454
255429	256134
255429	256130
255429	258560
255429	259925
255429	259899
255429	245840
255429	245567
255429	247512
255429	247511
255429	236487
255429	247293
255429	247380
255429	247275
255429	247255
255429	246547
255429	252481
255429	253940
255429	253945
255429	255509
255429	248306
255429	245683
255429	245273
255429	245918
255429	245938
255429	242303
255429	250358
255429	238674
255429	250475
255429	250487
255429	238482
255429	252728
255429	252740
255429	252732
255429	253000
255429	252754
255429	252806
255429	247290
255429	258313
255429	244582
255429	250454
256134	256130
256134	258560
256134	259925
256134	259899
256134	245840
256134	245567
256134	247512
256134	247511
256134	236487
256134	247293
256134	247380
256134	247275
256134	247255
256134	246547
256134	252481
256134	253940
256134	253945
256134	255509
256134	248306
256134	245683
256134	245273
256134	245918
256134	245938
256134	242303
256134	250358
256134	238674
256134	250475
256134	250487
256134	238482
256134	252728
256134	252740
256134	252732
256134	253000
256134	252754
256134	252806
256134	247290
256134	258313
256134	244582
256134	250454
256130	258560
256130	259925
256130	259899
256130	245840
256130	245567
256130	247512
256130	247511
256130	236487
256130	247293
256130	247380
256130	247275
256130	247255
256130	246547
256130	252481
256130	253940
256130	253945
256130	255509
256130	248306
256130	245683
256130	245273
256130	245918
256130	245938
256130	242303
256130	250358
256130	238674
256130	250475
256130	250487
256130	238482
256130	252728
256130	252740
256130	252732
256130	253000
256130	252754
256130	252806
256130	247290
256130	258313
256130	244582
256130	250454
258560	259925
258560	259899
258560	245840
258560	245567
258560	247512
258560	247511
258560	236487
258560	247293
258560	247380
258560	247275
258560	247255
258560	246547
258560	252481
258560	253940
258560	253945
258560	255509
258560	248306
258560	245683
258560	245273
258560	245918
258560	245938
258560	242303
258560	250358
258560	238674
258560	250475
258560	250487
258560	238482
258560	252728
258560	252740
258560	252732
258560	253000
258560	252754
258560	252806
258560	247290
258560	258313
258560	244582
258560	250454
259925	259899
259925	245840
259925	245567
259925	247512
259925	247511
259925	236487
259925	247293
259925	247380
259925	247275
259925	247255
259925	246547
259925	252481
259925	253940
259925	253945
259925	255509
259925	248306
259925	245683
259925	245273
259925	245918
259925	245938
259925	242303
259925	250358
259925	238674
259925	250475
259925	250487
259925	238482
259925	252728
259925	252740
259925	252732
259925	253000
259925	252754
259925	252806
259925	247290
259925	258313
259925	244582
259925	250454
259899	245840
259899	245567
259899	247512
259899	247511
259899	236487
259899	247293
259899	247380
259899	247275
259899	247255
259899	246547
259899	252481
259899	253940
259899	253945
259899	255509
259899	248306
259899	245683
259899	245273
259899	245918
259899	245938
259899	242303
259899	250358
259899	238674
259899	250475
259899	250487
259899	238482
259899	252728
259899	252740
259899	252732
259899	253000
259899	252754
259899	252806
259899	247290
259899	258313
259899	244582
259899	250454
245840	245567
245840	247512
245840	247511
245840	236487
245840	247293
245840	247380
245840	247275
245840	247255
245840	246547
245840	252481
245840	253940
245840	253945
245840	255509
245840	248306
245840	245683
245840	245273
245840	245918
245840	245938
245840	242303
245840	250358
245840	238674
245840	250475
245840	250487
245840	238482
245840	252728
245840	252740
245840	252732
245840	253000
245840	252754
245840	252806
245840	247290
245840	258313
245840	244582
245840	250454
245567	247512
245567	247511
245567	236487
245567	247293
245567	247380
245567	247275
245567	247255
245567	246547
245567	252481
245567	253940
245567	253945
245567	255509
245567	248306
245567	245683
245567	245273
245567	245918
245567	245938
245567	242303
245567	250358
245567	238674
245567	250475
245567	250487
245567	238482
245567	252728
245567	252740
245567	252732
245567	253000
245567	252754
245567	252806
245567	247290
245567	258313
245567	244582
245567	250454
247512	247511
247512	236487
247512	247293
247512	247380
247512	247275
247512	247255
247512	246547
247512	252481
247512	253940
247512	253945
247512	255509
247512	248306
247512	245683
247512	245273
247512	245918
247512	245938
247512	242303
247512	250358
247512	238674
247512	250475
247512	250487
247512	238482
247512	252728
247512	252740
247512	252732
247512	253000
247512	252754
247512	252806
247512	247290
247512	258313
247512	244582
247512	250454
247511	236487
247511	247293
247511	247380
247511	247275
247511	247255
247511	246547
247511	252481
247511	253940
247511	253945
247511	255509
247511	248306
247511	245683
247511	245273
247511	245918
247511	245938
247511	242303
247511	250358
247511	238674
247511	250475
247511	250487
247511	238482
247511	252728
247511	252740
247511	252732
247511	253000
247511	252754
247511	252806
247511	247290
247511	258313
247511	244582
247511	250454
236487	247293
236487	247380
236487	247275
236487	247255
236487	246547
236487	252481
236487	253940
236487	253945
236487	255509
236487	248306
236487	245683
236487	245273
236487	245918
236487	245938
236487	242303
236487	250358
236487	238674
236487	250475
236487	250487
236487	238482
236487	252728
236487	252740
236487	252732
236487	253000
236487	252754
236487	252806
236487	247290
236487	258313
236487	244582
236487	250454
247293	247380
247293	247275
247293	247255
247293	246547
247293	252481
247293	253940
247293	253945
247293	255509
247293	248306
247293	245683
247293	245273
247293	245918
247293	245938
247293	242303
247293	250358
247293	238674
247293	250475
247293	250487
247293	238482
247293	252728
247293	252740
247293	252732
247293	253000
247293	252754
247293	252806
247293	247290
247293	258313
247293	244582
247293	250454
247380	247275
247380	247255
247380	246547
247380	252481
247380	253940
247380	253945
247380	255509
247380	248306
247380	245683
247380	245273
247380	245918
247380	245938
247380	242303
247380	250358
247380	238674
247380	250475
247380	250487
247380	238482
247380	252728
247380	252740
247380	252732
247380	253000
247380	252754
247380	252806
247380	247290
247380	258313
247380	244582
247380	250454
247275	247255
247275	246547
247275	252481
247275	253940
247275	253945
247275	255509
247275	248306
247275	245683
247275	245273
247275	245918
247275	245938
247275	242303
247275	250358
247275	238674
247275	250475
247275	250487
247275	238482
247275	252728
247275	252740
247275	252732
247275	253000
247275	252754
247275	252806
247275	247290
247275	258313
247275	244582
247275	250454
247255	246547
247255	252481
247255	253940
247255	253945
247255	255509
247255	248306
247255	245683
247255	245273
247255	245918
247255	245938
247255	242303
247255	250358
247255	238674
247255	250475
247255	250487
247255	238482
247255	252728
247255	252740
247255	252732
247255	253000
247255	252754
247255	252806
247255	247290
247255	258313
247255	244582
247255	250454
246547	252481
246547	253940
246547	253945
246547	255509
246547	248306
246547	245683
246547	245273
246547	245918
246547	245938
246547	242303
246547	250358
246547	238674
246547	250475
246547	250487
246547	238482
246547	252728
246547	252740
246547	252732
246547	253000
246547	252754
246547	252806
246547	247290
246547	258313
246547	244582
246547	250454
252481	253940
252481	253945
252481	255509
252481	248306
252481	245683
252481	245273
252481	245918
252481	245938
252481	242303
252481	250358
252481	238674
252481	250475
252481	250487
252481	238482
252481	252728
252481	252740
252481	252732
252481	253000
252481	252754
252481	252806
252481	247290
252481	258313
252481	244582
252481	250454
253940	253945
253940	255509
253940	248306
253940	245683
253940	245273
253940	245918
253940	245938
253940	242303
253940	250358
253940	238674
253940	250475
253940	250487
253940	238482
253940	252728
253940	252740
253940	252732
253940	253000
253940	252754
253940	252806
253940	247290
253940	258313
253940	244582
253940	250454
253945	255509
253945	248306
253945	245683
253945	245273
253945	245918
253945	245938
253945	242303
253945	250358
253945	238674
253945	250475
253945	250487
253945	238482
253945	252728
253945	252740
253945	252732
253945	253000
253945	252754
253945	252806
253945	247290
253945	258313
253945	244582
253945	250454
255509	248306
255509	245683
255509	245273
255509	245918
255509	245938
255509	242303
255509	250358
255509	238674
255509	250475
255509	250487
255509	238482
255509	252728
255509	252740
255509	252732
255509	253000
255509	252754
255509	252806
255509	247290
255509	258313
255509	244582
255509	250454
248306	245683
248306	245273
248306	245918
248306	245938
248306	242303
248306	250358
248306	238674
248306	250475
248306	250487
248306	238482
248306	252728
248306	252740
248306	252732
248306	253000
248306	252754
248306	252806
248306	247290
248306	258313
248306	244582
248306	250454
245683	245273
245683	245918
245683	245938
245683	242303
245683	250358
245683	238674
245683	250475
245683	250487
245683	238482
245683	252728
245683	252740
245683	252732
245683	253000
245683	252754
245683	252806
245683	247290
245683	258313
245683	244582
245683	250454
245273	245918
245273	245938
245273	242303
245273	250358
245273	238674
245273	250475
245273	250487
245273	238482
245273	252728
245273	252740
245273	252732
245273	253000
245273	252754
245273	252806
245273	247290
245273	258313
245273	244582
245273	250454
245918	245938
245918	242303
245918	250358
245918	238674
245918	250475
245918	250487
245918	238482
245918	252728
245918	252740
245918	252732
245918	253000
245918	252754
245918	252806
245918	247290
245918	258313
245918	244582
245918	250454
245938	242303
245938	250358
245938	238674
245938	250475
245938	250487
245938	238482
245938	252728
245938	252740
245938	252732
245938	253000
245938	252754
245938	252806
245938	247290
245938	258313
245938	244582
245938	250454
242303	250358
242303	238674
242303	250475
242303	250487
242303	238482
242303	252728
242303	252740
242303	252732
242303	253000
242303	252754
242303	252806
242303	247290
242303	258313
242303	244582
242303	250454
250358	238674
250358	250475
250358	250487
250358	238482
250358	252728
250358	252740
250358	252732
250358	253000
250358	252754
250358	252806
250358	247290
250358	258313
250358	244582
250358	250454
238674	250475
238674	250487
238674	238482
238674	252728
238674	252740
238674	252732
238674	253000
238674	252754
238674	252806
238674	247290
238674	258313
238674	244582
238674	250454
250475	250487
250475	238482
250475	252728
250475	252740
250475	252732
250475	253000
250475	252754
250475	252806
250475	247290
250475	258313
250475	244582
250475	250454
250487	238482
250487	252728
250487	252740
250487	252732
250487	253000
250487	252754
250487	252806
250487	247290
250487	258313
250487	244582
250487	250454
238482	252728
238482	252740
238482	252732
238482	253000
238482	252754
238482	252806
238482	247290
238482	258313
238482	244582
238482	250454
252728	252740
252728	252732
252728	253000
252728	252754
252728	252806
252728	247290
252728	258313
252728	244582
252728	250454
252740	252732
252740	253000
252740	252754
252740	252806
252740	247290
252740	258313
252740	244582
252740	250454
252732	253000
252732	252754
252732	252806
252732	247290
252732	258313
252732	244582
252732	250454
253000	252754
253000	252806
253000	247290
253000	258313
253000	244582
253000	250454
252754	252806
252754	247290
252754	258313
252754	244582
252754	250454
252806	247290
252806	258313
252806	244582
252806	250454
247290	258313
247290	244582
247290	250454
258313	244582
258313	250454
244582	250454
