2556
206439	206440
206439	164845
206439	209952
206439	208860
206439	164442
206439	164460
206439	211117
206439	211139
206439	163929
206439	163951
206439	209874
206439	198783
206439	209400
206439	214220
206439	162601
206439	162587
206439	162599
206439	214213
206439	213952
206439	209953
206439	213953
206439	209854
206439	161345
206439	206059
206439	209025
206439	208914
206439	209046
206439	209702
206439	209698
206439	201616
206439	208848
206439	212367
206439	212365
206439	212435
206439	164037
206439	160142
206439	164598
206439	164839
206439	164836
206439	210729
206439	210693
206439	210702
206439	210696
206439	209374
206439	209259
206439	209357
206439	209351
206439	209263
206439	209260
206439	215067
206439	213745
206439	208702
206439	208780
206439	211247
206439	211147
206439	161537
206439	206419
206439	208947
206439	206540
206439	206539
206439	206531
206439	206475
206439	206442
206439	212275
206439	212244
206439	210651
206439	210559
206439	160147
206439	210680
206439	209313
206439	209317
206440	164845
206440	209952
206440	208860
206440	164442
206440	164460
206440	211117
206440	211139
206440	163929
206440	163951
206440	209874
206440	198783
206440	209400
206440	214220
206440	162601
206440	162587
206440	162599
206440	214213
206440	213952
206440	209953
206440	213953
206440	209854
206440	161345
206440	206059
206440	209025
206440	208914
206440	209046
206440	209702
206440	209698
206440	201616
206440	208848
206440	212367
206440	212365
206440	212435
206440	164037
206440	160142
206440	164598
206440	164839
206440	164836
206440	210729
206440	210693
206440	210702
206440	210696
206440	209374
206440	209259
206440	209357
206440	209351
206440	209263
206440	209260
206440	215067
206440	213745
206440	208702
206440	208780
206440	211247
206440	211147
206440	161537
206440	206419
206440	208947
206440	206540
206440	206539
206440	206531
206440	206475
206440	206442
206440	212275
206440	212244
206440	210651
206440	210559
206440	160147
206440	210680
206440	209313
206440	209317
164845	209952
164845	208860
164845	164442
164845	164460
164845	211117
164845	211139
164845	163929
164845	163951
164845	209874
164845	198783
164845	209400
164845	214220
164845	162601
164845	162587
164845	162599
164845	214213
164845	213952
164845	209953
164845	213953
164845	209854
164845	161345
164845	206059
164845	209025
164845	208914
164845	209046
164845	209702
164845	209698
164845	201616
164845	208848
164845	212367
164845	212365
164845	212435
164845	164037
164845	160142
164845	164598
164845	164839
164845	164836
164845	210729
164845	210693
164845	210702
164845	210696
164845	209374
164845	209259
164845	209357
164845	209351
164845	209263
164845	209260
164845	215067
164845	213745
164845	208702
164845	208780
164845	211247
164845	211147
164845	161537
164845	206419
164845	208947
164845	206540
164845	206539
164845	206531
164845	206475
164845	206442
164845	212275
164845	212244
164845	210651
164845	210559
164845	160147
164845	210680
164845	209313
164845	209317
209952	208860
209952	164442
209952	164460
209952	211117
209952	211139
209952	163929
209952	163951
209952	209874
209952	198783
209952	209400
209952	214220
209952	162601
209952	162587
209952	162599
209952	214213
209952	213952
209952	209953
209952	213953
209952	209854
209952	161345
209952	206059
209952	209025
209952	208914
209952	209046
209952	209702
209952	209698
209952	201616
209952	208848
209952	212367
209952	212365
209952	212435
209952	164037
209952	160142
209952	164598
209952	164839
209952	164836
209952	210729
209952	210693
209952	210702
209952	210696
209952	209374
209952	209259
209952	209357
209952	209351
209952	209263
209952	209260
209952	215067
209952	213745
209952	208702
209952	208780
209952	211247
209952	211147
209952	161537
209952	206419
209952	208947
209952	206540
209952	206539
209952	206531
209952	206475
209952	206442
209952	212275
209952	212244
209952	210651
209952	210559
209952	160147
209952	210680
209952	209313
209952	209317
208860	164442
208860	164460
208860	211117
208860	211139
208860	163929
208860	163951
208860	209874
208860	198783
208860	209400
208860	214220
208860	162601
208860	162587
208860	162599
208860	214213
208860	213952
208860	209953
208860	213953
208860	209854
208860	161345
208860	206059
208860	209025
208860	208914
208860	209046
208860	209702
208860	209698
208860	201616
208860	208848
208860	212367
208860	212365
208860	212435
208860	164037
208860	160142
208860	164598
208860	164839
208860	164836
208860	210729
208860	210693
208860	210702
208860	210696
208860	209374
208860	209259
208860	209357
208860	209351
208860	209263
208860	209260
208860	215067
208860	213745
208860	208702
208860	208780
208860	211247
208860	211147
208860	161537
208860	206419
208860	208947
208860	206540
208860	206539
208860	206531
208860	206475
208860	206442
208860	212275
208860	212244
208860	210651
208860	210559
208860	160147
208860	210680
208860	209313
208860	209317
164442	164460
164442	211117
164442	211139
164442	163929
164442	163951
164442	209874
164442	198783
164442	209400
164442	214220
164442	162601
164442	162587
164442	162599
164442	214213
164442	213952
164442	209953
164442	213953
164442	209854
164442	161345
164442	206059
164442	209025
164442	208914
164442	209046
164442	209702
164442	209698
164442	201616
164442	208848
164442	212367
164442	212365
164442	212435
164442	164037
164442	160142
164442	164598
164442	164839
164442	164836
164442	210729
164442	210693
164442	210702
164442	210696
164442	209374
164442	209259
164442	209357
164442	209351
164442	209263
164442	209260
164442	215067
164442	213745
164442	208702
164442	208780
164442	211247
164442	211147
164442	161537
164442	206419
164442	208947
164442	206540
164442	206539
164442	206531
164442	206475
164442	206442
164442	212275
164442	212244
164442	210651
164442	210559
164442	160147
164442	210680
164442	209313
164442	209317
164460	211117
164460	211139
164460	163929
164460	163951
164460	209874
164460	198783
164460	209400
164460	214220
164460	162601
164460	162587
164460	162599
164460	214213
164460	213952
164460	209953
164460	213953
164460	209854
164460	161345
164460	206059
164460	209025
164460	208914
164460	209046
164460	209702
164460	209698
164460	201616
164460	208848
164460	212367
164460	212365
164460	212435
164460	164037
164460	160142
164460	164598
164460	164839
164460	164836
164460	210729
164460	210693
164460	210702
164460	210696
164460	209374
164460	209259
164460	209357
164460	209351
164460	209263
164460	209260
164460	215067
164460	213745
164460	208702
164460	208780
164460	211247
164460	211147
164460	161537
164460	206419
164460	208947
164460	206540
164460	206539
164460	206531
164460	206475
164460	206442
164460	212275
164460	212244
164460	210651
164460	210559
164460	160147
164460	210680
164460	209313
164460	209317
211117	211139
211117	163929
211117	163951
211117	209874
211117	198783
211117	209400
211117	214220
211117	162601
211117	162587
211117	162599
211117	214213
211117	213952
211117	209953
211117	213953
211117	209854
211117	161345
211117	206059
211117	209025
211117	208914
211117	209046
211117	209702
211117	209698
211117	201616
211117	208848
211117	212367
211117	212365
211117	212435
211117	164037
211117	160142
211117	164598
211117	164839
211117	164836
211117	210729
211117	210693
211117	210702
211117	210696
211117	209374
211117	209259
211117	209357
211117	209351
211117	209263
211117	209260
211117	215067
211117	213745
211117	208702
211117	208780
211117	211247
211117	211147
211117	161537
211117	206419
211117	208947
211117	206540
211117	206539
211117	206531
211117	206475
211117	206442
211117	212275
211117	212244
211117	210651
211117	210559
211117	160147
211117	210680
211117	209313
211117	209317
211139	163929
211139	163951
211139	209874
211139	198783
211139	209400
211139	214220
211139	162601
211139	162587
211139	162599
211139	214213
211139	213952
211139	209953
211139	213953
211139	209854
211139	161345
211139	206059
211139	209025
211139	208914
211139	209046
211139	209702
211139	209698
211139	201616
211139	208848
211139	212367
211139	212365
211139	212435
211139	164037
211139	160142
211139	164598
211139	164839
211139	164836
211139	210729
211139	210693
211139	210702
211139	210696
211139	209374
211139	209259
211139	209357
211139	209351
211139	209263
211139	209260
211139	215067
211139	213745
211139	208702
211139	208780
211139	211247
211139	211147
211139	161537
211139	206419
211139	208947
211139	206540
211139	206539
211139	206531
211139	206475
211139	206442
211139	212275
211139	212244
211139	210651
211139	210559
211139	160147
211139	210680
211139	209313
211139	209317
163929	163951
163929	209874
163929	198783
163929	209400
163929	214220
163929	162601
163929	162587
163929	162599
163929	214213
163929	213952
163929	209953
163929	213953
163929	209854
163929	161345
163929	206059
163929	209025
163929	208914
163929	209046
163929	209702
163929	209698
163929	201616
163929	208848
163929	212367
163929	212365
163929	212435
163929	164037
163929	160142
163929	164598
163929	164839
163929	164836
163929	210729
163929	210693
163929	210702
163929	210696
163929	209374
163929	209259
163929	209357
163929	209351
163929	209263
163929	209260
163929	215067
163929	213745
163929	208702
163929	208780
163929	211247
163929	211147
163929	161537
163929	206419
163929	208947
163929	206540
163929	206539
163929	206531
163929	206475
163929	206442
163929	212275
163929	212244
163929	210651
163929	210559
163929	160147
163929	210680
163929	209313
163929	209317
163951	209874
163951	198783
163951	209400
163951	214220
163951	162601
163951	162587
163951	162599
163951	214213
163951	213952
163951	209953
163951	213953
163951	209854
163951	161345
163951	206059
163951	209025
163951	208914
163951	209046
163951	209702
163951	209698
163951	201616
163951	208848
163951	212367
163951	212365
163951	212435
163951	164037
163951	160142
163951	164598
163951	164839
163951	164836
163951	210729
163951	210693
163951	210702
163951	210696
163951	209374
163951	209259
163951	209357
163951	209351
163951	209263
163951	209260
163951	215067
163951	213745
163951	208702
163951	208780
163951	211247
163951	211147
163951	161537
163951	206419
163951	208947
163951	206540
163951	206539
163951	206531
163951	206475
163951	206442
163951	212275
163951	212244
163951	210651
163951	210559
163951	160147
163951	210680
163951	209313
163951	209317
209874	198783
209874	209400
209874	214220
209874	162601
209874	162587
209874	162599
209874	214213
209874	213952
209874	209953
209874	213953
209874	209854
209874	161345
209874	206059
209874	209025
209874	208914
209874	209046
209874	209702
209874	209698
209874	201616
209874	208848
209874	212367
209874	212365
209874	212435
209874	164037
209874	160142
209874	164598
209874	164839
209874	164836
209874	210729
209874	210693
209874	210702
209874	210696
209874	209374
209874	209259
209874	209357
209874	209351
209874	209263
209874	209260
209874	215067
209874	213745
209874	208702
209874	208780
209874	211247
209874	211147
209874	161537
209874	206419
209874	208947
209874	206540
209874	206539
209874	206531
209874	206475
209874	206442
209874	212275
209874	212244
209874	210651
209874	210559
209874	160147
209874	210680
209874	209313
209874	209317
198783	209400
198783	214220
198783	162601
198783	162587
198783	162599
198783	214213
198783	213952
198783	209953
198783	213953
198783	209854
198783	161345
198783	206059
198783	209025
198783	208914
198783	209046
198783	209702
198783	209698
198783	201616
198783	208848
198783	212367
198783	212365
198783	212435
198783	164037
198783	160142
198783	164598
198783	164839
198783	164836
198783	210729
198783	210693
198783	210702
198783	210696
198783	209374
198783	209259
198783	209357
198783	209351
198783	209263
198783	209260
198783	215067
198783	213745
198783	208702
198783	208780
198783	211247
198783	211147
198783	161537
198783	206419
198783	208947
198783	206540
198783	206539
198783	206531
198783	206475
198783	206442
198783	212275
198783	212244
198783	210651
198783	210559
198783	160147
198783	210680
198783	209313
198783	209317
209400	214220
209400	162601
209400	162587
209400	162599
209400	214213
209400	213952
209400	209953
209400	213953
209400	209854
209400	161345
209400	206059
209400	209025
209400	208914
209400	209046
209400	209702
209400	209698
209400	201616
209400	208848
209400	212367
209400	212365
209400	212435
209400	164037
209400	160142
209400	164598
209400	164839
209400	164836
209400	210729
209400	210693
209400	210702
209400	210696
209400	209374
209400	209259
209400	209357
209400	209351
209400	209263
209400	209260
209400	215067
209400	213745
209400	208702
209400	208780
209400	211247
209400	211147
209400	161537
209400	206419
209400	208947
209400	206540
209400	206539
209400	206531
209400	206475
209400	206442
209400	212275
209400	212244
209400	210651
209400	210559
209400	160147
209400	210680
209400	209313
209400	209317
214220	162601
214220	162587
214220	162599
214220	214213
214220	213952
214220	209953
214220	213953
214220	209854
214220	161345
214220	206059
214220	209025
214220	208914
214220	209046
214220	209702
214220	209698
214220	201616
214220	208848
214220	212367
214220	212365
214220	212435
214220	164037
214220	160142
214220	164598
214220	164839
214220	164836
214220	210729
214220	210693
214220	210702
214220	210696
214220	209374
214220	209259
214220	209357
214220	209351
214220	209263
214220	209260
214220	215067
214220	213745
214220	208702
214220	208780
214220	211247
214220	211147
214220	161537
214220	206419
214220	208947
214220	206540
214220	206539
214220	206531
214220	206475
214220	206442
214220	212275
214220	212244
214220	210651
214220	210559
214220	160147
214220	210680
214220	209313
214220	209317
162601	162587
162601	162599
162601	214213
162601	213952
162601	209953
162601	213953
162601	209854
162601	161345
162601	206059
162601	209025
162601	208914
162601	209046
162601	209702
162601	209698
162601	201616
162601	208848
162601	212367
162601	212365
162601	212435
162601	164037
162601	160142
162601	164598
162601	164839
162601	164836
162601	210729
162601	210693
162601	210702
162601	210696
162601	209374
162601	209259
162601	209357
162601	209351
162601	209263
162601	209260
162601	215067
162601	213745
162601	208702
162601	208780
162601	211247
162601	211147
162601	161537
162601	206419
162601	208947
162601	206540
162601	206539
162601	206531
162601	206475
162601	206442
162601	212275
162601	212244
162601	210651
162601	210559
162601	160147
162601	210680
162601	209313
162601	209317
162587	162599
162587	214213
162587	213952
162587	209953
162587	213953
162587	209854
162587	161345
162587	206059
162587	209025
162587	208914
162587	209046
162587	209702
162587	209698
162587	201616
162587	208848
162587	212367
162587	212365
162587	212435
162587	164037
162587	160142
162587	164598
162587	164839
162587	164836
162587	210729
162587	210693
162587	210702
162587	210696
162587	209374
162587	209259
162587	209357
162587	209351
162587	209263
162587	209260
162587	215067
162587	213745
162587	208702
162587	208780
162587	211247
162587	211147
162587	161537
162587	206419
162587	208947
162587	206540
162587	206539
162587	206531
162587	206475
162587	206442
162587	212275
162587	212244
162587	210651
162587	210559
162587	160147
162587	210680
162587	209313
162587	209317
162599	214213
162599	213952
162599	209953
162599	213953
162599	209854
162599	161345
162599	206059
162599	209025
162599	208914
162599	209046
162599	209702
162599	209698
162599	201616
162599	208848
162599	212367
162599	212365
162599	212435
162599	164037
162599	160142
162599	164598
162599	164839
162599	164836
162599	210729
162599	210693
162599	210702
162599	210696
162599	209374
162599	209259
162599	209357
162599	209351
162599	209263
162599	209260
162599	215067
162599	213745
162599	208702
162599	208780
162599	211247
162599	211147
162599	161537
162599	206419
162599	208947
162599	206540
162599	206539
162599	206531
162599	206475
162599	206442
162599	212275
162599	212244
162599	210651
162599	210559
162599	160147
162599	210680
162599	209313
162599	209317
214213	213952
214213	209953
214213	213953
214213	209854
214213	161345
214213	206059
214213	209025
214213	208914
214213	209046
214213	209702
214213	209698
214213	201616
214213	208848
214213	212367
214213	212365
214213	212435
214213	164037
214213	160142
214213	164598
214213	164839
214213	164836
214213	210729
214213	210693
214213	210702
214213	210696
214213	209374
214213	209259
214213	209357
214213	209351
214213	209263
214213	209260
214213	215067
214213	213745
214213	208702
214213	208780
214213	211247
214213	211147
214213	161537
214213	206419
214213	208947
214213	206540
214213	206539
214213	206531
214213	206475
214213	206442
214213	212275
214213	212244
214213	210651
214213	210559
214213	160147
214213	210680
214213	209313
214213	209317
213952	209953
213952	213953
213952	209854
213952	161345
213952	206059
213952	209025
213952	208914
213952	209046
213952	209702
213952	209698
213952	201616
213952	208848
213952	212367
213952	212365
213952	212435
213952	164037
213952	160142
213952	164598
213952	164839
213952	164836
213952	210729
213952	210693
213952	210702
213952	210696
213952	209374
213952	209259
213952	209357
213952	209351
213952	209263
213952	209260
213952	215067
213952	213745
213952	208702
213952	208780
213952	211247
213952	211147
213952	161537
213952	206419
213952	208947
213952	206540
213952	206539
213952	206531
213952	206475
213952	206442
213952	212275
213952	212244
213952	210651
213952	210559
213952	160147
213952	210680
213952	209313
213952	209317
209953	213953
209953	209854
209953	161345
209953	206059
209953	209025
209953	208914
209953	209046
209953	209702
209953	209698
209953	201616
209953	208848
209953	212367
209953	212365
209953	212435
209953	164037
209953	160142
209953	164598
209953	164839
209953	164836
209953	210729
209953	210693
209953	210702
209953	210696
209953	209374
209953	209259
209953	209357
209953	209351
209953	209263
209953	209260
209953	215067
209953	213745
209953	208702
209953	208780
209953	211247
209953	211147
209953	161537
209953	206419
209953	208947
209953	206540
209953	206539
209953	206531
209953	206475
209953	206442
209953	212275
209953	212244
209953	210651
209953	210559
209953	160147
209953	210680
209953	209313
209953	209317
213953	209854
213953	161345
213953	206059
213953	209025
213953	208914
213953	209046
213953	209702
213953	209698
213953	201616
213953	208848
213953	212367
213953	212365
213953	212435
213953	164037
213953	160142
213953	164598
213953	164839
213953	164836
213953	210729
213953	210693
213953	210702
213953	210696
213953	209374
213953	209259
213953	209357
213953	209351
213953	209263
213953	209260
213953	215067
213953	213745
213953	208702
213953	208780
213953	211247
213953	211147
213953	161537
213953	206419
213953	208947
213953	206540
213953	206539
213953	206531
213953	206475
213953	206442
213953	212275
213953	212244
213953	210651
213953	210559
213953	160147
213953	210680
213953	209313
213953	209317
209854	161345
209854	206059
209854	209025
209854	208914
209854	209046
209854	209702
209854	209698
209854	201616
209854	208848
209854	212367
209854	212365
209854	212435
209854	164037
209854	160142
209854	164598
209854	164839
209854	164836
209854	210729
209854	210693
209854	210702
209854	210696
209854	209374
209854	209259
209854	209357
209854	209351
209854	209263
209854	209260
209854	215067
209854	213745
209854	208702
209854	208780
209854	211247
209854	211147
209854	161537
209854	206419
209854	208947
209854	206540
209854	206539
209854	206531
209854	206475
209854	206442
209854	212275
209854	212244
209854	210651
209854	210559
209854	160147
209854	210680
209854	209313
209854	209317
161345	206059
161345	209025
161345	208914
161345	209046
161345	209702
161345	209698
161345	201616
161345	208848
161345	212367
161345	212365
161345	212435
161345	164037
161345	160142
161345	164598
161345	164839
161345	164836
161345	210729
161345	210693
161345	210702
161345	210696
161345	209374
161345	209259
161345	209357
161345	209351
161345	209263
161345	209260
161345	215067
161345	213745
161345	208702
161345	208780
161345	211247
161345	211147
161345	161537
161345	206419
161345	208947
161345	206540
161345	206539
161345	206531
161345	206475
161345	206442
161345	212275
161345	212244
161345	210651
161345	210559
161345	160147
161345	210680
161345	209313
161345	209317
206059	209025
206059	208914
206059	209046
206059	209702
206059	209698
206059	201616
206059	208848
206059	212367
206059	212365
206059	212435
206059	164037
206059	160142
206059	164598
206059	164839
206059	164836
206059	210729
206059	210693
206059	210702
206059	210696
206059	209374
206059	209259
206059	209357
206059	209351
206059	209263
206059	209260
206059	215067
206059	213745
206059	208702
206059	208780
206059	211247
206059	211147
206059	161537
206059	206419
206059	208947
206059	206540
206059	206539
206059	206531
206059	206475
206059	206442
206059	212275
206059	212244
206059	210651
206059	210559
206059	160147
206059	210680
206059	209313
206059	209317
209025	208914
209025	209046
209025	209702
209025	209698
209025	201616
209025	208848
209025	212367
209025	212365
209025	212435
209025	164037
209025	160142
209025	164598
209025	164839
209025	164836
209025	210729
209025	210693
209025	210702
209025	210696
209025	209374
209025	209259
209025	209357
209025	209351
209025	209263
209025	209260
209025	215067
209025	213745
209025	208702
209025	208780
209025	211247
209025	211147
209025	161537
209025	206419
209025	208947
209025	206540
209025	206539
209025	206531
209025	206475
209025	206442
209025	212275
209025	212244
209025	210651
209025	210559
209025	160147
209025	210680
209025	209313
209025	209317
208914	209046
208914	209702
208914	209698
208914	201616
208914	208848
208914	212367
208914	212365
208914	212435
208914	164037
208914	160142
208914	164598
208914	164839
208914	164836
208914	210729
208914	210693
208914	210702
208914	210696
208914	209374
208914	209259
208914	209357
208914	209351
208914	209263
208914	209260
208914	215067
208914	213745
208914	208702
208914	208780
208914	211247
208914	211147
208914	161537
208914	206419
208914	208947
208914	206540
208914	206539
208914	206531
208914	206475
208914	206442
208914	212275
208914	212244
208914	210651
208914	210559
208914	160147
208914	210680
208914	209313
208914	209317
209046	209702
209046	209698
209046	201616
209046	208848
209046	212367
209046	212365
209046	212435
209046	164037
209046	160142
209046	164598
209046	164839
209046	164836
209046	210729
209046	210693
209046	210702
209046	210696
209046	209374
209046	209259
209046	209357
209046	209351
209046	209263
209046	209260
209046	215067
209046	213745
209046	208702
209046	208780
209046	211247
209046	211147
209046	161537
209046	206419
209046	208947
209046	206540
209046	206539
209046	206531
209046	206475
209046	206442
209046	212275
209046	212244
209046	210651
209046	210559
209046	160147
209046	210680
209046	209313
209046	209317
209702	209698
209702	201616
209702	208848
209702	212367
209702	212365
209702	212435
209702	164037
209702	160142
209702	164598
209702	164839
209702	164836
209702	210729
209702	210693
209702	210702
209702	210696
209702	209374
209702	209259
209702	209357
209702	209351
209702	209263
209702	209260
209702	215067
209702	213745
209702	208702
209702	208780
209702	211247
209702	211147
209702	161537
209702	206419
209702	208947
209702	206540
209702	206539
209702	206531
209702	206475
209702	206442
209702	212275
209702	212244
209702	210651
209702	210559
209702	160147
209702	210680
209702	209313
209702	209317
209698	201616
209698	208848
209698	212367
209698	212365
209698	212435
209698	164037
209698	160142
209698	164598
209698	164839
209698	164836
209698	210729
209698	210693
209698	210702
209698	210696
209698	209374
209698	209259
209698	209357
209698	209351
209698	209263
209698	209260
209698	215067
209698	213745
209698	208702
209698	208780
209698	211247
209698	211147
209698	161537
209698	206419
209698	208947
209698	206540
209698	206539
209698	206531
209698	206475
209698	206442
209698	212275
209698	212244
209698	210651
209698	210559
209698	160147
209698	210680
209698	209313
209698	209317
201616	208848
201616	212367
201616	212365
201616	212435
201616	164037
201616	160142
201616	164598
201616	164839
201616	164836
201616	210729
201616	210693
201616	210702
201616	210696
201616	209374
201616	209259
201616	209357
201616	209351
201616	209263
201616	209260
201616	215067
201616	213745
201616	208702
201616	208780
201616	211247
201616	211147
201616	161537
201616	206419
201616	208947
201616	206540
201616	206539
201616	206531
201616	206475
201616	206442
201616	212275
201616	212244
201616	210651
201616	210559
201616	160147
201616	210680
201616	209313
201616	209317
208848	212367
208848	212365
208848	212435
208848	164037
208848	160142
208848	164598
208848	164839
208848	164836
208848	210729
208848	210693
208848	210702
208848	210696
208848	209374
208848	209259
208848	209357
208848	209351
208848	209263
208848	209260
208848	215067
208848	213745
208848	208702
208848	208780
208848	211247
208848	211147
208848	161537
208848	206419
208848	208947
208848	206540
208848	206539
208848	206531
208848	206475
208848	206442
208848	212275
208848	212244
208848	210651
208848	210559
208848	160147
208848	210680
208848	209313
208848	209317
212367	212365
212367	212435
212367	164037
212367	160142
212367	164598
212367	164839
212367	164836
212367	210729
212367	210693
212367	210702
212367	210696
212367	209374
212367	209259
212367	209357
212367	209351
212367	209263
212367	209260
212367	215067
212367	213745
212367	208702
212367	208780
212367	211247
212367	211147
212367	161537
212367	206419
212367	208947
212367	206540
212367	206539
212367	206531
212367	206475
212367	206442
212367	212275
212367	212244
212367	210651
212367	210559
212367	160147
212367	210680
212367	209313
212367	209317
212365	212435
212365	164037
212365	160142
212365	164598
212365	164839
212365	164836
212365	210729
212365	210693
212365	210702
212365	210696
212365	209374
212365	209259
212365	209357
212365	209351
212365	209263
212365	209260
212365	215067
212365	213745
212365	208702
212365	208780
212365	211247
212365	211147
212365	161537
212365	206419
212365	208947
212365	206540
212365	206539
212365	206531
212365	206475
212365	206442
212365	212275
212365	212244
212365	210651
212365	210559
212365	160147
212365	210680
212365	209313
212365	209317
212435	164037
212435	160142
212435	164598
212435	164839
212435	164836
212435	210729
212435	210693
212435	210702
212435	210696
212435	209374
212435	209259
212435	209357
212435	209351
212435	209263
212435	209260
212435	215067
212435	213745
212435	208702
212435	208780
212435	211247
212435	211147
212435	161537
212435	206419
212435	208947
212435	206540
212435	206539
212435	206531
212435	206475
212435	206442
212435	212275
212435	212244
212435	210651
212435	210559
212435	160147
212435	210680
212435	209313
212435	209317
164037	160142
164037	164598
164037	164839
164037	164836
164037	210729
164037	210693
164037	210702
164037	210696
164037	209374
164037	209259
164037	209357
164037	209351
164037	209263
164037	209260
164037	215067
164037	213745
164037	208702
164037	208780
164037	211247
164037	211147
164037	161537
164037	206419
164037	208947
164037	206540
164037	206539
164037	206531
164037	206475
164037	206442
164037	212275
164037	212244
164037	210651
164037	210559
164037	160147
164037	210680
164037	209313
164037	209317
160142	164598
160142	164839
160142	164836
160142	210729
160142	210693
160142	210702
160142	210696
160142	209374
160142	209259
160142	209357
160142	209351
160142	209263
160142	209260
160142	215067
160142	213745
160142	208702
160142	208780
160142	211247
160142	211147
160142	161537
160142	206419
160142	208947
160142	206540
160142	206539
160142	206531
160142	206475
160142	206442
160142	212275
160142	212244
160142	210651
160142	210559
160142	160147
160142	210680
160142	209313
160142	209317
164598	164839
164598	164836
164598	210729
164598	210693
164598	210702
164598	210696
164598	209374
164598	209259
164598	209357
164598	209351
164598	209263
164598	209260
164598	215067
164598	213745
164598	208702
164598	208780
164598	211247
164598	211147
164598	161537
164598	206419
164598	208947
164598	206540
164598	206539
164598	206531
164598	206475
164598	206442
164598	212275
164598	212244
164598	210651
164598	210559
164598	160147
164598	210680
164598	209313
164598	209317
164839	164836
164839	210729
164839	210693
164839	210702
164839	210696
164839	209374
164839	209259
164839	209357
164839	209351
164839	209263
164839	209260
164839	215067
164839	213745
164839	208702
164839	208780
164839	211247
164839	211147
164839	161537
164839	206419
164839	208947
164839	206540
164839	206539
164839	206531
164839	206475
164839	206442
164839	212275
164839	212244
164839	210651
164839	210559
164839	160147
164839	210680
164839	209313
164839	209317
164836	210729
164836	210693
164836	210702
164836	210696
164836	209374
164836	209259
164836	209357
164836	209351
164836	209263
164836	209260
164836	215067
164836	213745
164836	208702
164836	208780
164836	211247
164836	211147
164836	161537
164836	206419
164836	208947
164836	206540
164836	206539
164836	206531
164836	206475
164836	206442
164836	212275
164836	212244
164836	210651
164836	210559
164836	160147
164836	210680
164836	209313
164836	209317
210729	210693
210729	210702
210729	210696
210729	209374
210729	209259
210729	209357
210729	209351
210729	209263
210729	209260
210729	215067
210729	213745
210729	208702
210729	208780
210729	211247
210729	211147
210729	161537
210729	206419
210729	208947
210729	206540
210729	206539
210729	206531
210729	206475
210729	206442
210729	212275
210729	212244
210729	210651
210729	210559
210729	160147
210729	210680
210729	209313
210729	209317
210693	210702
210693	210696
210693	209374
210693	209259
210693	209357
210693	209351
210693	209263
210693	209260
210693	215067
210693	213745
210693	208702
210693	208780
210693	211247
210693	211147
210693	161537
210693	206419
210693	208947
210693	206540
210693	206539
210693	206531
210693	206475
210693	206442
210693	212275
210693	212244
210693	210651
210693	210559
210693	160147
210693	210680
210693	209313
210693	209317
210702	210696
210702	209374
210702	209259
210702	209357
210702	209351
210702	209263
210702	209260
210702	215067
210702	213745
210702	208702
210702	208780
210702	211247
210702	211147
210702	161537
210702	206419
210702	208947
210702	206540
210702	206539
210702	206531
210702	206475
210702	206442
210702	212275
210702	212244
210702	210651
210702	210559
210702	160147
210702	210680
210702	209313
210702	209317
210696	209374
210696	209259
210696	209357
210696	209351
210696	209263
210696	209260
210696	215067
210696	213745
210696	208702
210696	208780
210696	211247
210696	211147
210696	161537
210696	206419
210696	208947
210696	206540
210696	206539
210696	206531
210696	206475
210696	206442
210696	212275
210696	212244
210696	210651
210696	210559
210696	160147
210696	210680
210696	209313
210696	209317
209374	209259
209374	209357
209374	209351
209374	209263
209374	209260
209374	215067
209374	213745
209374	208702
209374	208780
209374	211247
209374	211147
209374	161537
209374	206419
209374	208947
209374	206540
209374	206539
209374	206531
209374	206475
209374	206442
209374	212275
209374	212244
209374	210651
209374	210559
209374	160147
209374	210680
209374	209313
209374	209317
209259	209357
209259	209351
209259	209263
209259	209260
209259	215067
209259	213745
209259	208702
209259	208780
209259	211247
209259	211147
209259	161537
209259	206419
209259	208947
209259	206540
209259	206539
209259	206531
209259	206475
209259	206442
209259	212275
209259	212244
209259	210651
209259	210559
209259	160147
209259	210680
209259	209313
209259	209317
209357	209351
209357	209263
209357	209260
209357	215067
209357	213745
209357	208702
209357	208780
209357	211247
209357	211147
209357	161537
209357	206419
209357	208947
209357	206540
209357	206539
209357	206531
209357	206475
209357	206442
209357	212275
209357	212244
209357	210651
209357	210559
209357	160147
209357	210680
209357	209313
209357	209317
209351	209263
209351	209260
209351	215067
209351	213745
209351	208702
209351	208780
209351	211247
209351	211147
209351	161537
209351	206419
209351	208947
209351	206540
209351	206539
209351	206531
209351	206475
209351	206442
209351	212275
209351	212244
209351	210651
209351	210559
209351	160147
209351	210680
209351	209313
209351	209317
209263	209260
209263	215067
209263	213745
209263	208702
209263	208780
209263	211247
209263	211147
209263	161537
209263	206419
209263	208947
209263	206540
209263	206539
209263	206531
209263	206475
209263	206442
209263	212275
209263	212244
209263	210651
209263	210559
209263	160147
209263	210680
209263	209313
209263	209317
209260	215067
209260	213745
209260	208702
209260	208780
209260	211247
209260	211147
209260	161537
209260	206419
209260	208947
209260	206540
209260	206539
209260	206531
209260	206475
209260	206442
209260	212275
209260	212244
209260	210651
209260	210559
209260	160147
209260	210680
209260	209313
209260	209317
215067	213745
215067	208702
215067	208780
215067	211247
215067	211147
215067	161537
215067	206419
215067	208947
215067	206540
215067	206539
215067	206531
215067	206475
215067	206442
215067	212275
215067	212244
215067	210651
215067	210559
215067	160147
215067	210680
215067	209313
215067	209317
213745	208702
213745	208780
213745	211247
213745	211147
213745	161537
213745	206419
213745	208947
213745	206540
213745	206539
213745	206531
213745	206475
213745	206442
213745	212275
213745	212244
213745	210651
213745	210559
213745	160147
213745	210680
213745	209313
213745	209317
208702	208780
208702	211247
208702	211147
208702	161537
208702	206419
208702	208947
208702	206540
208702	206539
208702	206531
208702	206475
208702	206442
208702	212275
208702	212244
208702	210651
208702	210559
208702	160147
208702	210680
208702	209313
208702	209317
208780	211247
208780	211147
208780	161537
208780	206419
208780	208947
208780	206540
208780	206539
208780	206531
208780	206475
208780	206442
208780	212275
208780	212244
208780	210651
208780	210559
208780	160147
208780	210680
208780	209313
208780	209317
211247	211147
211247	161537
211247	206419
211247	208947
211247	206540
211247	206539
211247	206531
211247	206475
211247	206442
211247	212275
211247	212244
211247	210651
211247	210559
211247	160147
211247	210680
211247	209313
211247	209317
211147	161537
211147	206419
211147	208947
211147	206540
211147	206539
211147	206531
211147	206475
211147	206442
211147	212275
211147	212244
211147	210651
211147	210559
211147	160147
211147	210680
211147	209313
211147	209317
161537	206419
161537	208947
161537	206540
161537	206539
161537	206531
161537	206475
161537	206442
161537	212275
161537	212244
161537	210651
161537	210559
161537	160147
161537	210680
161537	209313
161537	209317
206419	208947
206419	206540
206419	206539
206419	206531
206419	206475
206419	206442
206419	212275
206419	212244
206419	210651
206419	210559
206419	160147
206419	210680
206419	209313
206419	209317
208947	206540
208947	206539
208947	206531
208947	206475
208947	206442
208947	212275
208947	212244
208947	210651
208947	210559
208947	160147
208947	210680
208947	209313
208947	209317
206540	206539
206540	206531
206540	206475
206540	206442
206540	212275
206540	212244
206540	210651
206540	210559
206540	160147
206540	210680
206540	209313
206540	209317
206539	206531
206539	206475
206539	206442
206539	212275
206539	212244
206539	210651
206539	210559
206539	160147
206539	210680
206539	209313
206539	209317
206531	206475
206531	206442
206531	212275
206531	212244
206531	210651
206531	210559
206531	160147
206531	210680
206531	209313
206531	209317
206475	206442
206475	212275
206475	212244
206475	210651
206475	210559
206475	160147
206475	210680
206475	209313
206475	209317
206442	212275
206442	212244
206442	210651
206442	210559
206442	160147
206442	210680
206442	209313
206442	209317
212275	212244
212275	210651
212275	210559
212275	160147
212275	210680
212275	209313
212275	209317
212244	210651
212244	210559
212244	160147
212244	210680
212244	209313
212244	209317
210651	210559
210651	160147
210651	210680
210651	209313
210651	209317
210559	160147
210559	210680
210559	209313
210559	209317
160147	210680
160147	209313
160147	209317
210680	209313
210680	209317
209313	209317
