3916
41637	48393
41637	48395
41637	46265
41637	53560
41637	48638
41637	48615
41637	48602
41637	48600
41637	48645
41637	48297
41637	48286
41637	128076
41637	126958
41637	126990
41637	127928
41637	130687
41637	130658
41637	130644
41637	130641
41637	130780
41637	41514
41637	41529
41637	46863
41637	41538
41637	41521
41637	46858
41637	41506
41637	41505
41637	38710
41637	46814
41637	46813
41637	46872
41637	46754
41637	46761
41637	46760
41637	41482
41637	38126
41637	38132
41637	38114
41637	38113
41637	38068
41637	38122
41637	41481
41637	46805
41637	46691
41637	46699
41637	46228
41637	126983
41637	46667
41637	46372
41637	46365
41637	46668
41637	46160
41637	46190
41637	46154
41637	46038
41637	46062
41637	46060
41637	46058
41637	46093
41637	46044
41637	46043
41637	39027
41637	41569
41637	41567
41637	41568
41637	41577
41637	130055
41637	128071
41637	127944
41637	53977
41637	48333
41637	49655
41637	49631
41637	39017
41637	39011
41637	39028
41637	39029
41637	40776
41637	40777
41637	39022
41637	53765
41637	53709
41637	53667
41637	53666
41637	53761
41637	129925
41637	40804
48393	48395
48393	46265
48393	53560
48393	48638
48393	48615
48393	48602
48393	48600
48393	48645
48393	48297
48393	48286
48393	128076
48393	126958
48393	126990
48393	127928
48393	130687
48393	130658
48393	130644
48393	130641
48393	130780
48393	41514
48393	41529
48393	46863
48393	41538
48393	41521
48393	46858
48393	41506
48393	41505
48393	38710
48393	46814
48393	46813
48393	46872
48393	46754
48393	46761
48393	46760
48393	41482
48393	38126
48393	38132
48393	38114
48393	38113
48393	38068
48393	38122
48393	41481
48393	46805
48393	46691
48393	46699
48393	46228
48393	126983
48393	46667
48393	46372
48393	46365
48393	46668
48393	46160
48393	46190
48393	46154
48393	46038
48393	46062
48393	46060
48393	46058
48393	46093
48393	46044
48393	46043
48393	39027
48393	41569
48393	41567
48393	41568
48393	41577
48393	130055
48393	128071
48393	127944
48393	53977
48393	48333
48393	49655
48393	49631
48393	39017
48393	39011
48393	39028
48393	39029
48393	40776
48393	40777
48393	39022
48393	53765
48393	53709
48393	53667
48393	53666
48393	53761
48393	129925
48393	40804
48395	46265
48395	53560
48395	48638
48395	48615
48395	48602
48395	48600
48395	48645
48395	48297
48395	48286
48395	128076
48395	126958
48395	126990
48395	127928
48395	130687
48395	130658
48395	130644
48395	130641
48395	130780
48395	41514
48395	41529
48395	46863
48395	41538
48395	41521
48395	46858
48395	41506
48395	41505
48395	38710
48395	46814
48395	46813
48395	46872
48395	46754
48395	46761
48395	46760
48395	41482
48395	38126
48395	38132
48395	38114
48395	38113
48395	38068
48395	38122
48395	41481
48395	46805
48395	46691
48395	46699
48395	46228
48395	126983
48395	46667
48395	46372
48395	46365
48395	46668
48395	46160
48395	46190
48395	46154
48395	46038
48395	46062
48395	46060
48395	46058
48395	46093
48395	46044
48395	46043
48395	39027
48395	41569
48395	41567
48395	41568
48395	41577
48395	130055
48395	128071
48395	127944
48395	53977
48395	48333
48395	49655
48395	49631
48395	39017
48395	39011
48395	39028
48395	39029
48395	40776
48395	40777
48395	39022
48395	53765
48395	53709
48395	53667
48395	53666
48395	53761
48395	129925
48395	40804
46265	53560
46265	48638
46265	48615
46265	48602
46265	48600
46265	48645
46265	48297
46265	48286
46265	128076
46265	126958
46265	126990
46265	127928
46265	130687
46265	130658
46265	130644
46265	130641
46265	130780
46265	41514
46265	41529
46265	46863
46265	41538
46265	41521
46265	46858
46265	41506
46265	41505
46265	38710
46265	46814
46265	46813
46265	46872
46265	46754
46265	46761
46265	46760
46265	41482
46265	38126
46265	38132
46265	38114
46265	38113
46265	38068
46265	38122
46265	41481
46265	46805
46265	46691
46265	46699
46265	46228
46265	126983
46265	46667
46265	46372
46265	46365
46265	46668
46265	46160
46265	46190
46265	46154
46265	46038
46265	46062
46265	46060
46265	46058
46265	46093
46265	46044
46265	46043
46265	39027
46265	41569
46265	41567
46265	41568
46265	41577
46265	130055
46265	128071
46265	127944
46265	53977
46265	48333
46265	49655
46265	49631
46265	39017
46265	39011
46265	39028
46265	39029
46265	40776
46265	40777
46265	39022
46265	53765
46265	53709
46265	53667
46265	53666
46265	53761
46265	129925
46265	40804
53560	48638
53560	48615
53560	48602
53560	48600
53560	48645
53560	48297
53560	48286
53560	128076
53560	126958
53560	126990
53560	127928
53560	130687
53560	130658
53560	130644
53560	130641
53560	130780
53560	41514
53560	41529
53560	46863
53560	41538
53560	41521
53560	46858
53560	41506
53560	41505
53560	38710
53560	46814
53560	46813
53560	46872
53560	46754
53560	46761
53560	46760
53560	41482
53560	38126
53560	38132
53560	38114
53560	38113
53560	38068
53560	38122
53560	41481
53560	46805
53560	46691
53560	46699
53560	46228
53560	126983
53560	46667
53560	46372
53560	46365
53560	46668
53560	46160
53560	46190
53560	46154
53560	46038
53560	46062
53560	46060
53560	46058
53560	46093
53560	46044
53560	46043
53560	39027
53560	41569
53560	41567
53560	41568
53560	41577
53560	130055
53560	128071
53560	127944
53560	53977
53560	48333
53560	49655
53560	49631
53560	39017
53560	39011
53560	39028
53560	39029
53560	40776
53560	40777
53560	39022
53560	53765
53560	53709
53560	53667
53560	53666
53560	53761
53560	129925
53560	40804
48638	48615
48638	48602
48638	48600
48638	48645
48638	48297
48638	48286
48638	128076
48638	126958
48638	126990
48638	127928
48638	130687
48638	130658
48638	130644
48638	130641
48638	130780
48638	41514
48638	41529
48638	46863
48638	41538
48638	41521
48638	46858
48638	41506
48638	41505
48638	38710
48638	46814
48638	46813
48638	46872
48638	46754
48638	46761
48638	46760
48638	41482
48638	38126
48638	38132
48638	38114
48638	38113
48638	38068
48638	38122
48638	41481
48638	46805
48638	46691
48638	46699
48638	46228
48638	126983
48638	46667
48638	46372
48638	46365
48638	46668
48638	46160
48638	46190
48638	46154
48638	46038
48638	46062
48638	46060
48638	46058
48638	46093
48638	46044
48638	46043
48638	39027
48638	41569
48638	41567
48638	41568
48638	41577
48638	130055
48638	128071
48638	127944
48638	53977
48638	48333
48638	49655
48638	49631
48638	39017
48638	39011
48638	39028
48638	39029
48638	40776
48638	40777
48638	39022
48638	53765
48638	53709
48638	53667
48638	53666
48638	53761
48638	129925
48638	40804
48615	48602
48615	48600
48615	48645
48615	48297
48615	48286
48615	128076
48615	126958
48615	126990
48615	127928
48615	130687
48615	130658
48615	130644
48615	130641
48615	130780
48615	41514
48615	41529
48615	46863
48615	41538
48615	41521
48615	46858
48615	41506
48615	41505
48615	38710
48615	46814
48615	46813
48615	46872
48615	46754
48615	46761
48615	46760
48615	41482
48615	38126
48615	38132
48615	38114
48615	38113
48615	38068
48615	38122
48615	41481
48615	46805
48615	46691
48615	46699
48615	46228
48615	126983
48615	46667
48615	46372
48615	46365
48615	46668
48615	46160
48615	46190
48615	46154
48615	46038
48615	46062
48615	46060
48615	46058
48615	46093
48615	46044
48615	46043
48615	39027
48615	41569
48615	41567
48615	41568
48615	41577
48615	130055
48615	128071
48615	127944
48615	53977
48615	48333
48615	49655
48615	49631
48615	39017
48615	39011
48615	39028
48615	39029
48615	40776
48615	40777
48615	39022
48615	53765
48615	53709
48615	53667
48615	53666
48615	53761
48615	129925
48615	40804
48602	48600
48602	48645
48602	48297
48602	48286
48602	128076
48602	126958
48602	126990
48602	127928
48602	130687
48602	130658
48602	130644
48602	130641
48602	130780
48602	41514
48602	41529
48602	46863
48602	41538
48602	41521
48602	46858
48602	41506
48602	41505
48602	38710
48602	46814
48602	46813
48602	46872
48602	46754
48602	46761
48602	46760
48602	41482
48602	38126
48602	38132
48602	38114
48602	38113
48602	38068
48602	38122
48602	41481
48602	46805
48602	46691
48602	46699
48602	46228
48602	126983
48602	46667
48602	46372
48602	46365
48602	46668
48602	46160
48602	46190
48602	46154
48602	46038
48602	46062
48602	46060
48602	46058
48602	46093
48602	46044
48602	46043
48602	39027
48602	41569
48602	41567
48602	41568
48602	41577
48602	130055
48602	128071
48602	127944
48602	53977
48602	48333
48602	49655
48602	49631
48602	39017
48602	39011
48602	39028
48602	39029
48602	40776
48602	40777
48602	39022
48602	53765
48602	53709
48602	53667
48602	53666
48602	53761
48602	129925
48602	40804
48600	48645
48600	48297
48600	48286
48600	128076
48600	126958
48600	126990
48600	127928
48600	130687
48600	130658
48600	130644
48600	130641
48600	130780
48600	41514
48600	41529
48600	46863
48600	41538
48600	41521
48600	46858
48600	41506
48600	41505
48600	38710
48600	46814
48600	46813
48600	46872
48600	46754
48600	46761
48600	46760
48600	41482
48600	38126
48600	38132
48600	38114
48600	38113
48600	38068
48600	38122
48600	41481
48600	46805
48600	46691
48600	46699
48600	46228
48600	126983
48600	46667
48600	46372
48600	46365
48600	46668
48600	46160
48600	46190
48600	46154
48600	46038
48600	46062
48600	46060
48600	46058
48600	46093
48600	46044
48600	46043
48600	39027
48600	41569
48600	41567
48600	41568
48600	41577
48600	130055
48600	128071
48600	127944
48600	53977
48600	48333
48600	49655
48600	49631
48600	39017
48600	39011
48600	39028
48600	39029
48600	40776
48600	40777
48600	39022
48600	53765
48600	53709
48600	53667
48600	53666
48600	53761
48600	129925
48600	40804
48645	48297
48645	48286
48645	128076
48645	126958
48645	126990
48645	127928
48645	130687
48645	130658
48645	130644
48645	130641
48645	130780
48645	41514
48645	41529
48645	46863
48645	41538
48645	41521
48645	46858
48645	41506
48645	41505
48645	38710
48645	46814
48645	46813
48645	46872
48645	46754
48645	46761
48645	46760
48645	41482
48645	38126
48645	38132
48645	38114
48645	38113
48645	38068
48645	38122
48645	41481
48645	46805
48645	46691
48645	46699
48645	46228
48645	126983
48645	46667
48645	46372
48645	46365
48645	46668
48645	46160
48645	46190
48645	46154
48645	46038
48645	46062
48645	46060
48645	46058
48645	46093
48645	46044
48645	46043
48645	39027
48645	41569
48645	41567
48645	41568
48645	41577
48645	130055
48645	128071
48645	127944
48645	53977
48645	48333
48645	49655
48645	49631
48645	39017
48645	39011
48645	39028
48645	39029
48645	40776
48645	40777
48645	39022
48645	53765
48645	53709
48645	53667
48645	53666
48645	53761
48645	129925
48645	40804
48297	48286
48297	128076
48297	126958
48297	126990
48297	127928
48297	130687
48297	130658
48297	130644
48297	130641
48297	130780
48297	41514
48297	41529
48297	46863
48297	41538
48297	41521
48297	46858
48297	41506
48297	41505
48297	38710
48297	46814
48297	46813
48297	46872
48297	46754
48297	46761
48297	46760
48297	41482
48297	38126
48297	38132
48297	38114
48297	38113
48297	38068
48297	38122
48297	41481
48297	46805
48297	46691
48297	46699
48297	46228
48297	126983
48297	46667
48297	46372
48297	46365
48297	46668
48297	46160
48297	46190
48297	46154
48297	46038
48297	46062
48297	46060
48297	46058
48297	46093
48297	46044
48297	46043
48297	39027
48297	41569
48297	41567
48297	41568
48297	41577
48297	130055
48297	128071
48297	127944
48297	53977
48297	48333
48297	49655
48297	49631
48297	39017
48297	39011
48297	39028
48297	39029
48297	40776
48297	40777
48297	39022
48297	53765
48297	53709
48297	53667
48297	53666
48297	53761
48297	129925
48297	40804
48286	128076
48286	126958
48286	126990
48286	127928
48286	130687
48286	130658
48286	130644
48286	130641
48286	130780
48286	41514
48286	41529
48286	46863
48286	41538
48286	41521
48286	46858
48286	41506
48286	41505
48286	38710
48286	46814
48286	46813
48286	46872
48286	46754
48286	46761
48286	46760
48286	41482
48286	38126
48286	38132
48286	38114
48286	38113
48286	38068
48286	38122
48286	41481
48286	46805
48286	46691
48286	46699
48286	46228
48286	126983
48286	46667
48286	46372
48286	46365
48286	46668
48286	46160
48286	46190
48286	46154
48286	46038
48286	46062
48286	46060
48286	46058
48286	46093
48286	46044
48286	46043
48286	39027
48286	41569
48286	41567
48286	41568
48286	41577
48286	130055
48286	128071
48286	127944
48286	53977
48286	48333
48286	49655
48286	49631
48286	39017
48286	39011
48286	39028
48286	39029
48286	40776
48286	40777
48286	39022
48286	53765
48286	53709
48286	53667
48286	53666
48286	53761
48286	129925
48286	40804
128076	126958
128076	126990
128076	127928
128076	130687
128076	130658
128076	130644
128076	130641
128076	130780
128076	41514
128076	41529
128076	46863
128076	41538
128076	41521
128076	46858
128076	41506
128076	41505
128076	38710
128076	46814
128076	46813
128076	46872
128076	46754
128076	46761
128076	46760
128076	41482
128076	38126
128076	38132
128076	38114
128076	38113
128076	38068
128076	38122
128076	41481
128076	46805
128076	46691
128076	46699
128076	46228
128076	126983
128076	46667
128076	46372
128076	46365
128076	46668
128076	46160
128076	46190
128076	46154
128076	46038
128076	46062
128076	46060
128076	46058
128076	46093
128076	46044
128076	46043
128076	39027
128076	41569
128076	41567
128076	41568
128076	41577
128076	130055
128076	128071
128076	127944
128076	53977
128076	48333
128076	49655
128076	49631
128076	39017
128076	39011
128076	39028
128076	39029
128076	40776
128076	40777
128076	39022
128076	53765
128076	53709
128076	53667
128076	53666
128076	53761
128076	129925
128076	40804
126958	126990
126958	127928
126958	130687
126958	130658
126958	130644
126958	130641
126958	130780
126958	41514
126958	41529
126958	46863
126958	41538
126958	41521
126958	46858
126958	41506
126958	41505
126958	38710
126958	46814
126958	46813
126958	46872
126958	46754
126958	46761
126958	46760
126958	41482
126958	38126
126958	38132
126958	38114
126958	38113
126958	38068
126958	38122
126958	41481
126958	46805
126958	46691
126958	46699
126958	46228
126958	126983
126958	46667
126958	46372
126958	46365
126958	46668
126958	46160
126958	46190
126958	46154
126958	46038
126958	46062
126958	46060
126958	46058
126958	46093
126958	46044
126958	46043
126958	39027
126958	41569
126958	41567
126958	41568
126958	41577
126958	130055
126958	128071
126958	127944
126958	53977
126958	48333
126958	49655
126958	49631
126958	39017
126958	39011
126958	39028
126958	39029
126958	40776
126958	40777
126958	39022
126958	53765
126958	53709
126958	53667
126958	53666
126958	53761
126958	129925
126958	40804
126990	127928
126990	130687
126990	130658
126990	130644
126990	130641
126990	130780
126990	41514
126990	41529
126990	46863
126990	41538
126990	41521
126990	46858
126990	41506
126990	41505
126990	38710
126990	46814
126990	46813
126990	46872
126990	46754
126990	46761
126990	46760
126990	41482
126990	38126
126990	38132
126990	38114
126990	38113
126990	38068
126990	38122
126990	41481
126990	46805
126990	46691
126990	46699
126990	46228
126990	126983
126990	46667
126990	46372
126990	46365
126990	46668
126990	46160
126990	46190
126990	46154
126990	46038
126990	46062
126990	46060
126990	46058
126990	46093
126990	46044
126990	46043
126990	39027
126990	41569
126990	41567
126990	41568
126990	41577
126990	130055
126990	128071
126990	127944
126990	53977
126990	48333
126990	49655
126990	49631
126990	39017
126990	39011
126990	39028
126990	39029
126990	40776
126990	40777
126990	39022
126990	53765
126990	53709
126990	53667
126990	53666
126990	53761
126990	129925
126990	40804
127928	130687
127928	130658
127928	130644
127928	130641
127928	130780
127928	41514
127928	41529
127928	46863
127928	41538
127928	41521
127928	46858
127928	41506
127928	41505
127928	38710
127928	46814
127928	46813
127928	46872
127928	46754
127928	46761
127928	46760
127928	41482
127928	38126
127928	38132
127928	38114
127928	38113
127928	38068
127928	38122
127928	41481
127928	46805
127928	46691
127928	46699
127928	46228
127928	126983
127928	46667
127928	46372
127928	46365
127928	46668
127928	46160
127928	46190
127928	46154
127928	46038
127928	46062
127928	46060
127928	46058
127928	46093
127928	46044
127928	46043
127928	39027
127928	41569
127928	41567
127928	41568
127928	41577
127928	130055
127928	128071
127928	127944
127928	53977
127928	48333
127928	49655
127928	49631
127928	39017
127928	39011
127928	39028
127928	39029
127928	40776
127928	40777
127928	39022
127928	53765
127928	53709
127928	53667
127928	53666
127928	53761
127928	129925
127928	40804
130687	130658
130687	130644
130687	130641
130687	130780
130687	41514
130687	41529
130687	46863
130687	41538
130687	41521
130687	46858
130687	41506
130687	41505
130687	38710
130687	46814
130687	46813
130687	46872
130687	46754
130687	46761
130687	46760
130687	41482
130687	38126
130687	38132
130687	38114
130687	38113
130687	38068
130687	38122
130687	41481
130687	46805
130687	46691
130687	46699
130687	46228
130687	126983
130687	46667
130687	46372
130687	46365
130687	46668
130687	46160
130687	46190
130687	46154
130687	46038
130687	46062
130687	46060
130687	46058
130687	46093
130687	46044
130687	46043
130687	39027
130687	41569
130687	41567
130687	41568
130687	41577
130687	130055
130687	128071
130687	127944
130687	53977
130687	48333
130687	49655
130687	49631
130687	39017
130687	39011
130687	39028
130687	39029
130687	40776
130687	40777
130687	39022
130687	53765
130687	53709
130687	53667
130687	53666
130687	53761
130687	129925
130687	40804
130658	130644
130658	130641
130658	130780
130658	41514
130658	41529
130658	46863
130658	41538
130658	41521
130658	46858
130658	41506
130658	41505
130658	38710
130658	46814
130658	46813
130658	46872
130658	46754
130658	46761
130658	46760
130658	41482
130658	38126
130658	38132
130658	38114
130658	38113
130658	38068
130658	38122
130658	41481
130658	46805
130658	46691
130658	46699
130658	46228
130658	126983
130658	46667
130658	46372
130658	46365
130658	46668
130658	46160
130658	46190
130658	46154
130658	46038
130658	46062
130658	46060
130658	46058
130658	46093
130658	46044
130658	46043
130658	39027
130658	41569
130658	41567
130658	41568
130658	41577
130658	130055
130658	128071
130658	127944
130658	53977
130658	48333
130658	49655
130658	49631
130658	39017
130658	39011
130658	39028
130658	39029
130658	40776
130658	40777
130658	39022
130658	53765
130658	53709
130658	53667
130658	53666
130658	53761
130658	129925
130658	40804
130644	130641
130644	130780
130644	41514
130644	41529
130644	46863
130644	41538
130644	41521
130644	46858
130644	41506
130644	41505
130644	38710
130644	46814
130644	46813
130644	46872
130644	46754
130644	46761
130644	46760
130644	41482
130644	38126
130644	38132
130644	38114
130644	38113
130644	38068
130644	38122
130644	41481
130644	46805
130644	46691
130644	46699
130644	46228
130644	126983
130644	46667
130644	46372
130644	46365
130644	46668
130644	46160
130644	46190
130644	46154
130644	46038
130644	46062
130644	46060
130644	46058
130644	46093
130644	46044
130644	46043
130644	39027
130644	41569
130644	41567
130644	41568
130644	41577
130644	130055
130644	128071
130644	127944
130644	53977
130644	48333
130644	49655
130644	49631
130644	39017
130644	39011
130644	39028
130644	39029
130644	40776
130644	40777
130644	39022
130644	53765
130644	53709
130644	53667
130644	53666
130644	53761
130644	129925
130644	40804
130641	130780
130641	41514
130641	41529
130641	46863
130641	41538
130641	41521
130641	46858
130641	41506
130641	41505
130641	38710
130641	46814
130641	46813
130641	46872
130641	46754
130641	46761
130641	46760
130641	41482
130641	38126
130641	38132
130641	38114
130641	38113
130641	38068
130641	38122
130641	41481
130641	46805
130641	46691
130641	46699
130641	46228
130641	126983
130641	46667
130641	46372
130641	46365
130641	46668
130641	46160
130641	46190
130641	46154
130641	46038
130641	46062
130641	46060
130641	46058
130641	46093
130641	46044
130641	46043
130641	39027
130641	41569
130641	41567
130641	41568
130641	41577
130641	130055
130641	128071
130641	127944
130641	53977
130641	48333
130641	49655
130641	49631
130641	39017
130641	39011
130641	39028
130641	39029
130641	40776
130641	40777
130641	39022
130641	53765
130641	53709
130641	53667
130641	53666
130641	53761
130641	129925
130641	40804
130780	41514
130780	41529
130780	46863
130780	41538
130780	41521
130780	46858
130780	41506
130780	41505
130780	38710
130780	46814
130780	46813
130780	46872
130780	46754
130780	46761
130780	46760
130780	41482
130780	38126
130780	38132
130780	38114
130780	38113
130780	38068
130780	38122
130780	41481
130780	46805
130780	46691
130780	46699
130780	46228
130780	126983
130780	46667
130780	46372
130780	46365
130780	46668
130780	46160
130780	46190
130780	46154
130780	46038
130780	46062
130780	46060
130780	46058
130780	46093
130780	46044
130780	46043
130780	39027
130780	41569
130780	41567
130780	41568
130780	41577
130780	130055
130780	128071
130780	127944
130780	53977
130780	48333
130780	49655
130780	49631
130780	39017
130780	39011
130780	39028
130780	39029
130780	40776
130780	40777
130780	39022
130780	53765
130780	53709
130780	53667
130780	53666
130780	53761
130780	129925
130780	40804
41514	41529
41514	46863
41514	41538
41514	41521
41514	46858
41514	41506
41514	41505
41514	38710
41514	46814
41514	46813
41514	46872
41514	46754
41514	46761
41514	46760
41514	41482
41514	38126
41514	38132
41514	38114
41514	38113
41514	38068
41514	38122
41514	41481
41514	46805
41514	46691
41514	46699
41514	46228
41514	126983
41514	46667
41514	46372
41514	46365
41514	46668
41514	46160
41514	46190
41514	46154
41514	46038
41514	46062
41514	46060
41514	46058
41514	46093
41514	46044
41514	46043
41514	39027
41514	41569
41514	41567
41514	41568
41514	41577
41514	130055
41514	128071
41514	127944
41514	53977
41514	48333
41514	49655
41514	49631
41514	39017
41514	39011
41514	39028
41514	39029
41514	40776
41514	40777
41514	39022
41514	53765
41514	53709
41514	53667
41514	53666
41514	53761
41514	129925
41514	40804
41529	46863
41529	41538
41529	41521
41529	46858
41529	41506
41529	41505
41529	38710
41529	46814
41529	46813
41529	46872
41529	46754
41529	46761
41529	46760
41529	41482
41529	38126
41529	38132
41529	38114
41529	38113
41529	38068
41529	38122
41529	41481
41529	46805
41529	46691
41529	46699
41529	46228
41529	126983
41529	46667
41529	46372
41529	46365
41529	46668
41529	46160
41529	46190
41529	46154
41529	46038
41529	46062
41529	46060
41529	46058
41529	46093
41529	46044
41529	46043
41529	39027
41529	41569
41529	41567
41529	41568
41529	41577
41529	130055
41529	128071
41529	127944
41529	53977
41529	48333
41529	49655
41529	49631
41529	39017
41529	39011
41529	39028
41529	39029
41529	40776
41529	40777
41529	39022
41529	53765
41529	53709
41529	53667
41529	53666
41529	53761
41529	129925
41529	40804
46863	41538
46863	41521
46863	46858
46863	41506
46863	41505
46863	38710
46863	46814
46863	46813
46863	46872
46863	46754
46863	46761
46863	46760
46863	41482
46863	38126
46863	38132
46863	38114
46863	38113
46863	38068
46863	38122
46863	41481
46863	46805
46863	46691
46863	46699
46863	46228
46863	126983
46863	46667
46863	46372
46863	46365
46863	46668
46863	46160
46863	46190
46863	46154
46863	46038
46863	46062
46863	46060
46863	46058
46863	46093
46863	46044
46863	46043
46863	39027
46863	41569
46863	41567
46863	41568
46863	41577
46863	130055
46863	128071
46863	127944
46863	53977
46863	48333
46863	49655
46863	49631
46863	39017
46863	39011
46863	39028
46863	39029
46863	40776
46863	40777
46863	39022
46863	53765
46863	53709
46863	53667
46863	53666
46863	53761
46863	129925
46863	40804
41538	41521
41538	46858
41538	41506
41538	41505
41538	38710
41538	46814
41538	46813
41538	46872
41538	46754
41538	46761
41538	46760
41538	41482
41538	38126
41538	38132
41538	38114
41538	38113
41538	38068
41538	38122
41538	41481
41538	46805
41538	46691
41538	46699
41538	46228
41538	126983
41538	46667
41538	46372
41538	46365
41538	46668
41538	46160
41538	46190
41538	46154
41538	46038
41538	46062
41538	46060
41538	46058
41538	46093
41538	46044
41538	46043
41538	39027
41538	41569
41538	41567
41538	41568
41538	41577
41538	130055
41538	128071
41538	127944
41538	53977
41538	48333
41538	49655
41538	49631
41538	39017
41538	39011
41538	39028
41538	39029
41538	40776
41538	40777
41538	39022
41538	53765
41538	53709
41538	53667
41538	53666
41538	53761
41538	129925
41538	40804
41521	46858
41521	41506
41521	41505
41521	38710
41521	46814
41521	46813
41521	46872
41521	46754
41521	46761
41521	46760
41521	41482
41521	38126
41521	38132
41521	38114
41521	38113
41521	38068
41521	38122
41521	41481
41521	46805
41521	46691
41521	46699
41521	46228
41521	126983
41521	46667
41521	46372
41521	46365
41521	46668
41521	46160
41521	46190
41521	46154
41521	46038
41521	46062
41521	46060
41521	46058
41521	46093
41521	46044
41521	46043
41521	39027
41521	41569
41521	41567
41521	41568
41521	41577
41521	130055
41521	128071
41521	127944
41521	53977
41521	48333
41521	49655
41521	49631
41521	39017
41521	39011
41521	39028
41521	39029
41521	40776
41521	40777
41521	39022
41521	53765
41521	53709
41521	53667
41521	53666
41521	53761
41521	129925
41521	40804
46858	41506
46858	41505
46858	38710
46858	46814
46858	46813
46858	46872
46858	46754
46858	46761
46858	46760
46858	41482
46858	38126
46858	38132
46858	38114
46858	38113
46858	38068
46858	38122
46858	41481
46858	46805
46858	46691
46858	46699
46858	46228
46858	126983
46858	46667
46858	46372
46858	46365
46858	46668
46858	46160
46858	46190
46858	46154
46858	46038
46858	46062
46858	46060
46858	46058
46858	46093
46858	46044
46858	46043
46858	39027
46858	41569
46858	41567
46858	41568
46858	41577
46858	130055
46858	128071
46858	127944
46858	53977
46858	48333
46858	49655
46858	49631
46858	39017
46858	39011
46858	39028
46858	39029
46858	40776
46858	40777
46858	39022
46858	53765
46858	53709
46858	53667
46858	53666
46858	53761
46858	129925
46858	40804
41506	41505
41506	38710
41506	46814
41506	46813
41506	46872
41506	46754
41506	46761
41506	46760
41506	41482
41506	38126
41506	38132
41506	38114
41506	38113
41506	38068
41506	38122
41506	41481
41506	46805
41506	46691
41506	46699
41506	46228
41506	126983
41506	46667
41506	46372
41506	46365
41506	46668
41506	46160
41506	46190
41506	46154
41506	46038
41506	46062
41506	46060
41506	46058
41506	46093
41506	46044
41506	46043
41506	39027
41506	41569
41506	41567
41506	41568
41506	41577
41506	130055
41506	128071
41506	127944
41506	53977
41506	48333
41506	49655
41506	49631
41506	39017
41506	39011
41506	39028
41506	39029
41506	40776
41506	40777
41506	39022
41506	53765
41506	53709
41506	53667
41506	53666
41506	53761
41506	129925
41506	40804
41505	38710
41505	46814
41505	46813
41505	46872
41505	46754
41505	46761
41505	46760
41505	41482
41505	38126
41505	38132
41505	38114
41505	38113
41505	38068
41505	38122
41505	41481
41505	46805
41505	46691
41505	46699
41505	46228
41505	126983
41505	46667
41505	46372
41505	46365
41505	46668
41505	46160
41505	46190
41505	46154
41505	46038
41505	46062
41505	46060
41505	46058
41505	46093
41505	46044
41505	46043
41505	39027
41505	41569
41505	41567
41505	41568
41505	41577
41505	130055
41505	128071
41505	127944
41505	53977
41505	48333
41505	49655
41505	49631
41505	39017
41505	39011
41505	39028
41505	39029
41505	40776
41505	40777
41505	39022
41505	53765
41505	53709
41505	53667
41505	53666
41505	53761
41505	129925
41505	40804
38710	46814
38710	46813
38710	46872
38710	46754
38710	46761
38710	46760
38710	41482
38710	38126
38710	38132
38710	38114
38710	38113
38710	38068
38710	38122
38710	41481
38710	46805
38710	46691
38710	46699
38710	46228
38710	126983
38710	46667
38710	46372
38710	46365
38710	46668
38710	46160
38710	46190
38710	46154
38710	46038
38710	46062
38710	46060
38710	46058
38710	46093
38710	46044
38710	46043
38710	39027
38710	41569
38710	41567
38710	41568
38710	41577
38710	130055
38710	128071
38710	127944
38710	53977
38710	48333
38710	49655
38710	49631
38710	39017
38710	39011
38710	39028
38710	39029
38710	40776
38710	40777
38710	39022
38710	53765
38710	53709
38710	53667
38710	53666
38710	53761
38710	129925
38710	40804
46814	46813
46814	46872
46814	46754
46814	46761
46814	46760
46814	41482
46814	38126
46814	38132
46814	38114
46814	38113
46814	38068
46814	38122
46814	41481
46814	46805
46814	46691
46814	46699
46814	46228
46814	126983
46814	46667
46814	46372
46814	46365
46814	46668
46814	46160
46814	46190
46814	46154
46814	46038
46814	46062
46814	46060
46814	46058
46814	46093
46814	46044
46814	46043
46814	39027
46814	41569
46814	41567
46814	41568
46814	41577
46814	130055
46814	128071
46814	127944
46814	53977
46814	48333
46814	49655
46814	49631
46814	39017
46814	39011
46814	39028
46814	39029
46814	40776
46814	40777
46814	39022
46814	53765
46814	53709
46814	53667
46814	53666
46814	53761
46814	129925
46814	40804
46813	46872
46813	46754
46813	46761
46813	46760
46813	41482
46813	38126
46813	38132
46813	38114
46813	38113
46813	38068
46813	38122
46813	41481
46813	46805
46813	46691
46813	46699
46813	46228
46813	126983
46813	46667
46813	46372
46813	46365
46813	46668
46813	46160
46813	46190
46813	46154
46813	46038
46813	46062
46813	46060
46813	46058
46813	46093
46813	46044
46813	46043
46813	39027
46813	41569
46813	41567
46813	41568
46813	41577
46813	130055
46813	128071
46813	127944
46813	53977
46813	48333
46813	49655
46813	49631
46813	39017
46813	39011
46813	39028
46813	39029
46813	40776
46813	40777
46813	39022
46813	53765
46813	53709
46813	53667
46813	53666
46813	53761
46813	129925
46813	40804
46872	46754
46872	46761
46872	46760
46872	41482
46872	38126
46872	38132
46872	38114
46872	38113
46872	38068
46872	38122
46872	41481
46872	46805
46872	46691
46872	46699
46872	46228
46872	126983
46872	46667
46872	46372
46872	46365
46872	46668
46872	46160
46872	46190
46872	46154
46872	46038
46872	46062
46872	46060
46872	46058
46872	46093
46872	46044
46872	46043
46872	39027
46872	41569
46872	41567
46872	41568
46872	41577
46872	130055
46872	128071
46872	127944
46872	53977
46872	48333
46872	49655
46872	49631
46872	39017
46872	39011
46872	39028
46872	39029
46872	40776
46872	40777
46872	39022
46872	53765
46872	53709
46872	53667
46872	53666
46872	53761
46872	129925
46872	40804
46754	46761
46754	46760
46754	41482
46754	38126
46754	38132
46754	38114
46754	38113
46754	38068
46754	38122
46754	41481
46754	46805
46754	46691
46754	46699
46754	46228
46754	126983
46754	46667
46754	46372
46754	46365
46754	46668
46754	46160
46754	46190
46754	46154
46754	46038
46754	46062
46754	46060
46754	46058
46754	46093
46754	46044
46754	46043
46754	39027
46754	41569
46754	41567
46754	41568
46754	41577
46754	130055
46754	128071
46754	127944
46754	53977
46754	48333
46754	49655
46754	49631
46754	39017
46754	39011
46754	39028
46754	39029
46754	40776
46754	40777
46754	39022
46754	53765
46754	53709
46754	53667
46754	53666
46754	53761
46754	129925
46754	40804
46761	46760
46761	41482
46761	38126
46761	38132
46761	38114
46761	38113
46761	38068
46761	38122
46761	41481
46761	46805
46761	46691
46761	46699
46761	46228
46761	126983
46761	46667
46761	46372
46761	46365
46761	46668
46761	46160
46761	46190
46761	46154
46761	46038
46761	46062
46761	46060
46761	46058
46761	46093
46761	46044
46761	46043
46761	39027
46761	41569
46761	41567
46761	41568
46761	41577
46761	130055
46761	128071
46761	127944
46761	53977
46761	48333
46761	49655
46761	49631
46761	39017
46761	39011
46761	39028
46761	39029
46761	40776
46761	40777
46761	39022
46761	53765
46761	53709
46761	53667
46761	53666
46761	53761
46761	129925
46761	40804
46760	41482
46760	38126
46760	38132
46760	38114
46760	38113
46760	38068
46760	38122
46760	41481
46760	46805
46760	46691
46760	46699
46760	46228
46760	126983
46760	46667
46760	46372
46760	46365
46760	46668
46760	46160
46760	46190
46760	46154
46760	46038
46760	46062
46760	46060
46760	46058
46760	46093
46760	46044
46760	46043
46760	39027
46760	41569
46760	41567
46760	41568
46760	41577
46760	130055
46760	128071
46760	127944
46760	53977
46760	48333
46760	49655
46760	49631
46760	39017
46760	39011
46760	39028
46760	39029
46760	40776
46760	40777
46760	39022
46760	53765
46760	53709
46760	53667
46760	53666
46760	53761
46760	129925
46760	40804
41482	38126
41482	38132
41482	38114
41482	38113
41482	38068
41482	38122
41482	41481
41482	46805
41482	46691
41482	46699
41482	46228
41482	126983
41482	46667
41482	46372
41482	46365
41482	46668
41482	46160
41482	46190
41482	46154
41482	46038
41482	46062
41482	46060
41482	46058
41482	46093
41482	46044
41482	46043
41482	39027
41482	41569
41482	41567
41482	41568
41482	41577
41482	130055
41482	128071
41482	127944
41482	53977
41482	48333
41482	49655
41482	49631
41482	39017
41482	39011
41482	39028
41482	39029
41482	40776
41482	40777
41482	39022
41482	53765
41482	53709
41482	53667
41482	53666
41482	53761
41482	129925
41482	40804
38126	38132
38126	38114
38126	38113
38126	38068
38126	38122
38126	41481
38126	46805
38126	46691
38126	46699
38126	46228
38126	126983
38126	46667
38126	46372
38126	46365
38126	46668
38126	46160
38126	46190
38126	46154
38126	46038
38126	46062
38126	46060
38126	46058
38126	46093
38126	46044
38126	46043
38126	39027
38126	41569
38126	41567
38126	41568
38126	41577
38126	130055
38126	128071
38126	127944
38126	53977
38126	48333
38126	49655
38126	49631
38126	39017
38126	39011
38126	39028
38126	39029
38126	40776
38126	40777
38126	39022
38126	53765
38126	53709
38126	53667
38126	53666
38126	53761
38126	129925
38126	40804
38132	38114
38132	38113
38132	38068
38132	38122
38132	41481
38132	46805
38132	46691
38132	46699
38132	46228
38132	126983
38132	46667
38132	46372
38132	46365
38132	46668
38132	46160
38132	46190
38132	46154
38132	46038
38132	46062
38132	46060
38132	46058
38132	46093
38132	46044
38132	46043
38132	39027
38132	41569
38132	41567
38132	41568
38132	41577
38132	130055
38132	128071
38132	127944
38132	53977
38132	48333
38132	49655
38132	49631
38132	39017
38132	39011
38132	39028
38132	39029
38132	40776
38132	40777
38132	39022
38132	53765
38132	53709
38132	53667
38132	53666
38132	53761
38132	129925
38132	40804
38114	38113
38114	38068
38114	38122
38114	41481
38114	46805
38114	46691
38114	46699
38114	46228
38114	126983
38114	46667
38114	46372
38114	46365
38114	46668
38114	46160
38114	46190
38114	46154
38114	46038
38114	46062
38114	46060
38114	46058
38114	46093
38114	46044
38114	46043
38114	39027
38114	41569
38114	41567
38114	41568
38114	41577
38114	130055
38114	128071
38114	127944
38114	53977
38114	48333
38114	49655
38114	49631
38114	39017
38114	39011
38114	39028
38114	39029
38114	40776
38114	40777
38114	39022
38114	53765
38114	53709
38114	53667
38114	53666
38114	53761
38114	129925
38114	40804
38113	38068
38113	38122
38113	41481
38113	46805
38113	46691
38113	46699
38113	46228
38113	126983
38113	46667
38113	46372
38113	46365
38113	46668
38113	46160
38113	46190
38113	46154
38113	46038
38113	46062
38113	46060
38113	46058
38113	46093
38113	46044
38113	46043
38113	39027
38113	41569
38113	41567
38113	41568
38113	41577
38113	130055
38113	128071
38113	127944
38113	53977
38113	48333
38113	49655
38113	49631
38113	39017
38113	39011
38113	39028
38113	39029
38113	40776
38113	40777
38113	39022
38113	53765
38113	53709
38113	53667
38113	53666
38113	53761
38113	129925
38113	40804
38068	38122
38068	41481
38068	46805
38068	46691
38068	46699
38068	46228
38068	126983
38068	46667
38068	46372
38068	46365
38068	46668
38068	46160
38068	46190
38068	46154
38068	46038
38068	46062
38068	46060
38068	46058
38068	46093
38068	46044
38068	46043
38068	39027
38068	41569
38068	41567
38068	41568
38068	41577
38068	130055
38068	128071
38068	127944
38068	53977
38068	48333
38068	49655
38068	49631
38068	39017
38068	39011
38068	39028
38068	39029
38068	40776
38068	40777
38068	39022
38068	53765
38068	53709
38068	53667
38068	53666
38068	53761
38068	129925
38068	40804
38122	41481
38122	46805
38122	46691
38122	46699
38122	46228
38122	126983
38122	46667
38122	46372
38122	46365
38122	46668
38122	46160
38122	46190
38122	46154
38122	46038
38122	46062
38122	46060
38122	46058
38122	46093
38122	46044
38122	46043
38122	39027
38122	41569
38122	41567
38122	41568
38122	41577
38122	130055
38122	128071
38122	127944
38122	53977
38122	48333
38122	49655
38122	49631
38122	39017
38122	39011
38122	39028
38122	39029
38122	40776
38122	40777
38122	39022
38122	53765
38122	53709
38122	53667
38122	53666
38122	53761
38122	129925
38122	40804
41481	46805
41481	46691
41481	46699
41481	46228
41481	126983
41481	46667
41481	46372
41481	46365
41481	46668
41481	46160
41481	46190
41481	46154
41481	46038
41481	46062
41481	46060
41481	46058
41481	46093
41481	46044
41481	46043
41481	39027
41481	41569
41481	41567
41481	41568
41481	41577
41481	130055
41481	128071
41481	127944
41481	53977
41481	48333
41481	49655
41481	49631
41481	39017
41481	39011
41481	39028
41481	39029
41481	40776
41481	40777
41481	39022
41481	53765
41481	53709
41481	53667
41481	53666
41481	53761
41481	129925
41481	40804
46805	46691
46805	46699
46805	46228
46805	126983
46805	46667
46805	46372
46805	46365
46805	46668
46805	46160
46805	46190
46805	46154
46805	46038
46805	46062
46805	46060
46805	46058
46805	46093
46805	46044
46805	46043
46805	39027
46805	41569
46805	41567
46805	41568
46805	41577
46805	130055
46805	128071
46805	127944
46805	53977
46805	48333
46805	49655
46805	49631
46805	39017
46805	39011
46805	39028
46805	39029
46805	40776
46805	40777
46805	39022
46805	53765
46805	53709
46805	53667
46805	53666
46805	53761
46805	129925
46805	40804
46691	46699
46691	46228
46691	126983
46691	46667
46691	46372
46691	46365
46691	46668
46691	46160
46691	46190
46691	46154
46691	46038
46691	46062
46691	46060
46691	46058
46691	46093
46691	46044
46691	46043
46691	39027
46691	41569
46691	41567
46691	41568
46691	41577
46691	130055
46691	128071
46691	127944
46691	53977
46691	48333
46691	49655
46691	49631
46691	39017
46691	39011
46691	39028
46691	39029
46691	40776
46691	40777
46691	39022
46691	53765
46691	53709
46691	53667
46691	53666
46691	53761
46691	129925
46691	40804
46699	46228
46699	126983
46699	46667
46699	46372
46699	46365
46699	46668
46699	46160
46699	46190
46699	46154
46699	46038
46699	46062
46699	46060
46699	46058
46699	46093
46699	46044
46699	46043
46699	39027
46699	41569
46699	41567
46699	41568
46699	41577
46699	130055
46699	128071
46699	127944
46699	53977
46699	48333
46699	49655
46699	49631
46699	39017
46699	39011
46699	39028
46699	39029
46699	40776
46699	40777
46699	39022
46699	53765
46699	53709
46699	53667
46699	53666
46699	53761
46699	129925
46699	40804
46228	126983
46228	46667
46228	46372
46228	46365
46228	46668
46228	46160
46228	46190
46228	46154
46228	46038
46228	46062
46228	46060
46228	46058
46228	46093
46228	46044
46228	46043
46228	39027
46228	41569
46228	41567
46228	41568
46228	41577
46228	130055
46228	128071
46228	127944
46228	53977
46228	48333
46228	49655
46228	49631
46228	39017
46228	39011
46228	39028
46228	39029
46228	40776
46228	40777
46228	39022
46228	53765
46228	53709
46228	53667
46228	53666
46228	53761
46228	129925
46228	40804
126983	46667
126983	46372
126983	46365
126983	46668
126983	46160
126983	46190
126983	46154
126983	46038
126983	46062
126983	46060
126983	46058
126983	46093
126983	46044
126983	46043
126983	39027
126983	41569
126983	41567
126983	41568
126983	41577
126983	130055
126983	128071
126983	127944
126983	53977
126983	48333
126983	49655
126983	49631
126983	39017
126983	39011
126983	39028
126983	39029
126983	40776
126983	40777
126983	39022
126983	53765
126983	53709
126983	53667
126983	53666
126983	53761
126983	129925
126983	40804
46667	46372
46667	46365
46667	46668
46667	46160
46667	46190
46667	46154
46667	46038
46667	46062
46667	46060
46667	46058
46667	46093
46667	46044
46667	46043
46667	39027
46667	41569
46667	41567
46667	41568
46667	41577
46667	130055
46667	128071
46667	127944
46667	53977
46667	48333
46667	49655
46667	49631
46667	39017
46667	39011
46667	39028
46667	39029
46667	40776
46667	40777
46667	39022
46667	53765
46667	53709
46667	53667
46667	53666
46667	53761
46667	129925
46667	40804
46372	46365
46372	46668
46372	46160
46372	46190
46372	46154
46372	46038
46372	46062
46372	46060
46372	46058
46372	46093
46372	46044
46372	46043
46372	39027
46372	41569
46372	41567
46372	41568
46372	41577
46372	130055
46372	128071
46372	127944
46372	53977
46372	48333
46372	49655
46372	49631
46372	39017
46372	39011
46372	39028
46372	39029
46372	40776
46372	40777
46372	39022
46372	53765
46372	53709
46372	53667
46372	53666
46372	53761
46372	129925
46372	40804
46365	46668
46365	46160
46365	46190
46365	46154
46365	46038
46365	46062
46365	46060
46365	46058
46365	46093
46365	46044
46365	46043
46365	39027
46365	41569
46365	41567
46365	41568
46365	41577
46365	130055
46365	128071
46365	127944
46365	53977
46365	48333
46365	49655
46365	49631
46365	39017
46365	39011
46365	39028
46365	39029
46365	40776
46365	40777
46365	39022
46365	53765
46365	53709
46365	53667
46365	53666
46365	53761
46365	129925
46365	40804
46668	46160
46668	46190
46668	46154
46668	46038
46668	46062
46668	46060
46668	46058
46668	46093
46668	46044
46668	46043
46668	39027
46668	41569
46668	41567
46668	41568
46668	41577
46668	130055
46668	128071
46668	127944
46668	53977
46668	48333
46668	49655
46668	49631
46668	39017
46668	39011
46668	39028
46668	39029
46668	40776
46668	40777
46668	39022
46668	53765
46668	53709
46668	53667
46668	53666
46668	53761
46668	129925
46668	40804
46160	46190
46160	46154
46160	46038
46160	46062
46160	46060
46160	46058
46160	46093
46160	46044
46160	46043
46160	39027
46160	41569
46160	41567
46160	41568
46160	41577
46160	130055
46160	128071
46160	127944
46160	53977
46160	48333
46160	49655
46160	49631
46160	39017
46160	39011
46160	39028
46160	39029
46160	40776
46160	40777
46160	39022
46160	53765
46160	53709
46160	53667
46160	53666
46160	53761
46160	129925
46160	40804
46190	46154
46190	46038
46190	46062
46190	46060
46190	46058
46190	46093
46190	46044
46190	46043
46190	39027
46190	41569
46190	41567
46190	41568
46190	41577
46190	130055
46190	128071
46190	127944
46190	53977
46190	48333
46190	49655
46190	49631
46190	39017
46190	39011
46190	39028
46190	39029
46190	40776
46190	40777
46190	39022
46190	53765
46190	53709
46190	53667
46190	53666
46190	53761
46190	129925
46190	40804
46154	46038
46154	46062
46154	46060
46154	46058
46154	46093
46154	46044
46154	46043
46154	39027
46154	41569
46154	41567
46154	41568
46154	41577
46154	130055
46154	128071
46154	127944
46154	53977
46154	48333
46154	49655
46154	49631
46154	39017
46154	39011
46154	39028
46154	39029
46154	40776
46154	40777
46154	39022
46154	53765
46154	53709
46154	53667
46154	53666
46154	53761
46154	129925
46154	40804
46038	46062
46038	46060
46038	46058
46038	46093
46038	46044
46038	46043
46038	39027
46038	41569
46038	41567
46038	41568
46038	41577
46038	130055
46038	128071
46038	127944
46038	53977
46038	48333
46038	49655
46038	49631
46038	39017
46038	39011
46038	39028
46038	39029
46038	40776
46038	40777
46038	39022
46038	53765
46038	53709
46038	53667
46038	53666
46038	53761
46038	129925
46038	40804
46062	46060
46062	46058
46062	46093
46062	46044
46062	46043
46062	39027
46062	41569
46062	41567
46062	41568
46062	41577
46062	130055
46062	128071
46062	127944
46062	53977
46062	48333
46062	49655
46062	49631
46062	39017
46062	39011
46062	39028
46062	39029
46062	40776
46062	40777
46062	39022
46062	53765
46062	53709
46062	53667
46062	53666
46062	53761
46062	129925
46062	40804
46060	46058
46060	46093
46060	46044
46060	46043
46060	39027
46060	41569
46060	41567
46060	41568
46060	41577
46060	130055
46060	128071
46060	127944
46060	53977
46060	48333
46060	49655
46060	49631
46060	39017
46060	39011
46060	39028
46060	39029
46060	40776
46060	40777
46060	39022
46060	53765
46060	53709
46060	53667
46060	53666
46060	53761
46060	129925
46060	40804
46058	46093
46058	46044
46058	46043
46058	39027
46058	41569
46058	41567
46058	41568
46058	41577
46058	130055
46058	128071
46058	127944
46058	53977
46058	48333
46058	49655
46058	49631
46058	39017
46058	39011
46058	39028
46058	39029
46058	40776
46058	40777
46058	39022
46058	53765
46058	53709
46058	53667
46058	53666
46058	53761
46058	129925
46058	40804
46093	46044
46093	46043
46093	39027
46093	41569
46093	41567
46093	41568
46093	41577
46093	130055
46093	128071
46093	127944
46093	53977
46093	48333
46093	49655
46093	49631
46093	39017
46093	39011
46093	39028
46093	39029
46093	40776
46093	40777
46093	39022
46093	53765
46093	53709
46093	53667
46093	53666
46093	53761
46093	129925
46093	40804
46044	46043
46044	39027
46044	41569
46044	41567
46044	41568
46044	41577
46044	130055
46044	128071
46044	127944
46044	53977
46044	48333
46044	49655
46044	49631
46044	39017
46044	39011
46044	39028
46044	39029
46044	40776
46044	40777
46044	39022
46044	53765
46044	53709
46044	53667
46044	53666
46044	53761
46044	129925
46044	40804
46043	39027
46043	41569
46043	41567
46043	41568
46043	41577
46043	130055
46043	128071
46043	127944
46043	53977
46043	48333
46043	49655
46043	49631
46043	39017
46043	39011
46043	39028
46043	39029
46043	40776
46043	40777
46043	39022
46043	53765
46043	53709
46043	53667
46043	53666
46043	53761
46043	129925
46043	40804
39027	41569
39027	41567
39027	41568
39027	41577
39027	130055
39027	128071
39027	127944
39027	53977
39027	48333
39027	49655
39027	49631
39027	39017
39027	39011
39027	39028
39027	39029
39027	40776
39027	40777
39027	39022
39027	53765
39027	53709
39027	53667
39027	53666
39027	53761
39027	129925
39027	40804
41569	41567
41569	41568
41569	41577
41569	130055
41569	128071
41569	127944
41569	53977
41569	48333
41569	49655
41569	49631
41569	39017
41569	39011
41569	39028
41569	39029
41569	40776
41569	40777
41569	39022
41569	53765
41569	53709
41569	53667
41569	53666
41569	53761
41569	129925
41569	40804
41567	41568
41567	41577
41567	130055
41567	128071
41567	127944
41567	53977
41567	48333
41567	49655
41567	49631
41567	39017
41567	39011
41567	39028
41567	39029
41567	40776
41567	40777
41567	39022
41567	53765
41567	53709
41567	53667
41567	53666
41567	53761
41567	129925
41567	40804
41568	41577
41568	130055
41568	128071
41568	127944
41568	53977
41568	48333
41568	49655
41568	49631
41568	39017
41568	39011
41568	39028
41568	39029
41568	40776
41568	40777
41568	39022
41568	53765
41568	53709
41568	53667
41568	53666
41568	53761
41568	129925
41568	40804
41577	130055
41577	128071
41577	127944
41577	53977
41577	48333
41577	49655
41577	49631
41577	39017
41577	39011
41577	39028
41577	39029
41577	40776
41577	40777
41577	39022
41577	53765
41577	53709
41577	53667
41577	53666
41577	53761
41577	129925
41577	40804
130055	128071
130055	127944
130055	53977
130055	48333
130055	49655
130055	49631
130055	39017
130055	39011
130055	39028
130055	39029
130055	40776
130055	40777
130055	39022
130055	53765
130055	53709
130055	53667
130055	53666
130055	53761
130055	129925
130055	40804
128071	127944
128071	53977
128071	48333
128071	49655
128071	49631
128071	39017
128071	39011
128071	39028
128071	39029
128071	40776
128071	40777
128071	39022
128071	53765
128071	53709
128071	53667
128071	53666
128071	53761
128071	129925
128071	40804
127944	53977
127944	48333
127944	49655
127944	49631
127944	39017
127944	39011
127944	39028
127944	39029
127944	40776
127944	40777
127944	39022
127944	53765
127944	53709
127944	53667
127944	53666
127944	53761
127944	129925
127944	40804
53977	48333
53977	49655
53977	49631
53977	39017
53977	39011
53977	39028
53977	39029
53977	40776
53977	40777
53977	39022
53977	53765
53977	53709
53977	53667
53977	53666
53977	53761
53977	129925
53977	40804
48333	49655
48333	49631
48333	39017
48333	39011
48333	39028
48333	39029
48333	40776
48333	40777
48333	39022
48333	53765
48333	53709
48333	53667
48333	53666
48333	53761
48333	129925
48333	40804
49655	49631
49655	39017
49655	39011
49655	39028
49655	39029
49655	40776
49655	40777
49655	39022
49655	53765
49655	53709
49655	53667
49655	53666
49655	53761
49655	129925
49655	40804
49631	39017
49631	39011
49631	39028
49631	39029
49631	40776
49631	40777
49631	39022
49631	53765
49631	53709
49631	53667
49631	53666
49631	53761
49631	129925
49631	40804
39017	39011
39017	39028
39017	39029
39017	40776
39017	40777
39017	39022
39017	53765
39017	53709
39017	53667
39017	53666
39017	53761
39017	129925
39017	40804
39011	39028
39011	39029
39011	40776
39011	40777
39011	39022
39011	53765
39011	53709
39011	53667
39011	53666
39011	53761
39011	129925
39011	40804
39028	39029
39028	40776
39028	40777
39028	39022
39028	53765
39028	53709
39028	53667
39028	53666
39028	53761
39028	129925
39028	40804
39029	40776
39029	40777
39029	39022
39029	53765
39029	53709
39029	53667
39029	53666
39029	53761
39029	129925
39029	40804
40776	40777
40776	39022
40776	53765
40776	53709
40776	53667
40776	53666
40776	53761
40776	129925
40776	40804
40777	39022
40777	53765
40777	53709
40777	53667
40777	53666
40777	53761
40777	129925
40777	40804
39022	53765
39022	53709
39022	53667
39022	53666
39022	53761
39022	129925
39022	40804
53765	53709
53765	53667
53765	53666
53765	53761
53765	129925
53765	40804
53709	53667
53709	53666
53709	53761
53709	129925
53709	40804
53667	53666
53667	53761
53667	129925
53667	40804
53666	53761
53666	129925
53666	40804
53761	129925
53761	40804
129925	40804
