3570
139924	139805
139924	150722
139924	142098
139924	142092
139924	142099
139924	142115
139924	144817
139924	144811
139924	142792
139924	142798
139924	142866
139924	142805
139924	142685
139924	142684
139924	142686
139924	142682
139924	142672
139924	142636
139924	142104
139924	142648
139924	144550
139924	144517
139924	144790
139924	144784
139924	144815
139924	144824
139924	144787
139924	144798
139924	144802
139924	144812
139924	144813
139924	144814
139924	196289
139924	196309
139924	196310
139924	196321
139924	196325
139924	195374
139924	195378
139924	195377
139924	144648
139924	144646
139924	144621
139924	144642
139924	196700
139924	196696
139924	196697
139924	196704
139924	196368
139924	196408
139924	196361
139924	196349
139924	196360
139924	144643
139924	144620
139924	144624
139924	144675
139924	144678
139924	144541
139924	144682
139924	144685
139924	144704
139924	144706
139924	144708
139924	144710
139924	144560
139924	144711
139924	144556
139924	144183
139924	140860
139924	140630
139924	142007
139924	141999
139924	141983
139924	141982
139924	141973
139924	141981
139924	150807
139924	150808
139924	140363
139924	146969
139924	146968
139924	150765
139924	140787
139805	150722
139805	142098
139805	142092
139805	142099
139805	142115
139805	144817
139805	144811
139805	142792
139805	142798
139805	142866
139805	142805
139805	142685
139805	142684
139805	142686
139805	142682
139805	142672
139805	142636
139805	142104
139805	142648
139805	144550
139805	144517
139805	144790
139805	144784
139805	144815
139805	144824
139805	144787
139805	144798
139805	144802
139805	144812
139805	144813
139805	144814
139805	196289
139805	196309
139805	196310
139805	196321
139805	196325
139805	195374
139805	195378
139805	195377
139805	144648
139805	144646
139805	144621
139805	144642
139805	196700
139805	196696
139805	196697
139805	196704
139805	196368
139805	196408
139805	196361
139805	196349
139805	196360
139805	144643
139805	144620
139805	144624
139805	144675
139805	144678
139805	144541
139805	144682
139805	144685
139805	144704
139805	144706
139805	144708
139805	144710
139805	144560
139805	144711
139805	144556
139805	144183
139805	140860
139805	140630
139805	142007
139805	141999
139805	141983
139805	141982
139805	141973
139805	141981
139805	150807
139805	150808
139805	140363
139805	146969
139805	146968
139805	150765
139805	140787
150722	142098
150722	142092
150722	142099
150722	142115
150722	144817
150722	144811
150722	142792
150722	142798
150722	142866
150722	142805
150722	142685
150722	142684
150722	142686
150722	142682
150722	142672
150722	142636
150722	142104
150722	142648
150722	144550
150722	144517
150722	144790
150722	144784
150722	144815
150722	144824
150722	144787
150722	144798
150722	144802
150722	144812
150722	144813
150722	144814
150722	196289
150722	196309
150722	196310
150722	196321
150722	196325
150722	195374
150722	195378
150722	195377
150722	144648
150722	144646
150722	144621
150722	144642
150722	196700
150722	196696
150722	196697
150722	196704
150722	196368
150722	196408
150722	196361
150722	196349
150722	196360
150722	144643
150722	144620
150722	144624
150722	144675
150722	144678
150722	144541
150722	144682
150722	144685
150722	144704
150722	144706
150722	144708
150722	144710
150722	144560
150722	144711
150722	144556
150722	144183
150722	140860
150722	140630
150722	142007
150722	141999
150722	141983
150722	141982
150722	141973
150722	141981
150722	150807
150722	150808
150722	140363
150722	146969
150722	146968
150722	150765
150722	140787
142098	142092
142098	142099
142098	142115
142098	144817
142098	144811
142098	142792
142098	142798
142098	142866
142098	142805
142098	142685
142098	142684
142098	142686
142098	142682
142098	142672
142098	142636
142098	142104
142098	142648
142098	144550
142098	144517
142098	144790
142098	144784
142098	144815
142098	144824
142098	144787
142098	144798
142098	144802
142098	144812
142098	144813
142098	144814
142098	196289
142098	196309
142098	196310
142098	196321
142098	196325
142098	195374
142098	195378
142098	195377
142098	144648
142098	144646
142098	144621
142098	144642
142098	196700
142098	196696
142098	196697
142098	196704
142098	196368
142098	196408
142098	196361
142098	196349
142098	196360
142098	144643
142098	144620
142098	144624
142098	144675
142098	144678
142098	144541
142098	144682
142098	144685
142098	144704
142098	144706
142098	144708
142098	144710
142098	144560
142098	144711
142098	144556
142098	144183
142098	140860
142098	140630
142098	142007
142098	141999
142098	141983
142098	141982
142098	141973
142098	141981
142098	150807
142098	150808
142098	140363
142098	146969
142098	146968
142098	150765
142098	140787
142092	142099
142092	142115
142092	144817
142092	144811
142092	142792
142092	142798
142092	142866
142092	142805
142092	142685
142092	142684
142092	142686
142092	142682
142092	142672
142092	142636
142092	142104
142092	142648
142092	144550
142092	144517
142092	144790
142092	144784
142092	144815
142092	144824
142092	144787
142092	144798
142092	144802
142092	144812
142092	144813
142092	144814
142092	196289
142092	196309
142092	196310
142092	196321
142092	196325
142092	195374
142092	195378
142092	195377
142092	144648
142092	144646
142092	144621
142092	144642
142092	196700
142092	196696
142092	196697
142092	196704
142092	196368
142092	196408
142092	196361
142092	196349
142092	196360
142092	144643
142092	144620
142092	144624
142092	144675
142092	144678
142092	144541
142092	144682
142092	144685
142092	144704
142092	144706
142092	144708
142092	144710
142092	144560
142092	144711
142092	144556
142092	144183
142092	140860
142092	140630
142092	142007
142092	141999
142092	141983
142092	141982
142092	141973
142092	141981
142092	150807
142092	150808
142092	140363
142092	146969
142092	146968
142092	150765
142092	140787
142099	142115
142099	144817
142099	144811
142099	142792
142099	142798
142099	142866
142099	142805
142099	142685
142099	142684
142099	142686
142099	142682
142099	142672
142099	142636
142099	142104
142099	142648
142099	144550
142099	144517
142099	144790
142099	144784
142099	144815
142099	144824
142099	144787
142099	144798
142099	144802
142099	144812
142099	144813
142099	144814
142099	196289
142099	196309
142099	196310
142099	196321
142099	196325
142099	195374
142099	195378
142099	195377
142099	144648
142099	144646
142099	144621
142099	144642
142099	196700
142099	196696
142099	196697
142099	196704
142099	196368
142099	196408
142099	196361
142099	196349
142099	196360
142099	144643
142099	144620
142099	144624
142099	144675
142099	144678
142099	144541
142099	144682
142099	144685
142099	144704
142099	144706
142099	144708
142099	144710
142099	144560
142099	144711
142099	144556
142099	144183
142099	140860
142099	140630
142099	142007
142099	141999
142099	141983
142099	141982
142099	141973
142099	141981
142099	150807
142099	150808
142099	140363
142099	146969
142099	146968
142099	150765
142099	140787
142115	144817
142115	144811
142115	142792
142115	142798
142115	142866
142115	142805
142115	142685
142115	142684
142115	142686
142115	142682
142115	142672
142115	142636
142115	142104
142115	142648
142115	144550
142115	144517
142115	144790
142115	144784
142115	144815
142115	144824
142115	144787
142115	144798
142115	144802
142115	144812
142115	144813
142115	144814
142115	196289
142115	196309
142115	196310
142115	196321
142115	196325
142115	195374
142115	195378
142115	195377
142115	144648
142115	144646
142115	144621
142115	144642
142115	196700
142115	196696
142115	196697
142115	196704
142115	196368
142115	196408
142115	196361
142115	196349
142115	196360
142115	144643
142115	144620
142115	144624
142115	144675
142115	144678
142115	144541
142115	144682
142115	144685
142115	144704
142115	144706
142115	144708
142115	144710
142115	144560
142115	144711
142115	144556
142115	144183
142115	140860
142115	140630
142115	142007
142115	141999
142115	141983
142115	141982
142115	141973
142115	141981
142115	150807
142115	150808
142115	140363
142115	146969
142115	146968
142115	150765
142115	140787
144817	144811
144817	142792
144817	142798
144817	142866
144817	142805
144817	142685
144817	142684
144817	142686
144817	142682
144817	142672
144817	142636
144817	142104
144817	142648
144817	144550
144817	144517
144817	144790
144817	144784
144817	144815
144817	144824
144817	144787
144817	144798
144817	144802
144817	144812
144817	144813
144817	144814
144817	196289
144817	196309
144817	196310
144817	196321
144817	196325
144817	195374
144817	195378
144817	195377
144817	144648
144817	144646
144817	144621
144817	144642
144817	196700
144817	196696
144817	196697
144817	196704
144817	196368
144817	196408
144817	196361
144817	196349
144817	196360
144817	144643
144817	144620
144817	144624
144817	144675
144817	144678
144817	144541
144817	144682
144817	144685
144817	144704
144817	144706
144817	144708
144817	144710
144817	144560
144817	144711
144817	144556
144817	144183
144817	140860
144817	140630
144817	142007
144817	141999
144817	141983
144817	141982
144817	141973
144817	141981
144817	150807
144817	150808
144817	140363
144817	146969
144817	146968
144817	150765
144817	140787
144811	142792
144811	142798
144811	142866
144811	142805
144811	142685
144811	142684
144811	142686
144811	142682
144811	142672
144811	142636
144811	142104
144811	142648
144811	144550
144811	144517
144811	144790
144811	144784
144811	144815
144811	144824
144811	144787
144811	144798
144811	144802
144811	144812
144811	144813
144811	144814
144811	196289
144811	196309
144811	196310
144811	196321
144811	196325
144811	195374
144811	195378
144811	195377
144811	144648
144811	144646
144811	144621
144811	144642
144811	196700
144811	196696
144811	196697
144811	196704
144811	196368
144811	196408
144811	196361
144811	196349
144811	196360
144811	144643
144811	144620
144811	144624
144811	144675
144811	144678
144811	144541
144811	144682
144811	144685
144811	144704
144811	144706
144811	144708
144811	144710
144811	144560
144811	144711
144811	144556
144811	144183
144811	140860
144811	140630
144811	142007
144811	141999
144811	141983
144811	141982
144811	141973
144811	141981
144811	150807
144811	150808
144811	140363
144811	146969
144811	146968
144811	150765
144811	140787
142792	142798
142792	142866
142792	142805
142792	142685
142792	142684
142792	142686
142792	142682
142792	142672
142792	142636
142792	142104
142792	142648
142792	144550
142792	144517
142792	144790
142792	144784
142792	144815
142792	144824
142792	144787
142792	144798
142792	144802
142792	144812
142792	144813
142792	144814
142792	196289
142792	196309
142792	196310
142792	196321
142792	196325
142792	195374
142792	195378
142792	195377
142792	144648
142792	144646
142792	144621
142792	144642
142792	196700
142792	196696
142792	196697
142792	196704
142792	196368
142792	196408
142792	196361
142792	196349
142792	196360
142792	144643
142792	144620
142792	144624
142792	144675
142792	144678
142792	144541
142792	144682
142792	144685
142792	144704
142792	144706
142792	144708
142792	144710
142792	144560
142792	144711
142792	144556
142792	144183
142792	140860
142792	140630
142792	142007
142792	141999
142792	141983
142792	141982
142792	141973
142792	141981
142792	150807
142792	150808
142792	140363
142792	146969
142792	146968
142792	150765
142792	140787
142798	142866
142798	142805
142798	142685
142798	142684
142798	142686
142798	142682
142798	142672
142798	142636
142798	142104
142798	142648
142798	144550
142798	144517
142798	144790
142798	144784
142798	144815
142798	144824
142798	144787
142798	144798
142798	144802
142798	144812
142798	144813
142798	144814
142798	196289
142798	196309
142798	196310
142798	196321
142798	196325
142798	195374
142798	195378
142798	195377
142798	144648
142798	144646
142798	144621
142798	144642
142798	196700
142798	196696
142798	196697
142798	196704
142798	196368
142798	196408
142798	196361
142798	196349
142798	196360
142798	144643
142798	144620
142798	144624
142798	144675
142798	144678
142798	144541
142798	144682
142798	144685
142798	144704
142798	144706
142798	144708
142798	144710
142798	144560
142798	144711
142798	144556
142798	144183
142798	140860
142798	140630
142798	142007
142798	141999
142798	141983
142798	141982
142798	141973
142798	141981
142798	150807
142798	150808
142798	140363
142798	146969
142798	146968
142798	150765
142798	140787
142866	142805
142866	142685
142866	142684
142866	142686
142866	142682
142866	142672
142866	142636
142866	142104
142866	142648
142866	144550
142866	144517
142866	144790
142866	144784
142866	144815
142866	144824
142866	144787
142866	144798
142866	144802
142866	144812
142866	144813
142866	144814
142866	196289
142866	196309
142866	196310
142866	196321
142866	196325
142866	195374
142866	195378
142866	195377
142866	144648
142866	144646
142866	144621
142866	144642
142866	196700
142866	196696
142866	196697
142866	196704
142866	196368
142866	196408
142866	196361
142866	196349
142866	196360
142866	144643
142866	144620
142866	144624
142866	144675
142866	144678
142866	144541
142866	144682
142866	144685
142866	144704
142866	144706
142866	144708
142866	144710
142866	144560
142866	144711
142866	144556
142866	144183
142866	140860
142866	140630
142866	142007
142866	141999
142866	141983
142866	141982
142866	141973
142866	141981
142866	150807
142866	150808
142866	140363
142866	146969
142866	146968
142866	150765
142866	140787
142805	142685
142805	142684
142805	142686
142805	142682
142805	142672
142805	142636
142805	142104
142805	142648
142805	144550
142805	144517
142805	144790
142805	144784
142805	144815
142805	144824
142805	144787
142805	144798
142805	144802
142805	144812
142805	144813
142805	144814
142805	196289
142805	196309
142805	196310
142805	196321
142805	196325
142805	195374
142805	195378
142805	195377
142805	144648
142805	144646
142805	144621
142805	144642
142805	196700
142805	196696
142805	196697
142805	196704
142805	196368
142805	196408
142805	196361
142805	196349
142805	196360
142805	144643
142805	144620
142805	144624
142805	144675
142805	144678
142805	144541
142805	144682
142805	144685
142805	144704
142805	144706
142805	144708
142805	144710
142805	144560
142805	144711
142805	144556
142805	144183
142805	140860
142805	140630
142805	142007
142805	141999
142805	141983
142805	141982
142805	141973
142805	141981
142805	150807
142805	150808
142805	140363
142805	146969
142805	146968
142805	150765
142805	140787
142685	142684
142685	142686
142685	142682
142685	142672
142685	142636
142685	142104
142685	142648
142685	144550
142685	144517
142685	144790
142685	144784
142685	144815
142685	144824
142685	144787
142685	144798
142685	144802
142685	144812
142685	144813
142685	144814
142685	196289
142685	196309
142685	196310
142685	196321
142685	196325
142685	195374
142685	195378
142685	195377
142685	144648
142685	144646
142685	144621
142685	144642
142685	196700
142685	196696
142685	196697
142685	196704
142685	196368
142685	196408
142685	196361
142685	196349
142685	196360
142685	144643
142685	144620
142685	144624
142685	144675
142685	144678
142685	144541
142685	144682
142685	144685
142685	144704
142685	144706
142685	144708
142685	144710
142685	144560
142685	144711
142685	144556
142685	144183
142685	140860
142685	140630
142685	142007
142685	141999
142685	141983
142685	141982
142685	141973
142685	141981
142685	150807
142685	150808
142685	140363
142685	146969
142685	146968
142685	150765
142685	140787
142684	142686
142684	142682
142684	142672
142684	142636
142684	142104
142684	142648
142684	144550
142684	144517
142684	144790
142684	144784
142684	144815
142684	144824
142684	144787
142684	144798
142684	144802
142684	144812
142684	144813
142684	144814
142684	196289
142684	196309
142684	196310
142684	196321
142684	196325
142684	195374
142684	195378
142684	195377
142684	144648
142684	144646
142684	144621
142684	144642
142684	196700
142684	196696
142684	196697
142684	196704
142684	196368
142684	196408
142684	196361
142684	196349
142684	196360
142684	144643
142684	144620
142684	144624
142684	144675
142684	144678
142684	144541
142684	144682
142684	144685
142684	144704
142684	144706
142684	144708
142684	144710
142684	144560
142684	144711
142684	144556
142684	144183
142684	140860
142684	140630
142684	142007
142684	141999
142684	141983
142684	141982
142684	141973
142684	141981
142684	150807
142684	150808
142684	140363
142684	146969
142684	146968
142684	150765
142684	140787
142686	142682
142686	142672
142686	142636
142686	142104
142686	142648
142686	144550
142686	144517
142686	144790
142686	144784
142686	144815
142686	144824
142686	144787
142686	144798
142686	144802
142686	144812
142686	144813
142686	144814
142686	196289
142686	196309
142686	196310
142686	196321
142686	196325
142686	195374
142686	195378
142686	195377
142686	144648
142686	144646
142686	144621
142686	144642
142686	196700
142686	196696
142686	196697
142686	196704
142686	196368
142686	196408
142686	196361
142686	196349
142686	196360
142686	144643
142686	144620
142686	144624
142686	144675
142686	144678
142686	144541
142686	144682
142686	144685
142686	144704
142686	144706
142686	144708
142686	144710
142686	144560
142686	144711
142686	144556
142686	144183
142686	140860
142686	140630
142686	142007
142686	141999
142686	141983
142686	141982
142686	141973
142686	141981
142686	150807
142686	150808
142686	140363
142686	146969
142686	146968
142686	150765
142686	140787
142682	142672
142682	142636
142682	142104
142682	142648
142682	144550
142682	144517
142682	144790
142682	144784
142682	144815
142682	144824
142682	144787
142682	144798
142682	144802
142682	144812
142682	144813
142682	144814
142682	196289
142682	196309
142682	196310
142682	196321
142682	196325
142682	195374
142682	195378
142682	195377
142682	144648
142682	144646
142682	144621
142682	144642
142682	196700
142682	196696
142682	196697
142682	196704
142682	196368
142682	196408
142682	196361
142682	196349
142682	196360
142682	144643
142682	144620
142682	144624
142682	144675
142682	144678
142682	144541
142682	144682
142682	144685
142682	144704
142682	144706
142682	144708
142682	144710
142682	144560
142682	144711
142682	144556
142682	144183
142682	140860
142682	140630
142682	142007
142682	141999
142682	141983
142682	141982
142682	141973
142682	141981
142682	150807
142682	150808
142682	140363
142682	146969
142682	146968
142682	150765
142682	140787
142672	142636
142672	142104
142672	142648
142672	144550
142672	144517
142672	144790
142672	144784
142672	144815
142672	144824
142672	144787
142672	144798
142672	144802
142672	144812
142672	144813
142672	144814
142672	196289
142672	196309
142672	196310
142672	196321
142672	196325
142672	195374
142672	195378
142672	195377
142672	144648
142672	144646
142672	144621
142672	144642
142672	196700
142672	196696
142672	196697
142672	196704
142672	196368
142672	196408
142672	196361
142672	196349
142672	196360
142672	144643
142672	144620
142672	144624
142672	144675
142672	144678
142672	144541
142672	144682
142672	144685
142672	144704
142672	144706
142672	144708
142672	144710
142672	144560
142672	144711
142672	144556
142672	144183
142672	140860
142672	140630
142672	142007
142672	141999
142672	141983
142672	141982
142672	141973
142672	141981
142672	150807
142672	150808
142672	140363
142672	146969
142672	146968
142672	150765
142672	140787
142636	142104
142636	142648
142636	144550
142636	144517
142636	144790
142636	144784
142636	144815
142636	144824
142636	144787
142636	144798
142636	144802
142636	144812
142636	144813
142636	144814
142636	196289
142636	196309
142636	196310
142636	196321
142636	196325
142636	195374
142636	195378
142636	195377
142636	144648
142636	144646
142636	144621
142636	144642
142636	196700
142636	196696
142636	196697
142636	196704
142636	196368
142636	196408
142636	196361
142636	196349
142636	196360
142636	144643
142636	144620
142636	144624
142636	144675
142636	144678
142636	144541
142636	144682
142636	144685
142636	144704
142636	144706
142636	144708
142636	144710
142636	144560
142636	144711
142636	144556
142636	144183
142636	140860
142636	140630
142636	142007
142636	141999
142636	141983
142636	141982
142636	141973
142636	141981
142636	150807
142636	150808
142636	140363
142636	146969
142636	146968
142636	150765
142636	140787
142104	142648
142104	144550
142104	144517
142104	144790
142104	144784
142104	144815
142104	144824
142104	144787
142104	144798
142104	144802
142104	144812
142104	144813
142104	144814
142104	196289
142104	196309
142104	196310
142104	196321
142104	196325
142104	195374
142104	195378
142104	195377
142104	144648
142104	144646
142104	144621
142104	144642
142104	196700
142104	196696
142104	196697
142104	196704
142104	196368
142104	196408
142104	196361
142104	196349
142104	196360
142104	144643
142104	144620
142104	144624
142104	144675
142104	144678
142104	144541
142104	144682
142104	144685
142104	144704
142104	144706
142104	144708
142104	144710
142104	144560
142104	144711
142104	144556
142104	144183
142104	140860
142104	140630
142104	142007
142104	141999
142104	141983
142104	141982
142104	141973
142104	141981
142104	150807
142104	150808
142104	140363
142104	146969
142104	146968
142104	150765
142104	140787
142648	144550
142648	144517
142648	144790
142648	144784
142648	144815
142648	144824
142648	144787
142648	144798
142648	144802
142648	144812
142648	144813
142648	144814
142648	196289
142648	196309
142648	196310
142648	196321
142648	196325
142648	195374
142648	195378
142648	195377
142648	144648
142648	144646
142648	144621
142648	144642
142648	196700
142648	196696
142648	196697
142648	196704
142648	196368
142648	196408
142648	196361
142648	196349
142648	196360
142648	144643
142648	144620
142648	144624
142648	144675
142648	144678
142648	144541
142648	144682
142648	144685
142648	144704
142648	144706
142648	144708
142648	144710
142648	144560
142648	144711
142648	144556
142648	144183
142648	140860
142648	140630
142648	142007
142648	141999
142648	141983
142648	141982
142648	141973
142648	141981
142648	150807
142648	150808
142648	140363
142648	146969
142648	146968
142648	150765
142648	140787
144550	144517
144550	144790
144550	144784
144550	144815
144550	144824
144550	144787
144550	144798
144550	144802
144550	144812
144550	144813
144550	144814
144550	196289
144550	196309
144550	196310
144550	196321
144550	196325
144550	195374
144550	195378
144550	195377
144550	144648
144550	144646
144550	144621
144550	144642
144550	196700
144550	196696
144550	196697
144550	196704
144550	196368
144550	196408
144550	196361
144550	196349
144550	196360
144550	144643
144550	144620
144550	144624
144550	144675
144550	144678
144550	144541
144550	144682
144550	144685
144550	144704
144550	144706
144550	144708
144550	144710
144550	144560
144550	144711
144550	144556
144550	144183
144550	140860
144550	140630
144550	142007
144550	141999
144550	141983
144550	141982
144550	141973
144550	141981
144550	150807
144550	150808
144550	140363
144550	146969
144550	146968
144550	150765
144550	140787
144517	144790
144517	144784
144517	144815
144517	144824
144517	144787
144517	144798
144517	144802
144517	144812
144517	144813
144517	144814
144517	196289
144517	196309
144517	196310
144517	196321
144517	196325
144517	195374
144517	195378
144517	195377
144517	144648
144517	144646
144517	144621
144517	144642
144517	196700
144517	196696
144517	196697
144517	196704
144517	196368
144517	196408
144517	196361
144517	196349
144517	196360
144517	144643
144517	144620
144517	144624
144517	144675
144517	144678
144517	144541
144517	144682
144517	144685
144517	144704
144517	144706
144517	144708
144517	144710
144517	144560
144517	144711
144517	144556
144517	144183
144517	140860
144517	140630
144517	142007
144517	141999
144517	141983
144517	141982
144517	141973
144517	141981
144517	150807
144517	150808
144517	140363
144517	146969
144517	146968
144517	150765
144517	140787
144790	144784
144790	144815
144790	144824
144790	144787
144790	144798
144790	144802
144790	144812
144790	144813
144790	144814
144790	196289
144790	196309
144790	196310
144790	196321
144790	196325
144790	195374
144790	195378
144790	195377
144790	144648
144790	144646
144790	144621
144790	144642
144790	196700
144790	196696
144790	196697
144790	196704
144790	196368
144790	196408
144790	196361
144790	196349
144790	196360
144790	144643
144790	144620
144790	144624
144790	144675
144790	144678
144790	144541
144790	144682
144790	144685
144790	144704
144790	144706
144790	144708
144790	144710
144790	144560
144790	144711
144790	144556
144790	144183
144790	140860
144790	140630
144790	142007
144790	141999
144790	141983
144790	141982
144790	141973
144790	141981
144790	150807
144790	150808
144790	140363
144790	146969
144790	146968
144790	150765
144790	140787
144784	144815
144784	144824
144784	144787
144784	144798
144784	144802
144784	144812
144784	144813
144784	144814
144784	196289
144784	196309
144784	196310
144784	196321
144784	196325
144784	195374
144784	195378
144784	195377
144784	144648
144784	144646
144784	144621
144784	144642
144784	196700
144784	196696
144784	196697
144784	196704
144784	196368
144784	196408
144784	196361
144784	196349
144784	196360
144784	144643
144784	144620
144784	144624
144784	144675
144784	144678
144784	144541
144784	144682
144784	144685
144784	144704
144784	144706
144784	144708
144784	144710
144784	144560
144784	144711
144784	144556
144784	144183
144784	140860
144784	140630
144784	142007
144784	141999
144784	141983
144784	141982
144784	141973
144784	141981
144784	150807
144784	150808
144784	140363
144784	146969
144784	146968
144784	150765
144784	140787
144815	144824
144815	144787
144815	144798
144815	144802
144815	144812
144815	144813
144815	144814
144815	196289
144815	196309
144815	196310
144815	196321
144815	196325
144815	195374
144815	195378
144815	195377
144815	144648
144815	144646
144815	144621
144815	144642
144815	196700
144815	196696
144815	196697
144815	196704
144815	196368
144815	196408
144815	196361
144815	196349
144815	196360
144815	144643
144815	144620
144815	144624
144815	144675
144815	144678
144815	144541
144815	144682
144815	144685
144815	144704
144815	144706
144815	144708
144815	144710
144815	144560
144815	144711
144815	144556
144815	144183
144815	140860
144815	140630
144815	142007
144815	141999
144815	141983
144815	141982
144815	141973
144815	141981
144815	150807
144815	150808
144815	140363
144815	146969
144815	146968
144815	150765
144815	140787
144824	144787
144824	144798
144824	144802
144824	144812
144824	144813
144824	144814
144824	196289
144824	196309
144824	196310
144824	196321
144824	196325
144824	195374
144824	195378
144824	195377
144824	144648
144824	144646
144824	144621
144824	144642
144824	196700
144824	196696
144824	196697
144824	196704
144824	196368
144824	196408
144824	196361
144824	196349
144824	196360
144824	144643
144824	144620
144824	144624
144824	144675
144824	144678
144824	144541
144824	144682
144824	144685
144824	144704
144824	144706
144824	144708
144824	144710
144824	144560
144824	144711
144824	144556
144824	144183
144824	140860
144824	140630
144824	142007
144824	141999
144824	141983
144824	141982
144824	141973
144824	141981
144824	150807
144824	150808
144824	140363
144824	146969
144824	146968
144824	150765
144824	140787
144787	144798
144787	144802
144787	144812
144787	144813
144787	144814
144787	196289
144787	196309
144787	196310
144787	196321
144787	196325
144787	195374
144787	195378
144787	195377
144787	144648
144787	144646
144787	144621
144787	144642
144787	196700
144787	196696
144787	196697
144787	196704
144787	196368
144787	196408
144787	196361
144787	196349
144787	196360
144787	144643
144787	144620
144787	144624
144787	144675
144787	144678
144787	144541
144787	144682
144787	144685
144787	144704
144787	144706
144787	144708
144787	144710
144787	144560
144787	144711
144787	144556
144787	144183
144787	140860
144787	140630
144787	142007
144787	141999
144787	141983
144787	141982
144787	141973
144787	141981
144787	150807
144787	150808
144787	140363
144787	146969
144787	146968
144787	150765
144787	140787
144798	144802
144798	144812
144798	144813
144798	144814
144798	196289
144798	196309
144798	196310
144798	196321
144798	196325
144798	195374
144798	195378
144798	195377
144798	144648
144798	144646
144798	144621
144798	144642
144798	196700
144798	196696
144798	196697
144798	196704
144798	196368
144798	196408
144798	196361
144798	196349
144798	196360
144798	144643
144798	144620
144798	144624
144798	144675
144798	144678
144798	144541
144798	144682
144798	144685
144798	144704
144798	144706
144798	144708
144798	144710
144798	144560
144798	144711
144798	144556
144798	144183
144798	140860
144798	140630
144798	142007
144798	141999
144798	141983
144798	141982
144798	141973
144798	141981
144798	150807
144798	150808
144798	140363
144798	146969
144798	146968
144798	150765
144798	140787
144802	144812
144802	144813
144802	144814
144802	196289
144802	196309
144802	196310
144802	196321
144802	196325
144802	195374
144802	195378
144802	195377
144802	144648
144802	144646
144802	144621
144802	144642
144802	196700
144802	196696
144802	196697
144802	196704
144802	196368
144802	196408
144802	196361
144802	196349
144802	196360
144802	144643
144802	144620
144802	144624
144802	144675
144802	144678
144802	144541
144802	144682
144802	144685
144802	144704
144802	144706
144802	144708
144802	144710
144802	144560
144802	144711
144802	144556
144802	144183
144802	140860
144802	140630
144802	142007
144802	141999
144802	141983
144802	141982
144802	141973
144802	141981
144802	150807
144802	150808
144802	140363
144802	146969
144802	146968
144802	150765
144802	140787
144812	144813
144812	144814
144812	196289
144812	196309
144812	196310
144812	196321
144812	196325
144812	195374
144812	195378
144812	195377
144812	144648
144812	144646
144812	144621
144812	144642
144812	196700
144812	196696
144812	196697
144812	196704
144812	196368
144812	196408
144812	196361
144812	196349
144812	196360
144812	144643
144812	144620
144812	144624
144812	144675
144812	144678
144812	144541
144812	144682
144812	144685
144812	144704
144812	144706
144812	144708
144812	144710
144812	144560
144812	144711
144812	144556
144812	144183
144812	140860
144812	140630
144812	142007
144812	141999
144812	141983
144812	141982
144812	141973
144812	141981
144812	150807
144812	150808
144812	140363
144812	146969
144812	146968
144812	150765
144812	140787
144813	144814
144813	196289
144813	196309
144813	196310
144813	196321
144813	196325
144813	195374
144813	195378
144813	195377
144813	144648
144813	144646
144813	144621
144813	144642
144813	196700
144813	196696
144813	196697
144813	196704
144813	196368
144813	196408
144813	196361
144813	196349
144813	196360
144813	144643
144813	144620
144813	144624
144813	144675
144813	144678
144813	144541
144813	144682
144813	144685
144813	144704
144813	144706
144813	144708
144813	144710
144813	144560
144813	144711
144813	144556
144813	144183
144813	140860
144813	140630
144813	142007
144813	141999
144813	141983
144813	141982
144813	141973
144813	141981
144813	150807
144813	150808
144813	140363
144813	146969
144813	146968
144813	150765
144813	140787
144814	196289
144814	196309
144814	196310
144814	196321
144814	196325
144814	195374
144814	195378
144814	195377
144814	144648
144814	144646
144814	144621
144814	144642
144814	196700
144814	196696
144814	196697
144814	196704
144814	196368
144814	196408
144814	196361
144814	196349
144814	196360
144814	144643
144814	144620
144814	144624
144814	144675
144814	144678
144814	144541
144814	144682
144814	144685
144814	144704
144814	144706
144814	144708
144814	144710
144814	144560
144814	144711
144814	144556
144814	144183
144814	140860
144814	140630
144814	142007
144814	141999
144814	141983
144814	141982
144814	141973
144814	141981
144814	150807
144814	150808
144814	140363
144814	146969
144814	146968
144814	150765
144814	140787
196289	196309
196289	196310
196289	196321
196289	196325
196289	195374
196289	195378
196289	195377
196289	144648
196289	144646
196289	144621
196289	144642
196289	196700
196289	196696
196289	196697
196289	196704
196289	196368
196289	196408
196289	196361
196289	196349
196289	196360
196289	144643
196289	144620
196289	144624
196289	144675
196289	144678
196289	144541
196289	144682
196289	144685
196289	144704
196289	144706
196289	144708
196289	144710
196289	144560
196289	144711
196289	144556
196289	144183
196289	140860
196289	140630
196289	142007
196289	141999
196289	141983
196289	141982
196289	141973
196289	141981
196289	150807
196289	150808
196289	140363
196289	146969
196289	146968
196289	150765
196289	140787
196309	196310
196309	196321
196309	196325
196309	195374
196309	195378
196309	195377
196309	144648
196309	144646
196309	144621
196309	144642
196309	196700
196309	196696
196309	196697
196309	196704
196309	196368
196309	196408
196309	196361
196309	196349
196309	196360
196309	144643
196309	144620
196309	144624
196309	144675
196309	144678
196309	144541
196309	144682
196309	144685
196309	144704
196309	144706
196309	144708
196309	144710
196309	144560
196309	144711
196309	144556
196309	144183
196309	140860
196309	140630
196309	142007
196309	141999
196309	141983
196309	141982
196309	141973
196309	141981
196309	150807
196309	150808
196309	140363
196309	146969
196309	146968
196309	150765
196309	140787
196310	196321
196310	196325
196310	195374
196310	195378
196310	195377
196310	144648
196310	144646
196310	144621
196310	144642
196310	196700
196310	196696
196310	196697
196310	196704
196310	196368
196310	196408
196310	196361
196310	196349
196310	196360
196310	144643
196310	144620
196310	144624
196310	144675
196310	144678
196310	144541
196310	144682
196310	144685
196310	144704
196310	144706
196310	144708
196310	144710
196310	144560
196310	144711
196310	144556
196310	144183
196310	140860
196310	140630
196310	142007
196310	141999
196310	141983
196310	141982
196310	141973
196310	141981
196310	150807
196310	150808
196310	140363
196310	146969
196310	146968
196310	150765
196310	140787
196321	196325
196321	195374
196321	195378
196321	195377
196321	144648
196321	144646
196321	144621
196321	144642
196321	196700
196321	196696
196321	196697
196321	196704
196321	196368
196321	196408
196321	196361
196321	196349
196321	196360
196321	144643
196321	144620
196321	144624
196321	144675
196321	144678
196321	144541
196321	144682
196321	144685
196321	144704
196321	144706
196321	144708
196321	144710
196321	144560
196321	144711
196321	144556
196321	144183
196321	140860
196321	140630
196321	142007
196321	141999
196321	141983
196321	141982
196321	141973
196321	141981
196321	150807
196321	150808
196321	140363
196321	146969
196321	146968
196321	150765
196321	140787
196325	195374
196325	195378
196325	195377
196325	144648
196325	144646
196325	144621
196325	144642
196325	196700
196325	196696
196325	196697
196325	196704
196325	196368
196325	196408
196325	196361
196325	196349
196325	196360
196325	144643
196325	144620
196325	144624
196325	144675
196325	144678
196325	144541
196325	144682
196325	144685
196325	144704
196325	144706
196325	144708
196325	144710
196325	144560
196325	144711
196325	144556
196325	144183
196325	140860
196325	140630
196325	142007
196325	141999
196325	141983
196325	141982
196325	141973
196325	141981
196325	150807
196325	150808
196325	140363
196325	146969
196325	146968
196325	150765
196325	140787
195374	195378
195374	195377
195374	144648
195374	144646
195374	144621
195374	144642
195374	196700
195374	196696
195374	196697
195374	196704
195374	196368
195374	196408
195374	196361
195374	196349
195374	196360
195374	144643
195374	144620
195374	144624
195374	144675
195374	144678
195374	144541
195374	144682
195374	144685
195374	144704
195374	144706
195374	144708
195374	144710
195374	144560
195374	144711
195374	144556
195374	144183
195374	140860
195374	140630
195374	142007
195374	141999
195374	141983
195374	141982
195374	141973
195374	141981
195374	150807
195374	150808
195374	140363
195374	146969
195374	146968
195374	150765
195374	140787
195378	195377
195378	144648
195378	144646
195378	144621
195378	144642
195378	196700
195378	196696
195378	196697
195378	196704
195378	196368
195378	196408
195378	196361
195378	196349
195378	196360
195378	144643
195378	144620
195378	144624
195378	144675
195378	144678
195378	144541
195378	144682
195378	144685
195378	144704
195378	144706
195378	144708
195378	144710
195378	144560
195378	144711
195378	144556
195378	144183
195378	140860
195378	140630
195378	142007
195378	141999
195378	141983
195378	141982
195378	141973
195378	141981
195378	150807
195378	150808
195378	140363
195378	146969
195378	146968
195378	150765
195378	140787
195377	144648
195377	144646
195377	144621
195377	144642
195377	196700
195377	196696
195377	196697
195377	196704
195377	196368
195377	196408
195377	196361
195377	196349
195377	196360
195377	144643
195377	144620
195377	144624
195377	144675
195377	144678
195377	144541
195377	144682
195377	144685
195377	144704
195377	144706
195377	144708
195377	144710
195377	144560
195377	144711
195377	144556
195377	144183
195377	140860
195377	140630
195377	142007
195377	141999
195377	141983
195377	141982
195377	141973
195377	141981
195377	150807
195377	150808
195377	140363
195377	146969
195377	146968
195377	150765
195377	140787
144648	144646
144648	144621
144648	144642
144648	196700
144648	196696
144648	196697
144648	196704
144648	196368
144648	196408
144648	196361
144648	196349
144648	196360
144648	144643
144648	144620
144648	144624
144648	144675
144648	144678
144648	144541
144648	144682
144648	144685
144648	144704
144648	144706
144648	144708
144648	144710
144648	144560
144648	144711
144648	144556
144648	144183
144648	140860
144648	140630
144648	142007
144648	141999
144648	141983
144648	141982
144648	141973
144648	141981
144648	150807
144648	150808
144648	140363
144648	146969
144648	146968
144648	150765
144648	140787
144646	144621
144646	144642
144646	196700
144646	196696
144646	196697
144646	196704
144646	196368
144646	196408
144646	196361
144646	196349
144646	196360
144646	144643
144646	144620
144646	144624
144646	144675
144646	144678
144646	144541
144646	144682
144646	144685
144646	144704
144646	144706
144646	144708
144646	144710
144646	144560
144646	144711
144646	144556
144646	144183
144646	140860
144646	140630
144646	142007
144646	141999
144646	141983
144646	141982
144646	141973
144646	141981
144646	150807
144646	150808
144646	140363
144646	146969
144646	146968
144646	150765
144646	140787
144621	144642
144621	196700
144621	196696
144621	196697
144621	196704
144621	196368
144621	196408
144621	196361
144621	196349
144621	196360
144621	144643
144621	144620
144621	144624
144621	144675
144621	144678
144621	144541
144621	144682
144621	144685
144621	144704
144621	144706
144621	144708
144621	144710
144621	144560
144621	144711
144621	144556
144621	144183
144621	140860
144621	140630
144621	142007
144621	141999
144621	141983
144621	141982
144621	141973
144621	141981
144621	150807
144621	150808
144621	140363
144621	146969
144621	146968
144621	150765
144621	140787
144642	196700
144642	196696
144642	196697
144642	196704
144642	196368
144642	196408
144642	196361
144642	196349
144642	196360
144642	144643
144642	144620
144642	144624
144642	144675
144642	144678
144642	144541
144642	144682
144642	144685
144642	144704
144642	144706
144642	144708
144642	144710
144642	144560
144642	144711
144642	144556
144642	144183
144642	140860
144642	140630
144642	142007
144642	141999
144642	141983
144642	141982
144642	141973
144642	141981
144642	150807
144642	150808
144642	140363
144642	146969
144642	146968
144642	150765
144642	140787
196700	196696
196700	196697
196700	196704
196700	196368
196700	196408
196700	196361
196700	196349
196700	196360
196700	144643
196700	144620
196700	144624
196700	144675
196700	144678
196700	144541
196700	144682
196700	144685
196700	144704
196700	144706
196700	144708
196700	144710
196700	144560
196700	144711
196700	144556
196700	144183
196700	140860
196700	140630
196700	142007
196700	141999
196700	141983
196700	141982
196700	141973
196700	141981
196700	150807
196700	150808
196700	140363
196700	146969
196700	146968
196700	150765
196700	140787
196696	196697
196696	196704
196696	196368
196696	196408
196696	196361
196696	196349
196696	196360
196696	144643
196696	144620
196696	144624
196696	144675
196696	144678
196696	144541
196696	144682
196696	144685
196696	144704
196696	144706
196696	144708
196696	144710
196696	144560
196696	144711
196696	144556
196696	144183
196696	140860
196696	140630
196696	142007
196696	141999
196696	141983
196696	141982
196696	141973
196696	141981
196696	150807
196696	150808
196696	140363
196696	146969
196696	146968
196696	150765
196696	140787
196697	196704
196697	196368
196697	196408
196697	196361
196697	196349
196697	196360
196697	144643
196697	144620
196697	144624
196697	144675
196697	144678
196697	144541
196697	144682
196697	144685
196697	144704
196697	144706
196697	144708
196697	144710
196697	144560
196697	144711
196697	144556
196697	144183
196697	140860
196697	140630
196697	142007
196697	141999
196697	141983
196697	141982
196697	141973
196697	141981
196697	150807
196697	150808
196697	140363
196697	146969
196697	146968
196697	150765
196697	140787
196704	196368
196704	196408
196704	196361
196704	196349
196704	196360
196704	144643
196704	144620
196704	144624
196704	144675
196704	144678
196704	144541
196704	144682
196704	144685
196704	144704
196704	144706
196704	144708
196704	144710
196704	144560
196704	144711
196704	144556
196704	144183
196704	140860
196704	140630
196704	142007
196704	141999
196704	141983
196704	141982
196704	141973
196704	141981
196704	150807
196704	150808
196704	140363
196704	146969
196704	146968
196704	150765
196704	140787
196368	196408
196368	196361
196368	196349
196368	196360
196368	144643
196368	144620
196368	144624
196368	144675
196368	144678
196368	144541
196368	144682
196368	144685
196368	144704
196368	144706
196368	144708
196368	144710
196368	144560
196368	144711
196368	144556
196368	144183
196368	140860
196368	140630
196368	142007
196368	141999
196368	141983
196368	141982
196368	141973
196368	141981
196368	150807
196368	150808
196368	140363
196368	146969
196368	146968
196368	150765
196368	140787
196408	196361
196408	196349
196408	196360
196408	144643
196408	144620
196408	144624
196408	144675
196408	144678
196408	144541
196408	144682
196408	144685
196408	144704
196408	144706
196408	144708
196408	144710
196408	144560
196408	144711
196408	144556
196408	144183
196408	140860
196408	140630
196408	142007
196408	141999
196408	141983
196408	141982
196408	141973
196408	141981
196408	150807
196408	150808
196408	140363
196408	146969
196408	146968
196408	150765
196408	140787
196361	196349
196361	196360
196361	144643
196361	144620
196361	144624
196361	144675
196361	144678
196361	144541
196361	144682
196361	144685
196361	144704
196361	144706
196361	144708
196361	144710
196361	144560
196361	144711
196361	144556
196361	144183
196361	140860
196361	140630
196361	142007
196361	141999
196361	141983
196361	141982
196361	141973
196361	141981
196361	150807
196361	150808
196361	140363
196361	146969
196361	146968
196361	150765
196361	140787
196349	196360
196349	144643
196349	144620
196349	144624
196349	144675
196349	144678
196349	144541
196349	144682
196349	144685
196349	144704
196349	144706
196349	144708
196349	144710
196349	144560
196349	144711
196349	144556
196349	144183
196349	140860
196349	140630
196349	142007
196349	141999
196349	141983
196349	141982
196349	141973
196349	141981
196349	150807
196349	150808
196349	140363
196349	146969
196349	146968
196349	150765
196349	140787
196360	144643
196360	144620
196360	144624
196360	144675
196360	144678
196360	144541
196360	144682
196360	144685
196360	144704
196360	144706
196360	144708
196360	144710
196360	144560
196360	144711
196360	144556
196360	144183
196360	140860
196360	140630
196360	142007
196360	141999
196360	141983
196360	141982
196360	141973
196360	141981
196360	150807
196360	150808
196360	140363
196360	146969
196360	146968
196360	150765
196360	140787
144643	144620
144643	144624
144643	144675
144643	144678
144643	144541
144643	144682
144643	144685
144643	144704
144643	144706
144643	144708
144643	144710
144643	144560
144643	144711
144643	144556
144643	144183
144643	140860
144643	140630
144643	142007
144643	141999
144643	141983
144643	141982
144643	141973
144643	141981
144643	150807
144643	150808
144643	140363
144643	146969
144643	146968
144643	150765
144643	140787
144620	144624
144620	144675
144620	144678
144620	144541
144620	144682
144620	144685
144620	144704
144620	144706
144620	144708
144620	144710
144620	144560
144620	144711
144620	144556
144620	144183
144620	140860
144620	140630
144620	142007
144620	141999
144620	141983
144620	141982
144620	141973
144620	141981
144620	150807
144620	150808
144620	140363
144620	146969
144620	146968
144620	150765
144620	140787
144624	144675
144624	144678
144624	144541
144624	144682
144624	144685
144624	144704
144624	144706
144624	144708
144624	144710
144624	144560
144624	144711
144624	144556
144624	144183
144624	140860
144624	140630
144624	142007
144624	141999
144624	141983
144624	141982
144624	141973
144624	141981
144624	150807
144624	150808
144624	140363
144624	146969
144624	146968
144624	150765
144624	140787
144675	144678
144675	144541
144675	144682
144675	144685
144675	144704
144675	144706
144675	144708
144675	144710
144675	144560
144675	144711
144675	144556
144675	144183
144675	140860
144675	140630
144675	142007
144675	141999
144675	141983
144675	141982
144675	141973
144675	141981
144675	150807
144675	150808
144675	140363
144675	146969
144675	146968
144675	150765
144675	140787
144678	144541
144678	144682
144678	144685
144678	144704
144678	144706
144678	144708
144678	144710
144678	144560
144678	144711
144678	144556
144678	144183
144678	140860
144678	140630
144678	142007
144678	141999
144678	141983
144678	141982
144678	141973
144678	141981
144678	150807
144678	150808
144678	140363
144678	146969
144678	146968
144678	150765
144678	140787
144541	144682
144541	144685
144541	144704
144541	144706
144541	144708
144541	144710
144541	144560
144541	144711
144541	144556
144541	144183
144541	140860
144541	140630
144541	142007
144541	141999
144541	141983
144541	141982
144541	141973
144541	141981
144541	150807
144541	150808
144541	140363
144541	146969
144541	146968
144541	150765
144541	140787
144682	144685
144682	144704
144682	144706
144682	144708
144682	144710
144682	144560
144682	144711
144682	144556
144682	144183
144682	140860
144682	140630
144682	142007
144682	141999
144682	141983
144682	141982
144682	141973
144682	141981
144682	150807
144682	150808
144682	140363
144682	146969
144682	146968
144682	150765
144682	140787
144685	144704
144685	144706
144685	144708
144685	144710
144685	144560
144685	144711
144685	144556
144685	144183
144685	140860
144685	140630
144685	142007
144685	141999
144685	141983
144685	141982
144685	141973
144685	141981
144685	150807
144685	150808
144685	140363
144685	146969
144685	146968
144685	150765
144685	140787
144704	144706
144704	144708
144704	144710
144704	144560
144704	144711
144704	144556
144704	144183
144704	140860
144704	140630
144704	142007
144704	141999
144704	141983
144704	141982
144704	141973
144704	141981
144704	150807
144704	150808
144704	140363
144704	146969
144704	146968
144704	150765
144704	140787
144706	144708
144706	144710
144706	144560
144706	144711
144706	144556
144706	144183
144706	140860
144706	140630
144706	142007
144706	141999
144706	141983
144706	141982
144706	141973
144706	141981
144706	150807
144706	150808
144706	140363
144706	146969
144706	146968
144706	150765
144706	140787
144708	144710
144708	144560
144708	144711
144708	144556
144708	144183
144708	140860
144708	140630
144708	142007
144708	141999
144708	141983
144708	141982
144708	141973
144708	141981
144708	150807
144708	150808
144708	140363
144708	146969
144708	146968
144708	150765
144708	140787
144710	144560
144710	144711
144710	144556
144710	144183
144710	140860
144710	140630
144710	142007
144710	141999
144710	141983
144710	141982
144710	141973
144710	141981
144710	150807
144710	150808
144710	140363
144710	146969
144710	146968
144710	150765
144710	140787
144560	144711
144560	144556
144560	144183
144560	140860
144560	140630
144560	142007
144560	141999
144560	141983
144560	141982
144560	141973
144560	141981
144560	150807
144560	150808
144560	140363
144560	146969
144560	146968
144560	150765
144560	140787
144711	144556
144711	144183
144711	140860
144711	140630
144711	142007
144711	141999
144711	141983
144711	141982
144711	141973
144711	141981
144711	150807
144711	150808
144711	140363
144711	146969
144711	146968
144711	150765
144711	140787
144556	144183
144556	140860
144556	140630
144556	142007
144556	141999
144556	141983
144556	141982
144556	141973
144556	141981
144556	150807
144556	150808
144556	140363
144556	146969
144556	146968
144556	150765
144556	140787
144183	140860
144183	140630
144183	142007
144183	141999
144183	141983
144183	141982
144183	141973
144183	141981
144183	150807
144183	150808
144183	140363
144183	146969
144183	146968
144183	150765
144183	140787
140860	140630
140860	142007
140860	141999
140860	141983
140860	141982
140860	141973
140860	141981
140860	150807
140860	150808
140860	140363
140860	146969
140860	146968
140860	150765
140860	140787
140630	142007
140630	141999
140630	141983
140630	141982
140630	141973
140630	141981
140630	150807
140630	150808
140630	140363
140630	146969
140630	146968
140630	150765
140630	140787
142007	141999
142007	141983
142007	141982
142007	141973
142007	141981
142007	150807
142007	150808
142007	140363
142007	146969
142007	146968
142007	150765
142007	140787
141999	141983
141999	141982
141999	141973
141999	141981
141999	150807
141999	150808
141999	140363
141999	146969
141999	146968
141999	150765
141999	140787
141983	141982
141983	141973
141983	141981
141983	150807
141983	150808
141983	140363
141983	146969
141983	146968
141983	150765
141983	140787
141982	141973
141982	141981
141982	150807
141982	150808
141982	140363
141982	146969
141982	146968
141982	150765
141982	140787
141973	141981
141973	150807
141973	150808
141973	140363
141973	146969
141973	146968
141973	150765
141973	140787
141981	150807
141981	150808
141981	140363
141981	146969
141981	146968
141981	150765
141981	140787
150807	150808
150807	140363
150807	146969
150807	146968
150807	150765
150807	140787
150808	140363
150808	146969
150808	146968
150808	150765
150808	140787
140363	146969
140363	146968
140363	150765
140363	140787
146969	146968
146969	150765
146969	140787
146968	150765
146968	140787
150765	140787
