3393
25415
34741
25914
25416
25985
25995
34153
25911
25912
25916
25990
25917
26028
25901
25900
25897
25896
25844
25898
25899
25907
25831
25832
25833
25834
25829
25830
25838
25826
25839
25904
35411
25902
25918
25894
25910
25908
8809
26565
26564
26615
26156
26178
26179
26175
26181
26651
26180
26186
26187
26569
26570
26576
26578
26673
26672
26675
26674
26676
18860
18861
26678
26721
26649
26722
26723
26725
26724
26687
26688
26686
26726
26658
26682
26681
26685
26679
26656
26648
26655
26647
26644
26642
26641
26592
26591
26594
26596
26595
26590
26581
26583
26588
26637
26586
26638
26639
26621
26643
26634
26636
26635
26645
26633
26627
26628
26629
26632
26630
26631
26623
26600
26599
26598
26603
26606
26602
26604
26558
26601
18853
18852
26553
26556
26554
25376
25377
25379
25374
25373
21892
21891
26542
26543
26557
26559
26612
26611
26618
26614
26563
26613
26560
26561
26562
26549
26550
26552
26545
26546
26154
26152
26149
26147
26153
26146
26143
26142
26135
26134
26136
26133
26139
26150
26151
26176
26173
26166
26169
26170
26182
26171
26184
26183
26164
26163
26162
26160
26158
26159
26161
26167
26137
26140
26122
26119
26117
26109
26116
26110
26115
26130
26112
25264
25262
25267
25273
25272
25271
25277
25280
25276
25270
25266
25265
25261
26111
25260
25263
29005
34343
26113
26114
26121
26120
26118
26123
11214
11215
26125
26127
26126
26157
26124
26128
26129
26172
11217
11218
26263
26264
26271
26272
26662
26660
26652
21887
11220
21888
11221
26189
26188
19180
19337
26165
26168
26141
26138
26132
26131
25268
25274
25278
25279
26145
26144
26544
26548
26541
18854
18855
18856
18857
26551
26539
26540
26555
25378
25380
26624
26626
26625
26608
26607
26610
26609
18815
18817
18816
26616
26617
34846
26620
26619
26584
26585
26587
26589
26582
26580
26579
26573
26574
26571
26572
26593
26640
26646
26650
26653
26654
34113
26597
26677
26663
26664
26661
26577
26657
26575
26566
26268
26659
26267
19181
26185
26174
26177
26148
18858
18859
26155
26547
8810
26262
26727
25269
25275
103582
103583
7429
27587
7430
27588
27589
27558
27557
27560
27561
27559
27590
27593
27601
27539
27540
27602
27604
27605
27599
27600
27595
27596
27598
27603
27537
27594
27597
27529
27530
27538
27532
27528
27491
27490
27492
27547
27546
27545
27550
27553
27549
27554
27555
27566
27562
27563
27031
27030
27028
27023
27025
27034
27036
27037
27039
27040
27571
27574
27572
27573
27579
27576
27724
27580
27726
27577
27583
27582
27585
27586
27584
27732
27734
27733
27731
27042
27041
27575
27568
27038
27026
27251
27027
27035
27232
27231
27230
27226
27225
27125
27118
27126
27233
27235
27241
27242
27245
27246
27259
27249
27255
27256
27277
27269
27270
27268
27266
27267
27265
27263
27262
27264
27247
27254
27248
27250
27257
27253
27258
27252
27728
27727
27729
27234
27131
27127
27128
27129
27130
27227
27022
27021
26980
27016
27018
27017
27015
26999
26996
27006
27004
27009
27010
27007
27011
27005
27541
27544
27485
27479
27477
27476
27483
27488
27475
27471
27472
27473
26906
26904
26907
27001
27002
27000
26991
26987
26992
26989
26988
26986
26983
26984
26940
26947
26946
26948
26994
26968
26969
26970
26966
26972
26974
26975
26963
26978
27229
27228
27119
27112
27115
27116
27114
27111
26770
26783
26782
26962
26961
26979
27236
27237
27238
26960
26959
26958
26956
26955
26954
26965
26952
26949
26950
26951
26777
26775
26773
26758
26766
26768
26778
26779
26769
26767
26765
26756
26754
26755
26732
26751
26731
26742
26744
26747
26748
26922
26924
26926
26933
26939
26932
26936
26937
26888
26981
26889
26882
26890
26887
26899
26898
26902
26895
26893
26892
26878
26884
26876
26881
26841
26880
26935
26838
26930
26917
26916
26919
26746
26740
26911
26910
26915
26909
26913
26819
26820
35017
26821
26823
26822
26825
26826
26833
26834
26839
26832
26871
26872
26873
26853
26858
26891
26896
27465
27469
27484
27489
27520
27521
27526
27482
27467
27480
27446
27451
27461
27450
27445
26862
26863
26854
26868
26867
26855
26843
26842
26852
26851
26813
26808
26812
26829
26869
26828
26824
26817
26816
26793
26800
26801
26799
26805
26804
26802
26787
26789
26803
26788
26786
26785
26784
26796
26795
26794
26797
26798
26792
26790
26791
26735
26815
26734
26736
26729
26811
26807
26806
26809
34303
26810
26850
26845
26844
26849
26848
26861
27436
26866
27447
27468
27464
26865
26857
26856
26814
26870
26830
26831
26827
26818
26737
26738
26743
26739
26912
26914
26929
26836
26837
26840
26835
26877
26875
26886
26874
26897
26885
26879
26883
26931
26918
26920
26927
26928
26943
26925
26921
26750
26774
26745
26741
26733
26730
26757
26749
26771
26772
26923
26776
26944
26953
26781
26780
26957
26967
26964
26945
26942
26941
26934
26938
26982
26901
26990
26993
26985
26905
26900
26903
27470
26894
27466
27474
26908
27478
27003
26997
26998
26995
26971
26973
27008
27012
26976
26977
27024
27020
27019
27013
27029
27032
27033
27564
27565
27567
27527
20779
27014
27548
27542
27543
20778
27486
27487
27556
26689
26728
26692
27606
27240
14343
27159
27160
27163
27184
27178
27206
27204
27202
27205
27201
27209
27149
27150
27260
27261
27211
27212
27213
27214
27210
27208
27146
27145
27148
27136
27142
27143
27141
27123
27132
27133
27134
27138
27139
27147
27198
27197
27196
27182
27175
27174
27171
27168
27172
27091
27088
27087
27084
27083
27080
27081
27105
27065
27103
27106
27107
27121
27108
27109
27101
27104
27102
27064
27060
27062
27069
27068
27066
26377
27049
27047
27058
26367
26370
26365
26323
26368
26369
26382
26383
26392
26396
26398
26397
26402
26401
27070
27072
27076
27151
27089
27154
27169
27158
27161
27176
27153
27155
26500
14346
14345
26497
26496
26494
26412
26409
26411
27071
26410
26407
26405
26403
26406
26388
26390
26389
26386
26400
26393
26385
26384
26379
26353
26362
26356
26361
26354
26347
26352
26329
26339
26327
26324
26326
26331
26332
26316
26322
26317
26319
26239
26238
27394
26240
26318
26328
26330
26340
26351
26378
26380
26363
26387
26391
26408
26499
27152
26498
27075
27086
27073
26413
26404
26394
26381
26325
26321
26320
26364
26395
26376
26399
27067
27059
27057
27063
27077
27078
27079
27074
27085
27167
27170
27179
27180
27183
27173
27195
27140
27137
27092
27090
27082
27122
27110
27124
27135
27144
27199
27200
27203
27181
27162
27177
27157
26355
26348
26337
26343
26344
26335
26338
14344
26193
26190
26191
105656
26199
26213
26215
35256
26216
26222
26253
26260
26285
26286
26293
26295
26294
26297
26696
26700
26703
26714
26716
27043
27044
27045
27051
27054
27093
27094
27095
27097
27099
27113
27120
27100
27096
27061
27098
26761
26760
26759
26753
26752
26710
26709
26708
26705
26706
26691
26683
26680
26684
26695
26669
26668
26670
26666
26665
26278
26276
26273
26274
26269
26270
26266
26265
26251
26257
26256
26255
26258
26220
26208
26210
26212
26245
26249
26206
26246
26207
26211
26209
26205
26204
26252
26247
26248
26250
26275
26280
26277
26281
26667
26671
26690
26707
26711
26713
26717
26720
26762
26719
27052
26764
26763
27055
27053
27056
27048
27050
27046
26375
26371
26372
35277
26366
26302
26301
26303
26374
26300
26298
26289
26290
26291
26288
26244
26243
26242
26241
26237
26234
26235
26282
26232
26202
26224
26225
26195
26196
26223
26197
26198
26226
26229
26227
26228
26231
26233
26230
26373
26718
26704
26715
26712
26701
26702
26697
26698
26699
26694
26693
26299
26296
26292
26287
26284
26279
26283
26261
26259
26254
26236
26221
26219
26217
26218
26214
26200
26201
26203
26194
26192
27207
27117
26333
26334
105573
105572
105549
27185
27190
27215
27412
27419
27424
27423
20500
20501
27420
27418
27417
27415
27414
32715
34817
34082
34083
34167
27222
27409
27416
27413
27194
27223
27193
27218
27220
27216
27191
27192
27405
27377
27378
27408
27410
27383
27407
27188
27189
27187
27186
26535
26537
26536
27380
27381
27375
27374
27368
27367
27373
26519
27309
26518
26479
26480
26475
26476
26481
26515
26517
26521
26520
26525
26524
26516
26473
26472
26508
26506
26509
26510
26513
26522
34355
26523
26531
26534
26530
26528
26527
26503
26504
26505
27156
27164
26495
26487
26486
26491
26488
26489
26441
26437
26436
26428
26429
26434
26433
26431
26360
26349
26357
26359
26358
26417
26418
26424
26425
26423
26421
26422
29187
29186
29200
29192
29193
29191
29157
34321
29133
29120
34319
34320
29118
29117
29122
29126
29169
29171
29179
26414
26306
26304
26345
26342
26336
26341
29114
29177
29178
29174
29180
29175
29176
29173
29132
29130
29168
29129
29134
29172
29170
29113
29111
29112
26305
29167
29125
29124
29123
29119
29154
29155
29158
29160
29159
29161
29188
29131
29189
29183
29190
29199
29202
29208
29206
26452
26451
26453
26457
26478
26456
26454
26458
26460
26448
26470
26450
26468
26467
26464
26463
26449
26446
26445
26462
26444
26443
26438
26310
26311
26459
26447
26315
26313
26314
26455
26312
29185
26442
29184
29182
29181
26308
26307
26309
26416
26415
26350
26346
26430
26432
26419
26427
26426
26420
26440
26435
26484
26490
26485
26483
26502
26501
26492
26493
26511
26529
26514
26512
26507
26439
26466
26465
26471
26469
26474
26461
26477
26482
27366
26526
27379
26533
26532
26538
27382
27411
27369
27371
27372
27370
20117
20119
27319
27376
27317
27314
27318
27316
27320
27345
27384
27385
27386
27388
27387
27389
27358
27360
27361
27359
27362
27363
27392
27391
27393
27355
29391
27365
27350
27352
27339
27338
27337
27343
27342
27341
27330
27329
27327
27328
27326
27331
27325
27324
27321
29327
29330
29331
29329
27305
27287
27304
27306
27311
27310
27312
27288
27289
27298
27390
27297
29207
34305
29204
29203
29205
29300
29302
29301
29304
29307
29305
29303
29306
29297
29298
29308
29309
29310
29319
29320
29315
29318
29313
29311
29274
29296
29249
29248
29246
29243
29247
29293
29245
29218
29285
29290
29291
29238
29286
29233
34322
34323
29162
29215
29146
29150
29149
29148
29016
29013
29015
29142
29143
29011
29010
29147
29144
29145
29212
29211
29214
29216
29222
29223
29226
29227
29240
29241
29225
29230
29229
29231
29267
29271
29270
29275
29277
29316
29317
29268
29269
29221
29220
29228
29151
29014
29165
29195
29197
29201
29196
29194
29164
29156
29141
29140
29137
29012
29136
29139
29135
29152
29116
29121
29128
29127
29138
29153
29115
29007
29006
29166
29163
29287
29232
29235
29234
29236
29237
29239
29213
29217
29224
29242
29244
29273
29272
29276
29314
29312
27302
29295
29294
27301
27295
27299
27300
27294
27292
27293
27284
27283
29292
29289
29299
29288
29198
27296
27303
27285
27286
29328
29326
27307
27323
27322
27335
27336
27357
27356
27364
27351
27353
27354
27349
27347
27346
27348
27344
27308
27315
27313
20118
27281
27282
27395
34985
34986
34987
34988
27396
27397
27402
27401
27334
29324
29321
29322
29323
29325
29283
29358
29357
29261
29254
29258
29260
29259
29265
29264
29281
29263
29252
29022
29250
29219
29021
29020
29023
29026
29253
29251
29025
29031
29041
29032
29033
29030
29024
29262
29039
29255
29040
29266
29282
29284
29279
29278
29280
27332
27333
27340
27290
29408
29407
29409
29413
34324
29411
29412
29414
29406
29405
29404
29425
29430
29426
29427
29431
29432
29424
29428
29429
29423
53362
53363
53360
53355
53357
53356
53359
53368
53367
53364
53365
53369
53373
53372
53371
53180
53182
53370
53374
53188
53186
53189
53184
53187
53181
53183
53172
53175
53185
53231
53232
53239
53243
53245
53246
53241
53242
53244
53248
53249
53076
53077
53251
53250
53252
53247
53235
53236
53263
53255
53256
53253
53237
53238
53224
53254
53257
53260
53259
53262
53261
53265
53264
53258
53228
53229
53218
53221
53223
53225
53226
53227
53219
53216
53215
53213
53212
53204
53202
53203
53207
53208
53206
53197
53199
53200
53035
53037
53036
53051
53053
53055
53059
53058
53065
53066
53067
53063
53064
53217
53329
53331
53328
53332
53322
53333
53336
53335
53324
53316
53315
53314
53308
53310
53311
53300
53299
53294
53295
52992
53044
53045
53049
53047
53043
52986
53042
53040
53030
53029
53014
53009
53039
56765
52974
52976
52980
52981
52983
52988
53286
53283
53281
53279
52982
52973
53277
53268
53267
52970
52964
52965
52961
52967
52995
52968
52996
53005
53007
52962
52945
52994
52993
52946
52947
52997
52949
53015
53016
53017
53021
53022
53192
53193
53194
53195
53033
53032
53027
53026
53011
53019
53010
53012
53004
53000
52999
52998
53003
53020
53024
53025
53023
52960
53124
53114
53125
53126
53159
53127
53165
53112
53111
52956
52955
52957
52954
52959
53018
53002
52958
53001
52963
56637
56638
52969
52971
52972
52978
53278
53280
52987
52985
52979
53006
52966
53008
52975
53013
53028
52977
52989
52984
52991
52990
53293
53296
53313
53061
53060
53317
53062
53050
53056
53048
53046
53052
53041
53031
53034
53198
53196
53166
53168
53173
53205
53201
53054
53038
53057
53209
53214
53068
53220
53222
53234
53240
53233
53211
53210
53190
53191
53174
53167
53177
53176
53178
53155
53352
53351
53348
53347
53151
53152
53143
53161
53157
53160
53163
53122
53120
53118
53098
53104
53097
53099
53106
53107
53115
53117
53121
53116
53123
53158
53113
53109
53110
53108
53105
52484
53088
53089
53082
53086
53085
53083
53072
53079
53078
53073
53075
53102
53103
53137
53100
53135
53136
53140
53141
53146
53148
53147
53144
53145
52941
52940
29108
29109
29107
29367
29372
29376
29382
29378
29380
29381
29388
29389
29393
29392
29394
29396
29398
29402
29421
29397
29400
29386
29384
29383
29385
29395
29399
29390
29379
29110
52939
52938
52937
53128
53130
53094
53093
53071
53069
53092
52935
52936
52934
53131
29377
53132
53139
53133
53129
53074
53134
53070
53080
53084
53081
52943
52942
52948
52952
52953
52485
53095
53087
53096
53101
53119
53156
53138
53142
53150
53149
29418
29419
29420
53154
53153
53164
53169
53162
53170
53171
53179
53366
53353
53354
53358
53361
29422
29403
29401
29410
27404
29415
27403
27291
52925
52926
7999
29071
29073
29077
29104
29369
29370
29374
29375
29360
29363
29361
29362
29364
29352
29359
29350
29339
29346
29345
29348
29091
29336
29338
29341
29335
29343
29356
29333
29086
29257
29256
29042
29029
29034
29027
29018
29019
29063
29064
29065
29066
29080
29082
29083
29081
29079
29038
29036
29068
29075
29076
29093
29353
29371
29351
29347
29060
29067
29062
29044
29043
29052
29046
29047
29055
29056
29072
29057
29054
52921
52920
29053
29061
29037
29017
29028
29035
29085
29089
29084
29332
29334
29088
29090
29087
29337
29092
29342
29340
29344
29354
29355
29349
29373
29366
29368
29387
29094
29365
29103
29098
29097
29096
52927
52931
52929
52924
52922
52923
29058
52928
29059
29095
29078
29074
29069
29045
29070
14391
8000
29099
52930
52933
53090
53091
52932
29437
29438
29102
29101
29106
29100
29105
29048
41327
29049
29446
29050
29051
29439
27406
17203
17204
27400
53377
29435
29434
29416
29436
29417
29433
50645
53380
53381
53379
53378
53376
53383
53384
53382
56756
56759
56758
56757
53345
53346
53903
53872
52755
52771
53375
52770
52756
56760
41678
41679
52944
53270
53271
53274
53273
53401
53402
53406
53425
53424
53407
53437
53417
53438
53442
53447
53448
53468
53472
53496
53497
53498
53515
53516
53528
53531
53532
53533
53510
53561
53562
53563
53506
53505
53312
53484
53504
53482
53509
53508
53507
53502
53503
53478
53481
53290
53483
53466
53467
53545
53546
53547
53557
53558
53559
53552
53549
53550
53553
53554
53551
53555
53661
53556
53548
53541
53542
53543
53544
53457
53540
53465
53459
53477
53458
53460
53462
53463
53471
53476
53475
53470
53450
53451
53446
53445
53420
53421
53566
53422
53453
53452
53423
53454
53455
53456
53291
53480
53464
53495
53479
53501
53499
53500
53474
53490
53511
53517
53518
53525
53584
53588
53589
53590
53595
53594
53597
53600
53596
53605
56639
53593
53591
53592
53538
53539
53537
53535
53530
53529
53527
53536
53587
53574
53577
53601
53602
53603
53604
53582
53581
53579
53578
53334
53337
53338
53340
56764
56763
53339
52915
53342
53343
53344
53608
53387
53871
53386
53230
53341
53385
52916
53580
53576
53573
53572
53492
53493
53491
53487
53485
53435
56686
52860
52912
53429
53431
53302
53305
53306
53304
53320
53309
53319
53318
53303
53307
53297
53298
53301
53289
53285
53287
53288
53426
53275
53269
53266
53284
53282
53292
53428
52859
53432
52909
52910
52911
53434
53321
53326
53327
53323
53325
53330
53522
53523
53585
53524
53520
53575
53586
53583
53526
53521
53519
53514
53512
53513
53494
53488
53489
53486
53473
53436
53469
53433
53449
53444
53440
53443
53441
53415
53416
53414
53430
53427
53439
53418
53413
53409
53412
53410
53403
53405
53411
53404
53400
53276
53272
48649
48650
53419
50650
50651
27421
27433
27434
27432
50649
27422
27425
27426
27427
27428
27429
27430
27431
28134
28135
28145
28146
28147
28148
28149
28154
50646
52767
53673
53672
52768
52769
52772
53665
53664
53663
53660
53662
53657
53655
53656
53658
53659
53393
53395
53396
53397
53565
53567
53568
53606
53607
53653
53654
53398
53350
53349
53388
53389
53392
50647
52764
50648
52758
53391
53390
53394
52759
52760
52765
52761
52762
52763
52766
52773
52774
53696
53697
53698
53700
53703
53734
53736
53737
53738
53739
53741
53745
53746
53740
53742
53744
53735
53706
53704
53702
53705
53701
53695
53699
53743
53747
53749
53726
53727
53751
53756
53757
54758
54757
54751
54760
53748
53750
54749
54750
54756
53668
53674
54759
54762
54763
54764
54790
54791
28116
27906
10799
10800
28127
27903
27902
27907
28130
28131
28084
28080
28085
28079
28081
28078
28129
27905
27904
27868
27867
27869
27720
27722
27693
27699
27700
27721
27701
27702
27684
27758
27759
27750
27749
27673
27613
27619
27620
27621
27623
27622
27624
27625
27626
27674
27611
27614
27658
27657
27676
27675
27680
27677
27688
27686
27691
27703
27711
27709
27710
27715
27714
27717
27716
27713
27712
27696
27697
27851
34185
27695
27708
27707
27705
27706
27694
27690
35452
27689
27704
27718
34404
27687
27859
34151
25243
27799
27860
34149
27791
27792
27798
27800
27790
27651
27652
27670
25242
27654
27665
27667
35457
27663
27666
27668
27655
35453
35455
35454
27671
35458
35456
27672
27669
27656
27662
27664
27685
34578
27858
27653
27610
27612
27608
27607
27681
27678
27682
27698
27679
27683
27692
27719
27723
27764
27752
21387
27581
27725
27767
27768
28120
35406
28119
28121
28117
28118
27770
27762
27771
27757
27754
27755
27756
34567
27751
27739
27740
27753
27736
27730
27735
27769
27772
21388
27773
27785
27738
27760
27761
27774
27569
27873
27874
27876
27887
27898
27901
27899
27893
27900
27886
27890
27892
27891
27894
27896
27897
27875
27862
27865
27866
27895
27863
27864
27879
27880
27870
27833
27856
27861
27857
27834
27835
27877
27855
27872
27871
27649
27570
8286
26050
26053
26056
26054
34592
26049
26051
27923
26093
27926
27927
27968
27979
27978
27971
27972
27973
27977
27980
27981
28493
26104
26105
27983
28494
27996
27990
27992
27993
27997
28496
28001
28038
28031
28501
28508
28509
28568
28569
28560
28500
28507
28506
35005
28504
28505
28037
28039
28040
28591
28594
28028
28025
28027
28029
28087
28088
28099
28104
28091
28100
28105
28101
28106
28102
28107
28103
28109
28113
28590
28114
28110
28112
28593
28592
28115
28111
28108
28075
28076
28077
28089
28097
28098
28090
28092
28093
28094
28095
28096
28082
28083
28054
28056
28071
28072
28074
28053
28055
28047
28050
28048
28049
27948
34580
27947
27949
27945
27946
27853
27852
27842
27849
19552
27854
27847
27850
27848
34579
35373
15760
15761
27830
27836
27831
27832
27810
27808
27807
27809
27826
27828
27827
27829
27839
27841
27885
27883
28045
27884
27878
27882
34402
27881
27888
28046
27889
28043
28062
28044
28058
28073
28070
28068
28069
28067
28064
28066
34845
28065
28061
28060
28051
28052
28059
27966
27964
27965
27963
28020
28022
28019
28017
28016
28018
27955
27953
27942
27941
27943
27950
34310
27961
27962
27952
27951
27845
27916
27915
27920
27922
27917
27919
34581
27913
27819
27912
27818
27817
27825
27824
27816
27811
27801
27802
27820
27821
27843
27837
27838
27805
27806
27812
27813
27914
27940
27840
27844
27846
27936
27944
28063
28021
28086
28041
28042
28023
28026
28014
28013
28015
28034
28007
28006
28005
28004
28010
28035
28033
28030
28012
27998
28009
27991
27987
27989
27986
27988
28003
27959
28002
27954
27956
27957
27958
27939
27938
27976
27984
27932
27931
27929
27930
27974
27911
27921
27933
27918
27909
27908
27815
26034
27803
28057
27804
25927
26033
26035
26032
26047
26046
26052
26082
26055
26083
26084
26089
26090
26085
26086
26087
26095
26096
26078
26077
26075
26079
26071
26070
26066
26065
26020
26021
26022
26025
26026
26024
26072
26094
26073
26067
26048
26041
26042
26043
26044
26045
26081
26069
26080
26068
26031
26037
26000
26038
26040
26039
26017
26027
25976
25977
26018
25997
25996
25994
25989
25988
25993
25999
25998
25992
25991
19626
26029
19627
34401
25926
25925
26030
25923
25921
27814
27910
27934
27937
27935
27985
28011
28008
27960
28036
28032
28000
27999
27994
27995
27982
26102
26097
26103
26098
26088
26100
26101
26092
27975
26099
27967
27925
27924
28024
27928
26091
26036
8287
25895
25919
25924
25905
25920
27797
25922
35004
