3867
39138
39141
39301
39308
39333
39332
39329
39334
39327
39331
39312
39330
39328
39282
39283
50251
39320
39319
39314
39315
39316
39317
39318
39305
39313
39311
39303
39298
39297
39295
39293
39294
39296
39304
39299
39306
39284
39285
39321
39322
39323
39326
39307
39309
39310
39300
37184
37185
37186
37187
37194
37191
37196
39239
39242
39245
39243
39251
39263
39264
39279
39267
39271
39291
39292
39269
39268
39270
39289
39288
39262
39265
39250
39249
39247
39244
50456
39260
39261
39290
39266
39252
39241
37199
39272
39273
39275
39274
37197
37198
37193
39248
39240
39238
37192
37188
37189
37195
39236
39237
35514
35515
39103
39105
39112
39114
39117
39113
39118
39258
39259
39287
39255
39257
39254
39253
39235
39232
39233
39234
39120
39119
39115
39116
39256
39111
39109
39108
39110
39133
39134
39107
39104
39137
104226
104227
104228
104229
104230
104349
104369
104354
104355
104356
104357
104366
104358
104205
104348
104400
112761
104403
104450
104452
104451
113442
104449
113443
104418
104419
104367
104412
104404
104402
104399
104368
104206
104371
104391
104392
104370
104374
104375
104376
104377
104398
104378
109374
104379
104865
104866
113617
113949
113616
113950
113954
113951
113952
113953
104840
104841
104836
104837
104838
104839
104835
104834
104844
104853
104855
104851
104850
104845
104842
104843
104849
104848
104847
104386
104387
104388
104384
104385
104383
104382
104381
104389
104390
104282
104283
104797
104798
104800
104799
104788
104789
104790
104791
104806
104807
104284
104796
104281
104208
104209
104210
104211
104801
104852
104846
104808
104809
104810
104811
104812
104813
104814
104815
104816
104832
104831
104829
104830
104827
104828
104826
104972
104891
104892
104869
104868
104824
104823
104870
104802
104821
113706
104825
104820
104819
104817
104818
104833
104822
104856
104854
104380
104372
104373
104207
104246
104280
104293
104803
104804
104805
104138
104139
104140
104124
104359
104353
104365
104364
104363
104360
104407
104351
104142
104143
104312
104314
104315
113606
104170
104168
104169
104313
104343
104144
113605
104145
104352
104361
104362
104344
104345
104125
104346
104350
104347
104225
104221
104222
104223
104224
104220
104126
104406
104872
105024
105026
105025
105023
104873
104883
104937
104939
113930
104938
104882
104877
104884
104878
104879
104880
104881
104141
104300
39435
104756
104764
104765
104766
104862
104763
104745
104746
104762
104761
104760
104759
104757
104758
104767
104795
104792
104794
104793
113701
113702
113704
113703
104285
104743
104744
104755
104754
104752
104753
104750
104751
104749
104747
104748
104863
104887
104864
104780
104740
104741
39064
104729
104733
39065
39125
39128
39130
39135
104734
104736
104735
104737
104738
104739
104724
104727
104726
104240
104097
104235
104234
104236
104237
104239
104742
104098
104238
104241
104286
104287
104115
104184
104185
104191
104243
104273
104244
104275
104276
104274
104270
104271
104266
104267
104272
113698
104268
113697
104156
104157
104158
104190
104160
104181
104189
104161
104162
104159
104155
104264
104269
104130
104129
104128
104277
104278
104131
104132
104133
104152
104153
113588
104154
104163
104164
104265
104188
104217
104219
104218
104216
104215
104255
104296
104256
104295
104279
104253
104254
104252
104260
104261
104262
104248
104263
104249
104294
104250
104258
104259
104251
104257
104212
104213
104214
104198
104199
104200
104201
104231
104247
104771
104772
104770
104773
104769
104776
104777
104778
104779
104785
104289
104290
104291
104292
104781
104787
104786
104782
113705
104783
104784
104288
104768
104245
104232
104233
104774
113700
104202
104176
104177
104178
104204
104179
104175
104172
104173
104180
104193
104196
104203
104197
104194
104195
104242
104192
104174
104117
113695
104127
104182
104186
104187
104183
104118
113696
104116
39151
39502
39509
39504
39503
39178
39517
50253
39175
39174
39176
39302
39158
39159
50250
39192
39196
39197
39201
39204
39216
39220
39222
39224
39227
39228
39229
39778
39779
39780
39784
39781
39783
39792
39793
39794
39797
39796
39798
39800
39816
39814
39817
39815
39818
39840
39841
39839
39820
39825
39822
39821
39625
39624
39612
39610
39540
39537
39538
39532
39589
39592
39597
39599
39603
39801
39803
39804
39811
39819
39810
39807
39806
39805
39604
39802
39600
39601
39602
39596
39586
39587
39588
39533
39585
39212
39211
39210
39208
39209
50477
39207
39225
39206
39188
39189
39190
39523
39524
39525
39527
39521
39520
39505
39518
39519
39185
39183
39184
39187
39186
39172
39177
39170
39173
39168
39181
39167
39160
39161
39179
50299
50301
50300
39171
39534
46103
46131
39595
39605
39593
39526
39539
39594
39623
39606
39812
39808
39809
39813
39799
39598
39791
39789
39787
39785
39788
39795
39786
39782
39231
39230
39213
39226
39223
39777
39221
39219
39218
39215
39199
39198
39214
39194
39193
39217
39205
39203
39202
39200
39182
39195
39180
39191
39139
39132
39131
39129
39124
39066
39067
39136
39140
39150
39148
39147
39149
39126
39162
39163
39164
39165
39166
39169
39144
39146
39145
39142
39155
39154
39152
39153
39156
39157
39143
39127
39845
39846
50225
39852
50226
104980
104981
104984
104989
104992
105195
104994
105197
105198
105171
104986
105172
105173
104991
105194
105191
105190
105192
105196
105193
104982
105144
105145
104933
104885
104886
104973
104975
104978
104976
104977
104993
104990
104983
104974
104979
105146
105148
105243
105241
105242
105240
105239
105252
105504
105236
105182
105181
105155
105156
105180
105157
105167
105168
105169
105199
105272
105200
105201
105202
113707
105203
105170
105158
105175
105159
105174
105160
109833
105154
105151
105152
105153
105253
105237
105238
105150
105149
39790
39838
39848
39850
39851
39861
40061
40063
40076
40071
40069
40068
40065
40066
40064
40070
40067
40075
40073
105262
105263
105264
105265
40074
50439
40072
105258
105259
105257
113708
113710
113709
105256
105260
104985
104987
104988
39853
40054
40056
40058
40059
40055
40057
40060
40062
39863
39860
39886
39870
39869
39844
39858
39856
39843
39859
39862
39855
39857
39854
39849
39847
39842
40077
40078
40079
40104
105261
105268
39888
39891
39892
39889
39901
104867
104871
104888
113929
104889
113928
104890
29008
40213
29009
40209
40214
41305
41306
41315
41313
41314
41303
41304
40212
40208
40196
40198
40199
40192
40187
40203
40202
40188
40200
105282
105283
105270
40108
40107
40116
40115
40124
50441
50581
40117
40118
40119
40120
40103
40183
40141
40185
40186
40102
40140
40127
40128
40129
40130
40132
40131
40126
39907
39905
39904
40087
40088
40089
40099
40096
40113
40111
40094
40095
40092
40091
40093
40090
40085
40084
40082
39893
40080
40081
40086
40083
39903
40098
40097
40101
40100
40114
40112
40105
40106
40110
40109
40123
40184
40189
40143
40147
40191
40190
40149
40152
40194
40195
40197
40151
40150
40148
40177
40179
40178
40160
40162
40171
40173
40182
40176
41273
41272
41274
40170
40174
40175
41262
41263
41268
41271
41285
41280
41291
41292
41295
41296
41300
41310
41312
41311
41309
41308
41282
41277
41307
41278
41301
41302
41323
41322
41324
41325
41326
41255
41258
41256
41257
41254
41233
41245
41234
41192
41232
41231
41188
41189
41186
41225
41183
41226
41228
41230
41244
41242
41246
41247
41250
41249
41243
41241
41221
41240
41218
41215
41219
41213
41316
41317
50419
41125
41128
50420
41127
41122
41116
41121
41120
41119
41266
41265
41260
41264
41259
41095
41096
41113
41100
41086
41099
41098
41103
41117
41111
41110
41105
41104
41106
41109
41196
41198
41200
41206
41207
41199
41156
41202
41203
41205
41209
41208
41211
41182
41180
41179
41155
41176
41177
41178
41166
41185
41164
41161
41163
41165
41162
41157
41158
41153
41146
41152
41149
41147
41148
41059
41057
41054
41051
41044
41052
41055
41137
41138
41139
41141
41136
41142
41143
41140
41135
41134
41038
41042
41040
41039
41041
41048
41045
41025
41046
41078
41085
41077
41081
41083
41082
41080
41075
41091
41066
41068
41071
41073
41072
41070
41089
41093
41090
41088
41062
40025
41060
41064
41061
41013
41016
41020
41076
41019
41017
41011
40524
40525
41035
41036
41021
50418
41009
41015
50263
41010
41031
41032
41033
41012
41018
41014
50264
39967
39983
39986
39982
39985
39969
39968
39964
40019
40018
40017
40024
40027
40026
41069
41065
41063
41067
41074
41079
41026
41024
41023
41022
41034
41037
41043
41053
41056
41144
41145
41154
41201
41151
41193
41150
41197
41194
41129
41195
41108
41058
41107
41112
41102
41050
41049
41084
41047
41087
41094
41097
41114
41115
41101
41118
41124
41123
41290
41298
41318
41222
41289
41287
41288
41216
41126
41214
41212
41204
41210
41220
41239
41229
41217
41224
41223
41181
41187
41227
41191
41190
41236
41238
41251
41253
41252
41248
41321
41320
41319
41299
41297
41293
41294
41281
41286
41284
41279
41283
41269
41270
41275
41276
41267
41092
40164
40168
40165
40053
40166
40167
40040
40048
40043
40042
40049
40052
40051
40050
40041
40037
40038
40039
40023
40035
40045
40044
40046
40036
40155
40161
40030
40029
40028
40011
39977
39937
39976
39978
39971
39974
39979
40009
40010
40013
40014
40021
40022
40012
39984
40016
39981
39963
39980
39960
39975
39961
39962
39956
39965
39955
39958
39959
39952
39950
39954
39949
39943
39944
39946
39942
39941
39919
39915
39916
39918
39938
39769
39940
39948
39773
39775
39776
39953
39951
39947
39970
39972
39945
39936
39934
40007
40008
40015
40020
40047
41261
40169
40172
40163
40034
40157
40159
40156
40158
40154
40134
40133
40135
40139
40137
40142
40136
40138
40005
40004
40003
39998
39997
39996
39994
39991
39999
39989
40002
39987
39928
39836
39881
39837
39929
39988
39924
39926
39925
39931
39930
39932
39935
39992
39917
39927
39879
39880
50257
39898
39895
39896
39899
39900
39897
39902
39906
40001
40125
39990
39933
39993
39995
40000
40031
40032
40006
40153
40033
40145
40144
40146
40193
40181
40210
40211
40180
40204
40205
39957
40511
41006
41008
41005
41004
41007
39966
41003
40512
40516
40517
40514
41184
39914
105280
105281
41682
105537
105538
105545
113850
105546
105535
105536
113851
105285
105534
105532
105531
103688
103710
105571
105530
105284
105523
105542
105543
105533
105178
105179
105279
105267
105266
105271
105273
105176
105254
105524
105569
105553
103690
105529
105548
105539
105177
105255
105235
105234
105561
105562
105541
105540
105487
105485
105568
105556
105557
105558
116330
116331
105559
105554
105555
105570
105486
105489
105560
105488
105183
39883
39894
39884
39767
39768
39772
39771
39770
39774
39738
39739
39743
39740
39741
39744
39757
39760
39761
39762
39766
39753
39764
39765
39939
39763
39758
39742
40442
39705
39706
39707
39747
39745
39746
39751
39750
39752
39749
40461
40462
40486
40485
40489
40492
40493
40496
40502
40506
40513
40505
40501
40498
40499
40500
40491
40510
40509
40508
40507
40487
39754
39755
40497
40471
40518
40495
40494
40468
40470
40490
40488
40483
40484
40466
40460
40457
40459
40456
40458
40443
39748
39756
39708
39709
39280
39281
39370
39378
39379
39436
39380
39437
39324
39286
39325
39439
39444
39446
39448
39447
39461
39469
39642
39649
39669
39671
39680
39647
39648
39475
39471
39474
39443
39454
39473
39442
39472
39677
39675
39678
39720
39759
39737
39736
39735
39729
39715
39734
39724
39676
39718
39719
39721
39723
39722
39711
39714
39727
39728
39731
39733
39732
39910
39911
39909
39913
39920
39912
39824
39830
39832
39828
39831
39876
39877
39867
39874
39887
39873
39871
39872
39875
39868
39864
39865
39866
39829
39827
39826
39823
39614
39626
39633
39632
39627
50254
39618
39620
39619
39617
39615
39583
39584
39582
39658
39659
39661
39656
39662
39664
39716
39668
39673
39667
39663
39665
39641
39637
39639
39645
39646
39654
39655
39640
39650
39652
39579
39577
39562
39575
39574
39607
39611
39608
39609
39536
39565
39551
39550
39549
39544
39545
39554
39555
39558
39560
39559
39345
39347
39346
39563
39339
39338
39340
39513
39541
39510
39512
39514
39515
39511
39506
39507
39341
39336
39337
39462
39460
39463
39458
39466
39459
39344
39342
39343
39546
39557
39547
50531
39543
39542
39548
39531
39529
39535
39528
39522
39508
39516
39530
39556
39561
39578
39465
39635
39636
39638
39464
39657
39651
39653
39580
39581
39616
39712
39713
39725
39628
39621
39629
39622
39630
39631
39576
39613
39634
39730
39833
39908
39726
39660
39710
39717
39674
39672
39670
39666
39643
39644
39470
39468
39467
39451
39457
39449
39450
39335
39445
39452
39441
39386
39417
39393
39392
39391
39390
39453
39456
39679
39690
39691
39689
39688
39697
39703
39694
39696
39698
39702
40441
40440
39699
39684
39499
39501
39683
39500
39681
39498
39491
39492
39486
39487
39494
39495
39493
39497
39496
39488
39700
39701
40455
50312
39695
39685
39693
39704
39692
39686
39687
39489
39490
39387
39921
40274
40272
40275
40273
40277
40444
40446
40451
40452
40450
40447
40463
40453
40464
40467
40469
40481
40559
40546
40558
40549
40561
40476
40545
40478
40479
40477
40279
40311
40309
40308
40310
40304
40299
40300
40303
40291
40298
40292
40295
40296
40307
40306
40305
40280
40312
40480
40472
40473
40474
40475
40449
40465
40454
40448
40445
40276
40278
40387
40390
40389
40391
40548
40547
40550
40555
40556
40562
40557
40566
40627
40629
40554
40581
40582
40628
40553
50503
40552
40560
40565
40603
40604
40607
40602
40600
40601
40563
40598
40564
40520
40519
40526
40528
40529
40533
41029
41030
40542
40543
40544
40541
40610
40611
40614
40615
40617
40618
41133
41130
41131
41132
40616
40605
40613
40540
40539
40538
40522
40523
40536
40537
40535
40534
41027
41028
40531
40530
40532
40527
40521
40585
40586
40622
40624
40626
40832
40862
40863
40865
40869
40871
40877
41334
41338
41341
41340
41356
41369
50479
50480
50481
41359
41360
41357
41373
41372
40970
40966
40962
40965
40967
40969
40980
40981
40996
40998
40997
50395
40988
41001
40989
40990
40994
40993
40995
41674
41672
41670
41665
41666
41664
41661
41657
40944
41660
40953
40985
40952
40982
40986
40940
40949
40946
40947
40945
40921
40916
40922
40960
40958
40956
40919
40920
40954
40955
40889
40891
40959
40899
40890
40900
50582
40896
40901
41342
40897
41335
40895
40882
40878
40875
40881
40894
40892
40876
40887
50407
40874
40883
40858
40859
40861
40912
40914
40909
40910
40915
40917
40923
40926
40925
40930
40932
40939
40937
40942
41655
48592
41658
41656
41651
41646
41649
41650
41645
41648
41644
40936
40938
40934
40820
41640
41639
41642
50385
50386
50384
40818
40816
41638
40810
40812
40906
40905
40857
40851
40849
40848
40853
40852
40841
40838
40834
40839
40835
40842
40845
40843
40798
40799
40802
40807
40800
40806
40801
40796
40833
40831
40847
40840
40846
40844
40850
40803
40813
40811
40808
40809
40814
40817
40933
41641
41643
41647
40935
40819
40929
40911
40815
40907
40908
40860
40856
40855
40854
40868
40902
50415
41343
41345
41350
41352
50416
41351
41348
41347
41346
41370
40971
40904
41349
41344
41353
41355
41354
40972
40893
40886
40885
40898
40888
40884
40957
40918
40913
40924
40928
40927
40931
40951
40950
40941
40943
41659
41663
41662
40987
40992
40991
40983
40976
40984
40975
40973
40979
40974
40978
40948
40968
40964
40963
41378
40961
40903
40977
41371
41358
41366
41339
41333
41331
41337
41336
41365
41361
41362
41363
41175
41170
41174
41171
41172
41332
41328
40649
40645
40644
41168
40641
40639
40643
40647
41169
41159
40638
41167
40635
40637
40636
40633
40632
40619
40620
40631
40634
41173
41329
40872
40880
41330
40879
40873
40870
40867
40648
40866
40646
40864
40642
40837
40836
40829
40640
40597
40625
40623
40621
41671
48599
48595
41676
41677
41675
41673
41235
41237
41364
40630
41160
41367
41368
48642
48643
48644
53408
48398
48415
48399
48594
48613
48612
48633
48635
48636
48637
48620
48619
48618
48598
48596
48614
48617
48597
48593
48632
48634
40748
50406
50405
50409
50412
50410
50411
40572
40588
40590
40824
40823
40825
40830
40828
40596
40594
40593
40592
40589
40826
40827
40595
40574
40587
40591
40580
40578
40584
40575
40576
40577
40579
40573
40583
103555
103554
105527
105526
103553
103556
103689
105551
105566
105567
105552
105565
105550
103700
103675
103677
103691
103765
105269
103771
103770
105514
105515
105516
105518
105517
105519
105521
105525
105528
105500
105505
105506
113712
105502
105564
105495
105563
105496
105497
113620
105478
105493
105477
105490
105491
105492
105484
105475
105476
105479
105224
105230
105470
105469
105480
105481
105507
105511
105510
103764
103763
105512
105513
105508
103766
103761
103693
103692
103694
103759
105473
105471
105454
105456
105457
105458
105445
105446
113868
113869
105447
105448
105449
105450
105441
105460
105462
105468
105459
105466
103756
103753
103685
103752
103755
105461
103750
103751
105440
105431
103749
103686
103680
103679
103682
103684
103683
103687
103754
105453
105442
105443
105439
105451
105433
105434
105425
105435
105436
105088
105089
105075
105427
105076
105098
105099
105121
105125
105126
105127
105129
110011
105128
105130
105227
105166
105225
105226
105124
105110
105117
105120
105119
105104
105103
105072
105069
105106
105070
105071
105052
105054
105050
105051
104953
104954
104955
104423
104424
104929
104940
104943
104944
104941
104945
104956
104947
104946
104957
104942
104917
104916
104907
104905
104904
104927
104928
105049
105016
105002
105003
104426
104926
104935
105001
105008
105006
104999
104997
104998
104923
104857
104858
104859
104860
104603
104602
104607
104995
104606
104605
104454
104453
104604
104600
104599
104590
104592
104593
113607
104591
104500
104498
104495
104496
113608
104484
104486
113609
104477
104474
104479
104491
104492
104502
104921
104922
104914
104908
104909
104902
104903
104912
104913
104901
104911
104920
104924
104910
104900
104482
104898
104899
104483
104893
104481
104497
104494
104915
104493
104480
104475
104485
104490
104467
104466
104488
104601
104499
104501
104861
104996
104925
104608
104465
104463
104464
105000
104936
104919
104906
104895
104896
104918
104897
104930
104948
104425
104422
104949
105057
105062
105116
105115
105063
105205
105206
105217
105220
105215
105214
105232
113618
113619
105231
105251
105233
105244
105250
105245
105246
105247
105249
105248
105147
105164
105165
105163
105137
105136
105131
105132
105141
105162
105204
105161
105143
104932
104931
105139
105140
105134
105135
113927
104934
105142
105133
104960
104958
104970
105114
105113
104963
104964
104969
104965
104968
104966
113926
104967
104961
104952
104951
104962
104959
105221
105222
105219
105218
105216
105138
105112
105058
104950
104420
104421
105048
105064
105060
105061
105059
105065
105068
105101
105067
105031
105095
105097
105094
105093
105079
105074
105036
105035
105073
105044
105047
105042
105043
105046
105040
105021
105020
105010
105014
105037
105038
105011
105015
105004
105012
105005
105009
104670
105007
105019
105018
105033
104669
105028
105029
105027
104462
104461
104460
104459
105022
104458
105017
105034
104457
105078
105032
105030
105066
105041
105055
105056
113880
105053
105102
105105
105107
105111
105108
105109
105123
105122
105118
105100
105096
105077
105426
105452
105432
105428
105444
105455
113711
105467
103758
103757
103762
103760
105482
105472
105463
105464
105228
105465
105229
105223
105474
105494
105501
105498
105499
105520
105544
105547
103767
103701
103768
105503
105483
105509
103769
105522
103678
104658
105339
105338
105337
105340
105320
105334
105305
105304
105316
105303
105302
105335
105336
104297
104408
104565
104564
104568
104567
104579
104584
104586
104587
104622
104623
104620
104624
104636
104637
104638
104631
104632
104615
104614
104613
104629
104633
104626
104627
104616
104617
104618
104619
104621
104597
113911
104589
104569
104572
104573
104427
104429
104430
104566
104410
104431
104571
104570
113912
104598
104588
104585
104582
104583
104581
104428
104436
104437
104578
104594
104574
104575
104628
104653
104654
104655
104656
104635
104634
104630
104651
104652
104561
104557
104556
104558
104560
104559
104549
104550
113931
104540
104541
104552
104553
104542
104580
104576
104577
104515
104520
104519
104526
104539
104538
104527
104548
104547
104554
104555
104625
104562
104516
104435
104518
104439
104440
104441
104517
104563
104434
104432
113699
104433
104442
104409
104298
104342
104341
104510
104513
104509
104514
104524
104531
104537
104546
104551
113932
104545
104543
104544
113415
113436
113409
113411
113420
113418
113419
113405
113402
113398
113397
113387
113389
113393
113394
113392
113265
113395
113267
113268
113266
113273
113379
113380
113381
113382
113383
113384
113391
113403
113404
113406
104522
104521
104529
104505
104506
104337
104336
104335
104326
104321
104322
104324
104323
104330
104332
104329
104333
113378
113377
113364
113365
113361
113359
113360
113357
113356
113367
113370
113371
113368
113369
113374
113362
113366
113110
113111
113057
113059
113060
113332
113847
113349
113848
113334
113333
113348
113347
113350
113351
113352
113344
113342
113338
113343
113337
113336
105719
104308
104307
104311
105723
104310
104309
104299
104305
104306
105720
113330
113339
113340
113341
113335
113331
113329
113345
113355
113354
113346
113353
113358
105721
105718
105722
104316
113363
104328
104317
104318
104320
104319
104301
104302
104303
104325
104327
104334
104331
104504
104503
113386
113401
113400
113408
113421
113385
113376
113373
113375
113372
113388
113390
113396
113399
113417
113407
113410
104534
104528
113416
104533
104532
104536
104535
104530
104525
104523
104511
104507
104508
104340
104338
104339
104304
105287
104512
104438
113107
113250
113251
113109
18462
18464
103439
103438
113551
113527
113531
113534
113530
113532
113533
113536
113537
113539
113538
113554
113552
113553
103441
103440
103435
103436
103434
103443
103446
103501
103503
103448
103451
103502
103711
105333
105325
105324
105326
103713
105319
105321
105323
105327
105328
105322
105330
105331
105329
105332
105349
103719
103715
103453
103452
103449
105315
105318
105317
105294
105293
105299
105314
105310
105297
105301
105306
105311
105715
105717
113510
113513
113514
113520
113519
113518
113529
113517
113524
113523
113526
113480
113481
113522
113482
113486
113487
113507
113498
113499
113509
113500
113501
113497
113503
113496
113505
113504
113512
113515
113521
105296
105295
105291
105290
105289
105288
105286
113432
113433
113494
113039
113040
112662
112664
113426
113427
113425
113424
113491
113485
113484
113423
113307
112665
112666
112667
112663
112668
113495
113493
113489
113492
113490
113488
113483
113508
113516
113502
113506
113511
105716
105713
105712
105711
105312
105307
105300
105308
105298
105292
105313
103712
105309
103714
103450
103447
103497
103498
116291
103499
103500
103445
103433
103444
113535
105714
103442
113528
113525
103437
104609
104663
104666
104665
104686
104688
104694
104693
104691
104692
104690
105363
105388
105393
105390
105408
105372
105410
105367
105345
105366
105346
105347
105358
105369
105370
105359
105360
105348
105343
105342
104657
105341
104647
104646
104648
104649
104660
104683
104695
104689
104684
104661
104650
104645
104644
104643
104642
104971
104639
104659
105344
105350
105371
105368
105365
105361
104696
104685
104662
104664
104640
104641
104612
104611
104775
113925
113924
104610
104595
104596
25257
103484
25258
103485
103606
103518
103595
103526
103525
103561
103559
103604
103614
103617
103625
103628
103627
103648
103647
103620
103597
103599
103621
103598
103601
103563
103567
103564
103596
103565
103566
103594
103593
103640
103652
103651
103658
103660
103661
113591
103655
103659
103657
103662
113592
103663
103664
103584
103586
103653
103654
103585
103656
103642
103641
103643
103644
103645
103638
103639
103619
103592
103646
103626
103618
103520
103522
103521
103616
103615
103603
103605
103600
103602
103560
103558
103538
103539
103545
103546
103543
103562
103540
103542
103544
103541
103575
103591
103590
103589
103571
103581
35360
35361
35363
35364
103573
103478
103580
103477
103469
103479
103471
103470
103473
103475
103730
103731
103732
105409
105413
105415
105414
105419
105418
105402
105401
105400
105417
103720
103721
103528
103527
103529
103530
103611
103552
103551
103531
103537
103458
103459
103532
103464
103533
103725
103466
103465
103468
103569
103476
103568
103463
103460
103507
103508
103504
103506
103505
103517
103516
103492
103493
103454
103457
103456
103462
103461
103716
103455
103717
103718
105356
105351
105352
105357
105354
103723
103722
103724
105403
105353
103728
103727
105416
105412
105411
103726
103729
103472
103474
103572
103574
103570
103467
103536
103535
103534
103550
103549
103557
103491
103523
103524
103490
103489
103488
103519
103486
103487
105355
105404
103480
103482
103737
105422
105420
105421
105423
105407
105389
105391
105406
105396
105405
103736
103733
105397
103735
103734
103483
103481
103588
103577
103576
103587
103702
103707
103704
103703
103705
103706
103669
103681
103708
103676
103709
103674
103670
103671
103748
105430
105429
105386
105387
105424
105081
105082
105091
105090
105083
105080
104701
104674
104681
104675
104682
104676
109534
104677
109536
104678
109535
104668
104672
104671
104680
104687
104703
105373
105382
105381
105383
105399
105398
103739
103738
103579
103666
103667
103741
103673
103665
103740
105395
105377
105394
105392
105362
105364
105375
105376
105380
105378
105379
105374
104699
104702
104679
104667
104673
104698
104700
104697
105384
105092
105385
103742
105084
103747
103743
103744
103746
103745
103672
103668
103578
104456
105085
105437
105438
105087
105086
104393
104473
104476
104894
104471
104478
104489
113610
104487
113611
104468
113612
104469
104401
104405
104455
113613
104472
104470
104395
104396
104394
104397
