3284
114367
114406
114731
114732
116232
114722
114723
114724
114729
114730
114377
114378
114375
114376
114374
114720
114368
114369
114370
114371
114372
114373
114366
114407
114408
114365
114405
114721
114656
114404
192995
192981
193928
193121
194135
192975
192994
192978
192983
192992
193958
192985
193959
193962
194387
194385
194386
194383
194384
194381
194382
193960
192984
192989
193041
194378
194380
194379
190983
193948
190984
190988
193123
192993
190985
193038
193040
193531
190986
190987
193039
192988
192986
192987
192991
193963
193961
193133
193135
193134
194068
194070
193929
193930
190989
190990
193037
193968
193967
193970
193969
193972
193971
193973
193956
193036
192892
192894
193032
193033
193034
193035
193966
192893
193031
192901
192902
192899
192900
192911
193924
193845
192912
192914
192921
192924
192919
192920
192925
192954
192953
192956
192962
193974
192955
192940
192960
192949
192948
192947
193183
193184
192950
192951
193174
193176
193182
193175
193173
192941
192942
192946
192945
192935
192930
193846
194389
192915
192916
192918
192932
192933
192938
192923
192936
192931
192934
192937
192939
192120
192121
192543
192544
192957
192959
193893
192958
193292
192952
192922
192917
192913
193026
193027
193957
193028
193024
193017
193015
193029
193016
194479
193943
193945
193944
193022
193030
193023
193025
193018
193019
194067
194480
193946
193947
192976
193020
193021
192977
192979
192990
192980
192973
192974
192982
192996
114655
114382
114383
114381
114379
114380
114385
114384
114386
114654
114653
114652
114650
114664
116192
114651
114646
114638
114639
114657
116193
114649
114389
114390
114391
114648
114640
114641
114647
114642
114643
114388
114644
114387
191629
190877
190876
191666
194417
191724
191723
193270
193273
193108
193274
193278
193277
193266
193262
191558
193910
193162
193172
193116
193117
193171
193939
193265
193103
193104
191559
193156
193154
193155
194044
193159
193161
193167
193165
193169
193168
193170
193163
193164
193166
193144
193142
193143
193157
193136
193122
193127
193132
193128
193129
193125
193124
192910
192908
192909
192929
192928
192926
192927
193977
193120
193110
193092
193109
193091
193096
194109
194096
191797
193098
192141
194116
194118
194117
192142
193847
193258
193257
193095
193145
193150
193148
193151
193147
193149
193259
193146
193153
193152
194393
193093
193094
191719
193099
193107
191721
191722
193118
191732
193097
194097
193101
193100
193111
193112
193140
193113
193114
194392
193138
193139
193115
193131
194045
193119
193141
193160
193158
192890
192891
193137
193102
193105
193106
192897
193271
192898
193272
193276
193275
193883
191720
194418
191630
193126
192944
192943
193178
193177
193130
193179
193975
193180
193181
193185
193191
194042
193189
193192
193195
193196
193217
193218
193225
193220
193226
193221
193227
193228
193232
193234
193269
193233
193235
193268
193267
193223
193219
193201
193194
193187
193193
193992
193991
193993
193190
193188
193186
192295
190898
190899
194497
194499
192521
192522
192523
192524
192592
194495
194496
194498
194501
194500
192296
192408
194131
194132
194130
194478
192409
192415
192188
192145
192171
192167
192158
192154
192153
192144
192410
192517
192516
192518
192519
192515
192264
192525
192526
192263
192476
194137
192486
192487
192247
192246
192390
192389
192202
192490
192392
192491
193916
192489
194456
192393
192394
192148
192413
192391
192201
192200
192198
192208
192218
192219
192214
192217
192216
193920
192215
192478
193917
192477
192168
192170
192437
194105
192169
192414
192546
192547
192545
192199
192193
192194
192488
192255
192254
192253
192259
192267
191499
192271
192278
192261
192248
192238
192240
192239
192252
192250
192262
192266
192265
192272
192251
192244
192245
192527
192258
191498
191457
191456
192274
192273
192385
192386
192387
192291
192520
191494
191495
191497
191496
192384
192304
192305
192053
191860
192056
192054
193909
192055
192058
192059
192057
192060
192542
192541
192539
192540
192532
192531
192528
192529
192530
194133
192538
192537
192535
192536
192292
192294
192533
192293
192050
192051
192052
191794
191796
194110
191798
191795
194111
194113
194112
194114
194115
191799
191807
193853
191800
191916
191910
191911
192038
191859
192290
192288
192289
192534
192243
192260
192485
192388
192205
192411
192412
192147
192152
192151
192161
192160
192175
194455
192146
192204
192206
192209
192210
192591
192475
114542
114544
114736
114725
114749
114728
114738
116206
114726
114727
114735
114733
114716
114717
114718
114744
114739
193000
193479
193002
193006
193480
193004
193005
192998
193013
193014
194006
194005
194009
193010
194007
193078
194008
193077
193076
193075
193481
193856
193049
193048
193066
193047
193065
193051
193052
193053
193058
193054
193055
193050
193057
193988
193964
194248
193965
193056
192967
193989
192965
193210
193211
192118
192119
193212
190960
190959
190961
192114
192117
190962
190963
194124
193213
193931
193209
193215
193985
190972
190971
193216
190969
192125
190966
190970
193230
193224
193231
193250
193237
193236
193252
193260
193261
193994
193222
193205
193204
193202
193200
193197
193198
193203
193229
193241
193242
193243
193238
193240
194139
193245
193249
193246
193248
193255
193254
193256
193253
193251
193247
193244
193239
190965
190964
193199
192961
192963
192964
193207
194408
193206
193208
192966
192115
192969
193061
192970
193060
193062
193281
193283
193286
193289
194125
193287
193987
193285
193288
193284
193063
193064
193986
192971
192968
192116
193059
193282
193214
193046
193042
193044
193045
193043
193074
193071
193072
194051
193073
191944
191945
193070
193069
190981
190982
191071
191070
194062
194119
194063
194120
193008
114741
114740
114742
114743
193009
194502
193011
193012
193007
192997
193067
192999
193068
193003
193001
114734
114737
116205
114543
191011
191003
193698
191004
191012
193715
193713
193701
193699
193700
193703
193702
193693
193697
193705
193706
193717
193718
193707
193704
193537
193535
193526
193534
193536
193520
193521
193529
193530
193528
193519
193517
193518
193523
193522
193532
193527
193870
193507
193506
193505
193502
193503
193871
193872
194434
194435
193508
193873
193935
193510
193511
194433
193509
193504
193501
193500
193497
193498
193483
193866
193482
193499
193484
193525
193533
193691
193714
192363
192364
193692
192374
193696
193694
193695
192375
192421
192422
192372
192448
192449
192466
192506
192505
192339
192463
192501
192504
192464
192311
192462
192465
192495
192496
192494
192447
192492
192493
192370
192371
192286
192284
192285
192369
192192
192191
192502
192368
192287
192582
192583
192140
192376
192453
192139
192137
192377
192354
192359
192355
192138
192136
192342
192343
192335
192336
192444
192352
192351
192482
192135
192443
192378
192379
192380
192367
192365
192366
192440
192373
193690
193859
192302
192303
192454
192317
192326
192325
192446
192328
192586
192331
192330
192329
192327
192332
192334
192333
192587
192323
192322
192324
192318
192585
192313
192319
192445
192314
192306
192307
194406
192441
192442
193359
193367
193366
193365
193369
193375
193368
193379
193380
193381
193382
193383
193384
193387
193390
193407
193416
193417
193394
193395
193396
193397
193399
193418
193422
193423
193477
193478
193419
193421
193420
193398
193400
193406
193402
193401
193403
193404
193405
193391
193393
193392
193408
193410
193415
193444
193445
193446
193448
193449
193447
193440
193441
193437
193439
193438
193443
193442
193413
193434
193435
193433
193436
193414
193412
193409
193411
193388
193350
194101
193385
193432
193386
194102
193389
193349
193429
193431
224974
193430
224978
224981
224977
224973
224975
224976
224992
224996
224997
225000
235331
224999
224998
224987
224989
224994
224995
225002
225001
224993
234118
234117
224985
233696
233701
233697
233698
234115
233702
233703
234116
233693
233692
233691
233799
233798
233800
233801
233802
233803
233806
233808
233809
233813
233814
233812
233811
233804
233695
233807
233810
233816
233817
233819
233826
233820
233827
233829
233818
233828
234486
233824
233831
233825
233815
233821
233823
233822
233805
233694
233797
233688
233795
193770
193785
193786
233673
233680
233681
235296
193737
193765
193766
193768
193772
193773
193787
193788
194072
194492
194493
193771
193769
193738
193739
193762
193740
193741
193751
193720
193721
193722
192362
193723
193725
192357
193425
193832
193424
193426
193828
193827
193817
193818
193820
193823
193822
193730
193731
193729
193821
193824
193826
193829
193831
193830
193825
193819
193816
193815
193936
193728
194100
193724
193726
193727
192360
192361
233689
233690
233699
233700
234292
234880
224986
224988
234583
224982
224971
193427
224972
224979
225019
224980
193428
192356
193363
192560
192561
192584
193364
193376
193377
193378
193374
193373
193371
193370
193361
193360
193355
193353
193351
193352
193358
193356
193357
193354
193362
193372
192312
190860
194409
192232
192231
192420
192556
192419
190861
192552
192553
192186
192155
192157
192156
192550
192548
192549
192143
192423
192424
192425
192426
192435
192434
192427
192150
192149
192203
192159
192554
192428
192568
192569
192570
192567
194486
194487
194488
192228
192233
192563
192256
192257
192470
192471
192500
192499
192430
192340
192341
192402
192429
192573
192571
192572
192346
192398
192399
192400
192481
192401
192396
192403
193885
193886
194412
194413
194411
192416
193887
192298
192297
192498
192497
192417
192418
192555
192472
192280
192473
194494
192474
192275
192276
192283
192277
192593
192270
193921
192269
192557
192397
194410
192588
192589
192404
192036
192221
194128
194129
192407
192406
192337
192338
192451
192450
193884
192405
193983
192037
192315
192596
192597
192316
194127
192321
192320
192308
192310
192309
194126
192301
192299
192300
194365
192395
190955
192382
192383
193263
193857
193865
193861
193862
193863
193864
193858
190997
190996
192358
192452
192479
192480
193860
193264
190954
190956
191002
190991
192381
192484
192483
194106
193855
193833
192344
192345
192347
192348
192349
192350
192353
192226
192227
192562
192234
192176
192564
192565
192559
192182
192431
192558
192181
192165
192177
192469
192166
192163
192164
192162
192432
192184
192183
192197
192185
192180
192178
192179
192207
192457
192224
192223
193922
192458
192213
192211
192212
192461
192196
192189
192190
192455
192456
192459
192460
192581
192580
192195
192229
192503
192574
192575
192576
192220
192222
192237
192241
192467
192282
192468
193918
193919
192281
192577
192578
194405
192594
192579
192242
192225
192230
192235
192236
192249
192268
192595
192433
192566
192172
192174
192187
192551
192173
192279
192101
192105
192106
192104
193340
192103
193564
192102
193562
192598
193580
192599
193565
193566
193572
194074
192603
193561
193570
194436
193576
193579
193578
194452
193577
193582
193581
193563
191023
191024
193610
192513
192514
193665
193673
193675
193677
193678
193742
193743
193747
193749
193752
193754
193757
193767
193780
193781
193782
193779
193783
194388
193784
235281
233651
233650
233647
233648
233649
233662
233661
233665
233666
233663
233682
235536
235282
235535
233675
233677
233676
233664
233668
233667
233669
233683
233684
233685
233686
233687
233794
233790
233791
234483
234485
234482
233789
233787
233784
233785
233786
233783
233736
233735
233782
233742
233738
233739
233741
233750
233744
233746
233743
233745
233740
233734
233737
233788
233670
233672
235280
233678
233679
233671
233659
233658
233660
233657
233732
233733
193778
193777
193774
193689
193892
193688
193775
193776
193760
193761
193763
193764
193756
193755
194004
193758
193759
193753
193745
193744
193746
193679
193748
193750
193735
193736
193999
193995
193997
193996
193998
193733
193734
193732
193716
193549
193550
193719
193548
193631
193653
193654
193660
193661
193934
193933
193656
193655
193659
194073
193657
193658
194000
193646
193652
193651
193649
193645
193643
193648
193641
193640
193637
193603
193638
193635
193632
193633
193602
193609
193636
193639
193642
193644
193647
193634
193630
193626
193625
193627
193597
193600
193601
193596
193589
194001
194003
194367
194368
194002
193662
193591
193942
193590
193606
194377
193557
193556
193555
193558
193607
193608
193560
193941
193559
193567
193569
192602
193568
193571
193680
191036
191038
193618
193682
191037
193620
193684
193687
193621
193668
193667
193669
193670
193671
193666
193664
193663
192512
192510
193614
193615
193613
194376
193612
193622
194370
194369
194372
194374
194373
194375
193623
193624
193617
193611
191032
191033
193686
193683
191030
191039
191031
193685
193574
193940
193575
193619
193616
194371
193681
193573
191034
191035
193869
194490
193538
193539
193553
193554
193588
193587
193551
193583
193584
194489
193347
193348
193552
193586
193585
192438
192439
193592
193593
193594
193595
193599
192590
193598
193604
193543
193628
193629
193544
193545
193546
193547
193676
193674
193672
193650
192511
193605
193280
193338
193339
193867
193489
193490
193491
193493
193494
193496
194098
194099
193932
194407
193540
193541
193709
193708
193711
193710
193542
193486
193485
193492
193487
193495
193488
193515
193516
193512
193513
193524
193712
193514
190977
193308
193315
193279
193310
193312
193314
193316
194439
193313
194440
194442
194443
194441
193303
193298
193296
193295
193297
194123
193302
193301
193306
193307
193299
193300
193900
193311
193304
193305
193342
193343
194043
194485
194484
193344
194093
193309
190979
190980
194122
194121
190978
103417
109709
115453
109700
109701
109703
109704
109708
109705
109707
109706
109702
103418
115450
115452
115451
103419
115455
103420
114809
115449
114805
114804
115448
114802
114803
115447
103422
103423
114807
115446
114811
114814
114815
113933
113934
113935
193790
114812
115445
115457
105588
105598
105587
105636
105637
105638
105589
105603
105619
109697
105935
105936
115934
115949
115957
115950
115961
115962
115952
115945
115941
115942
115943
116159
115944
115940
113621
115463
115960
115953
115955
115954
115956
115938
115935
115936
115937
105939
105940
105941
105942
115963
115964
105938
105943
105934
105664
105840
105841
105958
105960
105962
105961
105986
105959
105984
105985
105983
106005
106071
106070
106173
106177
106179
113550
106175
106176
105692
105693
105694
105695
106180
106181
105691
105690
105689
105680
105681
105687
105688
105682
105686
105683
105685
105684
105678
106174
106172
106062
106178
106090
106088
106075
106076
106107
106077
106078
106079
106080
106081
106106
106082
106108
106083
106084
113622
106085
106087
106086
106089
106091
106069
106105
106104
106103
106479
106447
106477
106478
106476
106783
106840
106841
106462
106463
106466
106468
106470
106471
106472
106473
106474
106475
106469
106467
106465
106464
106461
106460
106456
106457
106459
106458
106455
106453
106454
106448
106452
106449
106451
106450
106102
106480
106092
106093
106095
106097
106101
106100
106098
106099
106096
106094
106053
106054
106068
106445
106446
106444
106778
106779
106780
106789
106425
106426
106427
106428
106429
106430
106432
106438
106439
106433
106435
106437
106436
106434
106431
106424
106423
106787
106786
106785
106767
106768
106788
113735
106769
106770
106784
106048
106032
106033
106029
106027
106028
106034
106036
106039
106038
106046
106045
106047
113715
106037
105973
105974
113681
113682
113684
113683
105975
105998
113680
105999
113716
106000
106001
106018
106015
106017
106016
106019
106020
106021
106022
115225
106023
106024
106025
105919
105921
105920
105933
106002
105932
106003
105930
105931
105922
106044
106320
106321
106322
106323
106042
106040
106043
105971
105969
113717
105970
105972
106014
106011
106012
106013
105965
105966
105967
105968
105964
106009
106010
105963
106035
106026
106031
106771
106041
106324
106763
106765
106766
106764
106440
106441
106442
106443
106030
103547
105013
105045
105039
105861
103548
105862
106052
106051
106050
106049
106064
106065
106067
106066
106063
106055
106074
106056
106073
106072
106060
106059
106058
106057
106061
106006
106007
106008
105976
105703
105704
105702
113549
105696
105698
105701
105668
105669
105859
105697
105977
113548
105978
105979
105980
113547
105981
105982
105997
106169
106168
106170
105995
105994
106162
106164
106165
106163
105993
105992
106156
106157
113545
106155
106153
106149
106152
106151
106114
106113
105987
105988
105989
105990
106150
106112
106111
106109
106110
106146
106143
106144
106145
106131
105953
105955
105954
105952
105951
105950
106115
106130
106136
106125
106135
106138
106142
106139
106140
106166
106171
106167
113543
106141
105646
105645
105654
105655
105657
105647
105648
105667
105708
105707
105649
105627
105635
105628
105643
105633
105634
105631
105632
105629
105630
105709
105644
113544
106134
106137
105944
105945
105946
105947
105660
105661
105662
105659
105658
106126
106127
106147
113542
106148
106128
106116
105948
105949
106129
105653
113546
106132
106133
106154
105991
105652
105705
113713
105706
105650
105651
105996
105699
105700
105957
105956
105842
105843
106004
105845
105663
105642
105641
105620
105622
105621
105617
105616
105615
105605
105606
105614
105607
105613
105608
105609
105591
105590
105594
105592
105593
105602
105604
105618
115947
115958
115959
105601
105595
105596
105597
115939
115946
115951
115948
115933
105937
105839
103426
103425
114810
114808
114813
114806
103424
114801
103421
109699
109698
116158
105896
105897
105898
105894
105895
115871
105893
115868
105887
105888
105889
105890
105891
105854
105856
105885
116220
105884
116217
105886
115869
115870
116221
105855
115890
115887
115932
116212
116262
116213
116214
116332
116215
115013
115014
113856
116219
113857
115931
115886
115884
115885
115888
116218
116216
115889
116245
105881
105875
113746
115872
105876
116130
105877
105878
105879
105880
105874
105900
105901
105899
105850
105851
105852
105853
105860
105849
113854
115891
113855
115907
116149
115873
115880
115882
115899
115898
115900
115915
115901
115902
115903
115904
115930
115905
115906
113557
113555
113556
115914
115923
115924
115913
115925
115912
115920
115922
115926
115928
115927
115919
115895
115896
115894
115916
115892
115893
113861
113862
113860
115881
113859
113858
115670
115629
115628
115921
115917
115918
115910
115911
113558
105918
113571
113570
113559
113560
113564
113569
113572
116285
113573
113568
113565
113567
113566
113561
113563
113562
105844
115897
115883
105846
115909
105847
115908
105848
105866
105863
105865
105864
105867
105868
105869
105870
105871
105873
105872
105882
105883
105892
105857
115874
105858
115875
115879
115876
115878
115877
115636
115015
115016
115017
115018
115019
114794
114791
114788
114789
114792
114793
114796
114799
114800
115454
114798
114797
114751
114750
114745
114746
114747
114748
105584
105670
193806
193807
105585
105640
105586
105639
193795
193794
193804
193805
193868
193803
193802
193801
191044
191045
193874
193878
193879
193881
190916
190917
190919
190929
190930
190927
190928
190922
190931
190921
190920
190918
193882
193337
193877
193876
193875
193336
193335
193294
193334
193333
193332
193293
193290
193291
193318
193320
193321
193322
193323
193317
193319
193325
193328
193880
193324
193327
193330
193331
193326
193329
193796
193797
190926
190925
192100
192099
194450
190924
190923
194451
191029
191028
194079
193345
190914
193341
194491
191046
191047
194437
194438
190915
194449
193346
193789
193800
194448
194011
194012
193894
193896
193898
193897
193899
193799
193798
193810
193808
233704
233706
233715
233718
233719
235148
235154
235152
235153
235149
235151
235150
234288
235155
235562
193809
194108
193811
193792
193982
193895
194444
194445
194446
194447
193791
193793
115558
115559
115644
115646
115651
115630
115632
115631
115650
115929
193812
233705
234289
234290
234291
193813
233709
233710
233711
233714
233720
233721
233724
233722
233723
233725
233747
193814
233748
233730
233749
233774
233775
233773
233767
234252
234253
233754
233770
233771
233772
233776
233779
233780
233761
233716
233707
233713
233830
233712
233717
235561
235563
233755
233765
233759
233764
233760
233763
233762
233729
233757
233756
233753
233751
233752
233758
233726
233727
233768
233769
233766
233731
233728
233708
114069
114758
114760
114763
114769
114783
114780
114781
114786
114787
114785
114772
114784
114771
114757
114755
114545
114754
114071
114773
114682
114677
114601
114602
114678
114795
114685
114686
114684
114790
114683
114681
114680
114782
114775
114776
114777
114774
114778
114779
114767
114768
114766
116207
114764
114765
114674
114676
114770
114762
114761
114759
114675
114756
114752
114753
114070
106285
106357
106358
106359
106286
106287
106288
106289
106290
106356
106291
106292
106301
106302
106303
106354
106353
106351
106352
106411
106355
106304
113577
113576
106247
106246
106243
106242
116059
105741
106184
105740
105738
113881
115978
116223
115976
116224
115977
105739
105767
105766
106213
105742
105743
105745
105744
105746
105747
105749
105748
105750
105752
105751
106236
106237
106238
116058
106239
106240
106241
106244
106245
116070
106508
106251
106252
106253
116069
116068
106250
106516
113887
113889
113890
113892
113891
113888
113883
113885
113886
113893
113884
113894
113895
106517
106565
113624
106564
106563
106566
106545
106534
106536
106562
106535
106554
106556
113725
113727
106557
113625
106561
106553
113722
113726
113723
106593
113728
106592
106595
113729
106594
106597
106579
106576
106575
106568
106569
106577
106572
106571
106539
106544
106542
106543
106538
106392
106393
106391
106390
106551
106552
106526
106527
106546
106532
106533
106398
106399
106530
106528
106388
106387
106396
106335
106336
106337
106394
106395
110629
110634
113941
113942
110633
113685
113938
113939
110632
106525
106524
106494
110630
110631
106495
106515
106500
106501
106502
106503
106504
106499
106498
106497
106489
106259
106258
106257
106492
106493
106488
106487
106190
106189
106212
106191
106222
106226
106223
106225
106224
106192
106218
106221
106220
106219
106193
106215
106217
106216
106194
106214
106187
105816
105817
106254
106255
106256
106490
106491
106261
106260
106262
106263
106264
106265
106266
106267
106268
106270
106271
106273
106272
106269
106248
106496
106505
106507
106506
106520
106521
106522
113623
106523
106518
113687
106519
113686
106334
106400
106401
106333
106379
106380
106402
106378
106377
106403
106482
106485
106484
113719
106483
113718
113730
113731
106486
113720
113732
106481
106374
106383
113721
106382
106384
106325
106328
106338
106329
106330
113688
106331
106385
113578
113579
113575
113940
113574
106332
106326
106381
106375
106376
106327
106397
106531
106529
106389
106537
106550
106558
106549
106570
106559
106567
106548
106547
106580
106578
106573
106540
106541
106555
106574
106514
106560
106598
106249
106227
105923
106318
106319
106316
106317
106314
106315
106299
106300
106275
106294
106293
106274
106297
106773
116297
106774
106775
106776
106777
106361
106362
106360
106284
106282
106283
106281
106277
106278
106279
106280
106363
106364
106782
106781
106422
106420
106421
106417
106419
106418
106305
106306
106307
106308
106412
106413
106415
106416
106414
106366
106365
106310
106309
106311
106312
106313
106772
106276
105927
105928
105929
105925
105926
106298
105924
