3177
162553
163104
162554
162880
163252
163254
172147
163255
163258
163260
163259
163262
163256
163257
163251
163241
163240
162882
162892
163253
162881
162877
162878
162879
162872
162893
162652
162691
162696
162832
162834
162835
162837
162841
162844
162843
162845
162846
162854
162855
162858
162859
162862
162864
162865
162920
162922
162926
162923
162937
162946
162945
162952
163004
163285
163284
163292
163301
163299
163300
163006
163283
163302
163282
163291
163288
163289
163290
163365
163364
163363
163362
163319
163316
163318
163317
163310
163312
163315
163314
163313
163306
163269
163277
163270
163279
163280
172385
163275
163276
162934
162935
162943
162927
162908
162907
162903
162902
162901
162912
162913
162914
162910
163261
163265
163266
163267
163273
162885
162883
162884
163263
163264
163274
163341
163272
162886
162887
162888
162889
162890
162891
162894
162895
162896
162900
162906
162918
162860
162897
162856
162868
162867
162869
162824
162866
162829
162826
162827
162831
162828
162849
162847
162848
162850
162840
162818
162816
162815
162686
162685
162687
162688
162822
162821
162820
162684
162683
162825
162823
162830
162851
162863
162899
162909
162904
162873
162870
162898
162905
162932
162911
163268
163308
163307
163311
163271
163309
163278
163286
163287
163366
163281
162951
162948
162949
163005
162950
162944
162936
162928
162924
162925
162947
162921
162919
162861
162857
162853
162852
162842
162838
162839
162836
162699
162708
162698
162707
162695
162701
162706
162705
162700
162704
162660
162703
162664
162670
162675
162674
162673
162668
162656
162659
162658
162667
162680
162666
162681
162676
162677
162672
162702
162671
162662
162657
162654
162669
162665
162663
162661
162694
162692
162693
162819
162817
162689
162833
162697
162690
162655
162653
163242
163243
163002
163003
163298
163420
163421
172631
163422
163423
163424
163428
163432
163476
163480
163494
163495
163496
163484
163478
163412
163429
163410
163407
163408
163035
163036
163409
163419
163493
163505
163506
172402
163507
172408
163490
163489
163488
163487
163379
163380
163378
163377
163376
163431
163492
163485
163477
163430
163392
163369
163427
163425
163426
163368
163297
163370
163371
163304
163303
163305
163293
163294
163295
163296
163374
163491
163602
163726
172409
163597
163395
163396
163375
163342
163343
163344
163345
163346
163354
163356
172399
163357
163599
172398
163605
172397
163603
163600
163601
163604
163616
163618
163730
172410
163596
163598
163390
163391
163394
172832
163386
163385
163393
163381
163387
172388
172389
163384
163383
163382
163389
163388
163358
163355
163359
163360
163372
163373
172658
163361
163353
163367
163340
167202
167237
165491
165492
167519
167509
167511
157785
157784
165337
165338
165235
165236
165344
165164
165165
165342
165343
165341
165356
165336
165353
165354
165355
165386
165465
165387
165457
165145
165143
165144
165369
164459
165133
165168
165167
165169
165178
165153
165197
165154
165198
165382
165381
165411
165410
165412
165401
165400
165402
165166
165170
167082
167083
167117
167084
167120
167118
168431
167119
167121
172869
167122
168428
168430
168429
167123
168426
168427
168424
168449
168425
167801
168448
167802
168447
167803
168444
168446
168445
167804
168443
168441
168442
167767
167771
167772
168463
172529
167806
167705
167704
167798
167807
167810
167811
168465
168471
168470
167796
167797
167795
167817
167816
167813
167790
167791
167792
167765
167764
167759
167760
167761
167693
167694
167692
167695
167756
167758
167757
167755
167696
167785
167786
167789
167787
167788
167828
167718
172503
172504
172695
167528
167690
167689
167793
167794
168466
167815
167814
168435
168436
168433
167812
167809
168467
168468
167808
168469
167769
167770
167799
167800
167703
167702
167768
172530
167805
168464
167229
167230
167228
167234
167116
167115
167096
167227
168434
168499
168500
168529
166659
166999
167018
172484
167017
167072
172481
167037
167038
167071
167073
167075
172177
172666
172178
172663
172665
167099
167098
167095
172664
167114
167108
167105
167092
167089
167085
167087
167088
172667
167086
167093
172668
172670
172669
167090
167106
167107
167097
167051
167039
167034
167028
167022
167033
167031
167032
167029
167030
167012
167021
167062
167070
167020
167019
166997
167035
167013
167015
167036
172482
167016
166998
167023
167024
172486
172487
167058
167052
167053
167050
167064
161235
167076
167211
167210
167218
167212
167216
167217
167094
167078
167079
167080
167081
167001
167002
167074
167206
167203
167219
167204
167205
167077
161236
167091
167215
172179
172490
172180
167110
167113
167109
167213
167222
167242
167252
167253
167259
172531
167245
167254
167270
167220
167221
167236
167201
167214
167125
167124
167235
167243
167244
167241
167231
167233
167232
167126
167127
167128
167111
167129
167112
167226
172489
172488
167329
167353
167355
167368
167366
172495
167367
172494
167365
167380
167381
172773
167360
167361
167382
167359
167566
167567
172640
167559
167560
167579
167601
172183
167602
167603
167600
167616
167574
167575
167615
167614
167625
167753
167754
167673
167674
167678
167681
167677
167676
167672
167671
167627
167577
167578
167665
167666
167667
167668
167685
167688
167530
172184
167691
167529
167684
167683
167686
167687
167682
167680
167679
167675
167751
167752
167626
167613
167762
167766
167763
167659
167612
167576
167354
167352
166565
167549
167550
172491
167548
167386
167364
167363
172492
167362
167358
167569
167568
167570
167554
167553
172870
167587
167555
172821
172822
167571
167586
167588
167591
167590
167593
167604
167631
167639
167646
167647
167643
167644
167649
167654
167655
167656
167664
167663
167662
168423
168422
168419
168415
168414
168416
168420
168411
168410
166822
167042
167041
167069
168413
168412
167063
167060
167059
167047
167046
167048
167049
167045
167026
167025
167027
167040
167011
166795
166794
167010
166761
166762
167004
167005
172479
172480
166748
167008
172483
167007
172784
166661
166662
166663
166714
166749
166715
166716
166755
166756
166759
166760
166783
166797
166788
166796
166784
166786
166785
166773
166774
166789
166816
166820
166821
166770
166772
166771
166793
166777
166775
172485
166776
166809
166798
166804
166799
166814
166813
167640
167641
167642
167632
167661
167637
167638
167633
167634
167653
167635
166807
166806
166805
166801
166802
166803
167383
167630
167628
166778
166779
167581
167592
167585
167582
167583
167552
167551
167580
167369
167349
167350
166733
166732
172660
166731
172661
166745
166746
166753
166754
166728
166729
166730
166703
166705
166706
166704
172834
166719
166718
166752
166727
166737
166780
166742
172499
172502
172500
166769
166781
166768
166734
166736
166735
172662
166726
166577
166578
166579
166744
166743
167370
167371
166739
166740
172501
166741
167372
167373
167374
167347
167375
166738
167584
167629
166812
166811
166800
166782
166790
166767
166766
166765
166750
166751
166717
166757
167006
166758
167003
166764
166763
166787
167009
166792
166791
167044
166818
166819
167057
167054
167055
167061
167056
167065
167104
167103
167102
168417
168421
168432
167067
167066
167043
166817
166815
167068
167617
166810
168418
167660
167650
167651
167657
167611
167619
167620
167658
167618
167624
167652
167648
167623
167622
167645
167621
167609
167610
167599
167598
167606
167597
167595
167564
167565
167608
167607
167636
167605
166808
167596
167384
167594
167385
167589
167563
167573
167561
167562
167572
167348
166580
167556
167014
163693
166594
166596
166600
166606
166622
166625
166627
166636
166628
166637
166658
166666
166671
166677
166678
166679
166684
166747
166723
166722
166721
166720
166713
166700
166698
166696
166697
166699
166702
166711
166710
166701
166709
166708
166724
166693
166694
166691
166689
166688
166686
166685
166611
166612
166613
166614
166633
166631
166629
166630
166615
166616
166617
166603
166604
166602
166598
166597
166512
166516
166517
166522
166532
166529
166535
166536
166534
166575
166530
166525
166520
166521
166519
166499
166500
166501
166502
166514
166396
166395
166416
166415
166397
166497
166518
166498
166515
166413
166414
166592
172173
166593
166412
172172
163696
163697
166513
166610
166608
166609
166607
166533
166634
166687
166531
166564
166576
166707
166695
166725
166692
166690
166640
166644
166643
166681
166645
166646
166647
166648
166649
166650
166676
166675
166712
166680
166674
166673
166682
166683
166664
166672
166665
166638
166656
166639
166657
166618
166655
166619
166620
166635
166621
166632
166626
166624
166623
166605
166409
166410
166601
166357
166358
166599
166595
166411
163695
163694
166368
166378
166388
166393
166394
166389
166390
166407
166408
166374
166370
166371
166373
166372
166392
166391
166417
166386
166387
166369
166503
166548
166560
166581
167330
166587
167357
167356
166584
166585
166566
166567
166568
166569
166583
166582
166571
166570
167328
166586
166561
166547
166545
166574
166546
166572
166573
166523
166524
166526
166527
166509
163497
163744
163769
163863
163862
163864
163865
163867
163888
163890
166454
166456
166469
166471
166470
166473
166475
166476
166477
166478
166479
166492
166542
166544
166550
167318
167316
167317
167304
167307
167306
167315
167296
167297
172078
166552
167283
166468
167281
167280
167278
172079
167279
172182
165303
165304
166465
165302
165301
165288
165289
165286
163794
165287
165285
165284
163793
163885
163886
165225
163786
163787
163785
163788
163874
163881
163899
163897
163896
163900
163898
163895
163892
163893
163876
163877
163871
163872
163791
163774
163775
163773
163772
163777
163870
163869
163878
163879
163880
163873
163792
163883
163904
163882
163884
163798
163799
165283
163903
163902
163901
166457
166463
166488
166487
166461
166490
166462
166489
166460
165305
165295
166466
167285
166467
167284
166464
166553
167282
166554
167286
167295
166562
166563
166557
166558
166555
166556
166504
166505
166541
166538
166496
166510
172475
166511
172473
166494
172474
166495
172471
166403
166404
166405
166406
166452
166448
166451
166447
166445
166443
166446
172467
166438
166439
172468
166424
166423
166426
166436
166427
166435
166428
166437
166425
166379
166380
166381
166420
166421
166422
172466
163848
163849
163723
163724
163847
163853
163811
163856
163855
166418
166419
166377
166376
163851
166375
163850
163852
163857
163858
163859
163828
163827
166444
163829
163830
163831
163832
163843
163844
163842
163836
163834
163821
163822
163823
163818
163835
163839
163846
163840
163841
163838
163820
163817
163742
163743
163813
163812
163814
163825
163810
163809
163807
163808
163741
163740
163837
163819
163816
163815
163824
163833
163826
166442
166433
166434
166431
166432
166429
166430
166402
166399
166398
166400
166401
172469
166474
166537
166453
166506
166507
166540
172476
167314
166559
166551
166549
166543
166539
166493
166491
166483
166484
166485
166486
166480
166472
166450
166449
166458
166482
166459
166481
166440
166455
166441
163894
163891
163889
163887
163875
163868
163866
163845
163860
163776
163778
163861
163770
163771
163745
163768
163781
163782
163783
163790
163789
163797
165221
165222
165226
165247
165291
165297
165308
165330
167291
167311
167313
167331
167344
167345
167343
167327
167323
167387
167388
167392
167406
172493
172772
167407
167393
167394
167395
167410
172770
167403
172771
167405
167409
167397
167398
167473
167491
167494
167557
167558
167412
167413
167510
167505
167506
167498
167504
167486
167503
167487
167488
167502
167501
167500
167507
167669
167670
167481
167480
167482
167483
167484
167477
167478
167476
167475
167479
167485
167499
167496
167497
167495
167492
167493
167489
167490
167474
167414
167399
167404
167402
167411
167396
167401
167376
167377
167400
167432
167433
167434
167429
167430
167431
165494
165390
165389
165444
165495
165443
167425
167424
167426
167421
167420
165425
165426
165427
165428
165388
165391
165493
167427
165392
165385
167428
167378
167418
167419
167422
167423
167417
167416
165431
165432
165433
165430
167342
167341
167340
167351
167299
167298
167346
167332
167338
167339
167335
167336
167334
165437
165438
165439
165440
165441
165442
167310
167325
167301
167302
165436
165435
167337
167300
167333
165429
165349
165350
165424
167415
167379
167303
167390
167408
167391
167389
167319
167324
167320
167321
167288
167289
167326
167308
167312
167309
167290
165328
165329
165327
165326
165325
165331
165309
165313
165312
165314
165318
165320
165324
165299
165300
165317
165316
165315
165294
165293
165253
165254
165255
165244
165243
165242
165248
165257
165260
165259
165265
165321
165323
172167
165322
165332
165311
165262
165240
165264
165263
165258
165249
165241
165245
165239
165310
165319
165307
165306
165298
165296
165292
165290
165252
165256
165246
163795
165227
165218
165228
165219
165229
165220
172166
172162
165216
165223
172165
165224
172164
165088
165261
165078
165077
172163
165089
165214
165213
165211
165212
163763
163764
163759
163758
163753
163754
163765
163780
163756
163755
163757
163750
163747
163748
163500
163751
163752
163749
163766
165076
165075
163761
163762
172450
165217
172449
163760
165215
163796
163784
163779
163767
163746
163499
167287
167305
167322
167292
167293
167294
167508
165352
165351
165095
165237
165251
165238
165230
165250
165231
165270
165273
165275
165276
165347
165348
165345
165346
165278
165279
165377
172170
165379
172496
165378
165434
172169
165372
165373
165383
165384
165380
165361
165360
165358
165359
165357
165335
165334
165362
165363
165364
165333
165340
165366
165374
165376
165365
165370
165368
165282
165267
165268
165269
165367
165274
165233
165234
165339
165371
165375
165280
165281
165277
165272
165271
165266
165232
163527
163533
163542
163551
163552
163553
163569
163570
163573
163572
163574
163580
163564
163541
163540
163575
165026
165027
165028
165029
165031
165032
165033
165034
165035
165036
165044
165041
165042
165043
165072
165073
165074
165087
165086
165049
165085
165090
165091
165092
165052
165071
165067
165061
165101
165103
165134
165135
165116
165125
165057
165058
165123
165124
165122
165121
165136
165149
165148
165160
165172
165171
165163
165152
165150
165151
165146
165161
165173
172084
165142
165139
165140
165141
164475
164476
164477
164478
164479
164481
164480
164482
165138
165147
165137
165120
164474
165059
165060
165064
165063
165055
165117
165118
165119
165108
165107
165162
165115
165114
172168
165105
165097
165098
165106
165109
165110
165111
165112
165056
165113
165069
165104
165102
165099
165062
165070
165084
165096
165100
165051
165053
165047
165046
165045
165040
165017
165016
165038
165015
165014
165013
165012
165021
165010
165019
165007
165008
165003
165002
172447
164998
164999
165000
165001
164990
164004
164005
164006
164996
164997
172657
165065
165066
164007
163578
163579
163577
165004
165009
165011
165022
172656
165048
165050
165068
165054
165039
165037
165025
165024
165023
165030
165020
165018
165006
165005
163576
163565
163566
163567
163568
163560
163535
163562
163561
163534
163544
163537
163539
163538
163563
163559
163558
163557
163554
163547
163545
163546
172407
163733
172406
172405
163529
172400
163531
163530
172401
163543
163532
163528
165079
165094
165093
165083
165082
165081
165080
163555
163732
163556
163571
163581
167532
167709
167708
168193
168194
168195
172521
168196
172517
168192
167707
167706
168218
168217
172525
172527
172526
168216
168191
168253
168205
168206
168207
168252
167726
167734
167773
167821
168208
168209
168210
168211
168212
168254
168214
167829
167823
167822
167824
167818
167784
167719
167697
167698
167737
167774
167775
167776
167699
167735
167736
172692
172696
172693
167724
167725
167732
167731
167738
167739
167723
167700
167701
167819
168213
167830
167820
167733
167727
167728
167745
167744
167746
167747
167946
172192
167722
167720
167721
167715
167714
167713
167712
167710
172185
167711
167716
167748
172191
167749
172190
172187
172189
172188
167729
167730
167750
172522
167740
167741
168186
167742
167743
168215
172783
167717
168187
168188
172781
172782
168189
168190
172523
161326
161327
162991
162990
162989
162941
162988
162987
162986
162995
162998
163019
163018
163022
163033
163034
163040
163403
163404
163405
163401
163402
163400
163399
163398
163397
163013
163011
163010
162992
162993
163008
163007
163009
162939
163012
163015
163000
162938
163016
163017
163020
163021
163014
163001
162999
162996
162997
162974
162973
163032
163043
163044
163045
163046
162983
162984
163031
162954
162956
162955
162957
162969
162970
162977
162978
162958
162959
162776
162769
162770
162771
162772
162773
162774
162775
162768
162767
162962
162961
162793
162963
162966
162929
162917
162915
162964
162965
161330
161329
162968
162972
162960
162994
162971
162967
162942
162940
162930
162931
162916
161328
162979
162980
163049
163053
164281
163056
163057
163058
163062
163437
163451
172446
163449
172444
163450
172445
163441
172390
163440
163444
163439
163445
163442
163456
163457
163469
163474
164985
164986
164989
164988
164987
163526
163525
172448
163516
172395
163517
163518
163519
163520
163521
163465
163452
163510
163511
172391
163481
163482
163508
163524
163503
163504
163486
163479
163411
163483
163413
163414
163415
163416
163417
163418
163038
163037
163039
163023
163024
163025
163433
163026
163060
163050
163051
163047
163041
163042
163030
163029
163028
163027
163509
163453
163466
163467
163512
163536
163513
172392
163514
172394
163515
172393
163522
164020
164021
164981
164984
164983
164982
164980
164293
163447
163446
163472
163473
163462
163463
163464
163459
163461
163054
163055
163471
163470
163475
163523
163468
163454
163460
163458
163455
163443
163438
163434
163435
163448
163436
163061
163059
163052
163048
162985
162981
164282
162982
163066
163064
163065
163063
172691
165129
165126
165128
165130
172686
172688
172689
172687
172684
172685
164991
164992
164993
164994
172682
165132
164470
164471
164469
164467
164468
164414
164415
164465
164466
164464
164433
164434
164417
164418
164435
164436
164425
164426
164429
164431
164432
164430
164428
164413
164410
164411
164412
164423
164422
164259
164184
164201
164200
164395
164394
164397
164407
164406
164403
164400
164399
164404
164405
164401
164011
164010
164995
164008
163068
164009
164012
164013
164014
164294
164295
164296
164297
164307
164304
164308
164314
164198
164197
164299
164300
164301
164302
164303
164274
164275
164276
164273
164292
164290
164291
164280
164283
164285
164284
164286
164016
164017
164018
164262
164263
164267
164057
164058
164073
164269
164271
164272
164069
164059
164065
164072
164278
164279
164070
164071
164062
164195
164194
164203
164207
164206
164224
164202
164180
164174
164175
164051
164171
164167
164053
164052
164023
164024
164022
164030
172413
164049
172414
164050
172415
164056
172416
164067
172417
164074
164075
164078
164036
164066
164064
164055
164026
164027
164028
164029
163993
164031
164001
163992
163991
164002
164003
164000
164265
164266
164034
164035
164054
164172
164041
164042
164043
164044
164045
164046
164047
164048
164173
164033
164077
164032
164181
164182
164183
164323
164324
164325
164374
164373
164312
164311
164257
164187
164188
164186
164313
164189
164190
164191
164315
164205
164076
164204
164192
164193
164063
164025
163999
164264
164019
164261
164268
164270
164068
164277
164289
164196
164298
164288
164287
164015
164305
164306
164392
164393
164309
164310
164199
164185
164408
164258
164409
164390
164427
164424
172683
164416
164421
164419
164420
164573
164398
164396
164402
165131
165127
164472
164473
163067
163948
161331
162792
162953
162790
162789
162766
162764
162761
162759
162760
162765
162788
162787
162786
162784
162785
162783
162782
162781
162780
162779
163942
163943
163998
163945
163990
162975
162933
163946
163995
163996
163947
163994
163938
163939
163968
163970
163941
163936
163937
163963
163964
163965
163967
163978
163979
163977
163982
163988
163989
163997
163984
163985
163986
163983
163952
163953
163950
163961
163962
163960
163928
163927
163954
163955
163956
163957
163958
163949
163971
163973
163974
163975
163987
163981
163976
163966
163959
163926
163925
163918
163919
163930
163914
172622
163913
163915
163924
163931
163932
163923
163922
163934
163916
163912
163911
163910
163905
163906
162720
162721
162719
162718
162717
162716
162754
162753
162752
162739
162738
162750
162742
162740
162736
162734
162732
162733
162731
162729
162728
162709
162710
162711
161344
161343
161342
162722
162714
162715
162712
162713
162723
162724
162725
162730
161341
161340
161339
161338
161337
162756
162758
162747
162748
162749
161336
162737
162735
162726
162751
162727
163907
163908
163909
163917
163933
163969
163940
163935
163944
163921
163920
162745
162976
162778
162744
162743
162757
162755
161335
161334
161333
162762
162763
162791
161332
162777
163972
163980
163406
163722
152547
162532
167264
167263
167225
167224
162534
162535
162531
167240
167239
167238
167248
171044
167246
167247
162529
162528
167272
167271
167268
167274
167277
167273
167269
167250
167249
167251
162526
167275
162527
152583
152582
152579
152580
162530
162533
152581
152548
160137
166979
166980
166984
166990
166991
166987
166985
166986
166988
166989
166978
160138
166651
166652
166653
166654
161237
167000
167140
167141
167133
167134
166995
166977
166992
166668
166669
166660
166670
166667
166994
166993
166996
161238
167160
167173
167174
172175
167175
172174
167172
167171
167170
167153
167154
167176
172176
167152
167168
167169
167167
167166
167177
167188
167189
167187
167196
167265
167266
167267
167190
167197
172181
167198
167223
167209
167207
167208
172235
167195
167200
167199
167186
167181
167182
167180
167179
167178
167194
167193
167192
167191
167183
167184
167185
167161
167143
167148
163498
163734
163735
163736
163738
163739
163731
163619
163617
163729
172403
163728
163548
163550
163549
163623
163622
163620
163803
163804
163805
163806
163725
163686
163684
163685
163720
163721
166366
166356
166355
163715
163716
163706
163708
163674
163675
163676
163679
163678
163669
163677
163671
163682
163683
163624
163681
163626
163627
163625
163628
172404
163613
163614
163612
163615
163665
163648
163667
163646
163645
163644
163673
163705
163712
163718
166353
166354
163691
163692
163690
163711
163710
163709
163704
163647
163609
163608
163610
163606
172396
163607
163666
163670
163668
163672
163707
163689
163713
163714
163717
163719
163688
163680
163800
163687
163802
163801
163621
163611
163727
163737
163502
163501
163642
163658
