4042
120144
68640
68643
69098
69099
69100
69104
68642
68641
120936
129031
132185
129105
128954
128955
129107
123561
123560
128999
132518
129020
132519
129021
129022
129014
129015
129013
128994
128890
128886
128884
128887
128888
128993
128990
128991
128984
128988
128989
129000
129003
129024
129027
129029
129025
129030
132521
129026
129005
129012
129028
129004
129009
129010
129008
128964
128963
128960
128962
128933
128936
129023
128935
129001
128961
129002
128934
128987
128986
128983
128883
128881
128982
128882
128835
128836
128879
128880
128877
128996
128997
128998
129006
129007
129011
128985
128885
128878
128995
128992
59887
59888
60341
60342
60412
60414
66768
66808
77033
77034
66812
66936
66937
66938
66939
66941
77041
66944
66946
66949
66950
66951
66952
77733
77734
77732
66957
77019
77729
77730
77731
66983
66982
67025
77018
66997
77020
66995
67076
67086
67087
67089
67090
67165
67162
67163
67166
67167
67172
67173
67178
67154
67155
67156
67175
67153
67164
67168
67169
67152
67088
67151
67085
67083
67082
67084
67070
77721
67071
67073
67072
67074
67077
67075
66996
66981
66985
66994
66993
66988
66978
66987
66974
66963
66975
66990
66964
66965
66991
66961
66962
66960
66959
66942
66979
66992
66989
66984
66986
66980
66973
66953
66954
78802
78804
78803
78805
66976
66977
66958
66943
66945
77760
66947
77761
66948
77763
77762
77764
77766
78169
77765
66940
66817
66818
77039
77040
66814
66815
66813
66809
66806
66810
78806
78807
77055
77054
77056
77057
77058
77059
66820
77756
77618
66811
77776
66819
66821
77052
77050
77051
66822
77049
60461
60464
77048
77772
77773
77774
77775
77047
66999
76677
67007
77728
67026
77724
67000
76678
67005
77771
67006
77770
67003
77769
67004
67001
77768
67002
77777
77778
77781
77046
67023
67024
77043
77042
60467
60469
66844
66845
66848
66851
66857
66849
66856
66837
66838
66850
66836
60570
60567
60463
77053
60468
60458
77549
60459
60460
60470
66823
77767
66825
66826
66824
66833
66998
66830
66832
66831
66829
66834
77044
77045
60419
60420
60424
60421
78296
60433
60456
60434
60440
60439
60445
60448
60436
60450
60429
60430
60435
60454
60455
60452
60453
60446
60447
60443
60444
60425
60426
60422
60423
66804
66803
66805
60411
60410
60416
60408
60402
60404
60405
60407
60409
60403
66816
66807
66802
60415
60457
60413
60401
67091
60573
76987
60368
60406
78490
78489
60369
77550
77036
77037
77035
72611
72612
60343
76540
76981
76541
76977
77704
60608
60344
76982
60397
60398
60400
60521
76985
76986
60569
60568
60579
60580
60582
60574
60588
60592
66847
66872
66867
66868
66873
66880
66870
66869
66871
66885
66902
66886
66887
76989
76988
66888
60596
60593
60604
60605
60601
60600
60542
60550
60552
76980
60598
60602
60599
60603
60606
66884
66882
66895
66883
66893
77824
66889
60609
77737
77614
60553
60554
60557
60560
60561
60563
60607
60559
60566
60558
60564
60565
60562
60546
60547
76984
76983
60556
60555
60544
60548
60549
60551
60545
77738
60538
60541
60585
60584
60539
60583
60533
60531
60529
60530
60528
60514
60499
60498
60500
60515
60525
60526
60527
60535
60536
60534
60511
76536
76537
77707
60510
60532
60505
60506
60507
60537
78438
60586
60594
60590
60591
60595
66846
66854
66864
66855
66853
66852
66863
60597
60578
60576
60577
60572
60589
60575
60581
60540
60520
60522
60523
60524
60519
60512
60516
60513
60518
66861
66866
60399
60462
66970
67045
77722
67065
76594
67048
67066
77011
77015
77016
77012
76477
67057
67041
67042
67046
67064
67047
67044
63000
78470
78492
78493
78494
78469
77515
77613
76883
76882
76516
76640
76877
78503
78502
76879
76878
76470
76517
78495
76858
76857
76036
76035
76257
76471
76188
76127
76128
76254
76255
76187
76253
76037
66782
66777
66778
66775
66779
67043
66969
77022
66773
66968
66771
66774
66772
66967
66966
66770
66776
66785
66784
66797
66800
67583
67589
67592
67594
67599
67605
67808
67798
67811
67812
67813
67816
67817
67964
67974
67609
67976
67992
68001
67996
67997
68000
67995
67994
67999
67993
67846
67847
77785
67848
68042
67911
67998
67844
67845
67990
67991
77090
67828
67827
67825
67826
67831
67832
67835
67833
67840
67841
67843
67842
67894
67895
67896
67906
67907
67908
67909
67913
67912
67902
67903
67914
67904
67915
67905
67928
67939
67940
67941
67943
67942
67938
68174
67936
67935
67931
67929
67934
67933
67930
67927
67888
67887
67873
67876
67874
67875
67878
67877
67225
67937
67932
67926
67885
67883
67881
67882
77004
67868
67872
67869
67223
67858
67865
67867
67863
67861
67862
67860
67891
67855
67890
67854
67853
67785
67784
67789
76606
77030
67786
67783
67782
67777
67775
67776
67787
67788
67829
67830
67771
67753
67772
67773
67774
67818
67822
67778
67779
76603
67819
67820
67823
67754
67800
67801
67802
67803
67804
67805
67751
67797
67806
67809
67810
76605
67807
67796
67794
67793
67795
67792
67737
67114
67736
67739
67115
67120
67742
67745
67749
67746
67743
77026
77028
77709
77711
77021
77710
67131
67141
67134
67144
67143
77029
67758
76602
67764
67781
76604
67765
67766
67780
67068
67761
67069
67759
67760
67756
67145
67142
67146
67147
67148
67149
77025
67762
67763
67770
67769
67768
67856
67150
67211
67214
67212
67213
67204
67219
67221
67222
67195
67220
66835
77782
77783
77784
66828
66827
67200
67158
67159
67174
67197
67196
67199
67170
67208
77014
67206
67210
77009
67205
77023
67207
77013
67140
67139
67095
67092
67093
77720
67081
67080
67124
67126
67136
67130
67128
67129
67063
67078
67123
67079
67062
67106
67061
67104
67102
67105
67101
67100
67109
67108
67107
67111
67097
67098
67099
67054
67056
67055
67103
77017
67058
67051
67049
67050
67053
67096
67052
67059
67125
67060
67171
77719
67202
67203
67201
67209
67094
67135
67133
67067
67132
67118
67119
77027
67122
76595
67744
67757
67121
67117
67110
67113
67585
67734
67112
67738
67747
67748
67750
67755
67752
67767
67850
67857
67859
67216
67215
67224
77005
67879
67886
67884
67925
67880
67900
67866
67864
67901
67899
67892
67893
67851
67852
67790
67791
67849
67837
67836
67834
67821
67824
67839
67963
67838
67815
67606
67814
67799
67593
67604
67596
67586
67577
67581
67575
66789
66790
66795
66793
66794
66792
66787
66791
67576
67578
67597
67598
67595
67591
67590
67588
67587
67584
67582
66801
66799
66798
66796
66786
66783
66780
66781
120342
67176
67179
67198
67910
68050
67921
77617
77616
68049
67922
76610
76611
67956
67957
67958
67959
67960
68184
68185
76608
68190
68191
68196
68268
68269
68273
68295
68296
68478
68475
68044
68045
68046
68468
66314
66315
68465
68466
68467
68470
68474
68520
68521
68523
69718
66316
66317
68522
68526
68127
68133
68537
68539
68538
68530
68535
68533
68536
68559
68550
68551
68546
68541
68332
68313
68315
68316
68285
68317
68138
68125
68118
68119
68126
68145
68144
68143
68123
68136
68142
68137
68134
68135
68132
68128
68129
68130
68131
68109
68110
77093
68107
77094
68106
68113
68114
68116
68124
68115
68094
68095
68096
68117
68120
68121
68281
68280
68274
68275
68284
68286
68279
68287
68288
68297
68294
68291
68292
68293
68277
68290
68267
68276
68266
68263
68188
68189
68186
68187
68261
68262
68082
68081
68080
68090
68089
68088
68087
68086
68085
68084
68083
68063
68064
67949
67948
67924
67923
68057
68056
68051
68053
68052
68058
68065
68066
68067
67954
67953
67955
67961
68070
68071
68072
68073
68068
68069
68078
68079
68074
68075
68076
68077
68278
68265
68264
68093
68092
68091
68122
68283
68282
68289
68139
68540
68532
68490
68489
68500
68488
68529
68531
68527
68528
68108
68105
68061
68104
68099
68062
68097
68098
68101
68100
68043
68007
68055
68006
66956
66955
68005
77787
68054
68059
68047
68048
76874
68060
68103
68102
68525
68524
68179
68207
68209
68208
68210
68211
68271
68304
68198
67226
77010
67445
67452
67453
67455
67230
68146
67228
67454
67450
67456
67483
67229
67227
67457
68148
68149
68182
68183
68193
68192
68195
68206
68181
68199
68194
68180
68178
68177
68176
68154
68175
67889
68153
68151
68152
68150
68140
68141
67487
67486
67484
67485
68147
67458
67579
67580
68225
68216
68214
68213
68215
68307
68308
68309
71841
68305
68299
68310
68306
68311
76872
76873
78482
77610
68398
68399
68270
68272
68197
68212
68300
68301
68312
68349
68352
68350
68348
67284
66839
66840
78440
78439
66841
66843
66842
67231
67012
67015
67234
67235
67239
67288
67238
67270
67271
67272
67285
67286
67404
67403
67402
67194
67408
67193
67191
67188
67187
67186
67185
67040
67184
67180
67181
67182
67160
67183
67177
67190
67161
67032
67030
67157
67189
67192
67400
67039
67274
67277
67278
67275
67262
67263
67264
67035
67232
67233
67244
67019
67020
67021
77723
67022
67033
67018
78958
67017
78168
67036
77006
67034
67029
67028
67031
77712
77718
77713
77715
77714
77717
77716
67027
67038
67037
67401
67279
67280
67276
67273
67282
67281
67283
67267
67268
67265
67269
67260
67261
67236
67237
67242
67243
67016
67014
67013
67010
67008
67011
66862
66860
66858
66859
67009
67252
77823
67251
77816
67291
67292
67300
67301
67302
67306
67435
67436
67437
67440
67459
67461
67433
67406
67407
67416
67417
67431
67420
67303
67304
67421
67434
67287
67415
67418
67446
67447
67449
67451
67448
67414
67412
67413
67410
67409
67411
67419
67441
67442
67443
67428
67429
67496
67495
67494
67355
67354
67353
67344
67342
67343
67346
67347
67345
67315
67314
67316
67311
67312
67298
67297
67295
67305
67309
67294
67253
67254
67255
67256
67257
67258
67259
67310
67308
67423
67426
67422
67424
67438
67317
67313
67352
67351
67350
67427
67439
67349
67425
67307
67296
67290
67299
67289
77821
66865
67240
67241
67245
67266
67246
67247
67250
66877
66876
66874
66875
66878
66879
67248
66881
67249
66906
66908
66910
66898
66897
66890
66907
66903
66904
66905
66909
67293
66891
66899
66911
66901
66912
66913
66896
66894
66900
77826
66892
68302
68303
68321
68322
68324
68331
68326
68323
68319
68325
68327
68330
68343
68345
68342
68344
68346
68333
68334
68335
68336
68337
68338
68339
68340
68545
68764
68768
68769
68549
68548
68544
68542
68543
68763
68766
68765
68767
68341
68328
68329
68320
68318
68314
69249
69250
69252
69251
69293
69294
69295
69292
69255
69253
69254
69101
69105
69102
69110
69112
69116
69111
69231
69232
69233
69236
69237
69238
69246
69245
69242
69244
69243
121560
121556
121555
121557
121547
69240
69230
69226
69228
69229
69108
77097
69227
77098
77100
77099
69109
69239
69241
69106
69107
121530
121527
121541
121543
121544
121542
121536
121535
121525
121522
121523
121532
121531
121533
121537
121549
121551
121552
121553
121548
121119
121550
121539
121534
121118
121520
121521
121524
121529
121538
121540
121517
121528
69103
69115
121554
69247
121565
121570
121571
121572
121573
121574
121404
121406
121409
121420
121419
121421
121422
121575
121408
69842
69844
77470
77472
77473
77471
121407
121405
121402
69843
69840
121403
69841
69847
69848
69877
121566
121568
121567
121569
121322
121562
121563
121564
121558
69846
69248
120768
120771
120945
120946
120949
120950
120951
120954
120956
120984
120986
120985
120998
121001
121015
121018
121153
121218
121222
121223
121241
121224
121221
121219
121082
121084
121080
121079
121004
121003
120997
121002
120994
121078
121081
121017
121016
121013
121014
121008
121000
120999
120993
120988
120957
120955
120952
120996
121073
121074
121069
121070
121071
121072
121061
121034
121033
121032
121041
120876
120878
120871
120877
120870
120869
120861
120850
120860
120817
120859
120813
120836
120847
120849
120852
120851
120854
120855
120857
121030
120856
120858
120872
120848
120853
121025
121028
121029
132329
121023
121024
121026
121027
121039
121022
121037
121021
121035
121036
120948
121019
120838
120773
120837
120840
120843
120841
120842
120839
121020
120845
120844
120846
120873
121031
121040
121038
120995
120953
120947
120774
120772
120770
120819
120865
120880
120885
121047
121056
121064
121514
121068
121099
121098
121101
121102
121111
121113
121112
121116
121262
121267
121268
121269
121271
121276
121278
121275
121266
121265
121261
121260
121117
121100
121110
121109
121115
121107
121106
121258
121257
121259
121264
121274
121247
121239
121240
121233
121232
121235
121234
121229
121230
121227
121226
121220
121087
121088
121076
121085
121086
121103
121083
121228
121231
121089
121238
121263
121237
121104
121108
121105
121094
121092
121093
121091
121062
121060
121059
121054
121066
121043
121046
121042
121044
121045
121063
121077
121075
121095
121096
121090
121067
121097
121065
121058
121497
121512
121051
121050
121057
121053
121055
121052
120879
120875
120874
120864
120863
120987
121114
121120
121272
121273
121270
121121
121277
121183
121285
121286
121295
121298
121297
121372
121374
121375
121296
121351
121349
121350
121353
121357
121352
121388
121373
121380
121379
121381
121376
121377
132579
121385
121383
121387
121411
121416
121417
121418
121415
121436
121437
121439
121438
121435
121412
121413
121398
121399
121397
121395
121394
121392
121391
121329
121330
121400
121332
121331
121325
121324
121323
121301
121305
121304
121306
121382
121302
121300
121299
121290
121287
121289
121309
121312
121310
121320
132332
121319
121284
121283
121561
121559
121316
121318
121315
121317
121314
121282
121280
121281
121308
121307
121256
121279
121253
121292
121311
121313
121321
121327
121326
121328
121393
121401
121410
121414
121396
121384
121386
121378
121303
121291
121288
121293
121294
121246
121245
121242
121225
121243
121244
121251
121252
121254
121250
121255
121249
121236
121248
121152
121156
120056
121204
121214
121213
121216
121212
121215
121208
121192
121186
121187
121201
121207
121206
121205
121182
121181
121178
121179
121157
121164
121177
121166
121165
121173
121168
121175
121176
121171
121172
121196
121199
121197
121170
121185
121144
121141
121142
121143
121132
121134
121161
121154
121155
121151
121012
121150
120992
121005
121010
121011
121147
121007
121145
121127
120982
121122
121129
121131
121135
121124
120970
120978
120974
120973
120972
129559
120968
129556
129313
129312
129310
129309
129308
129317
129460
129456
129457
129464
129459
129465
129458
129453
129452
129316
129315
129306
129292
129291
129289
129290
129294
120940
120939
120943
120966
120938
120937
129307
129293
129295
129311
129555
120941
120942
129553
129554
120959
120958
120961
120964
120965
120975
120977
120981
120980
120976
120991
120989
121518
129314
129557
120967
120969
120962
120963
120971
121123
120979
121128
121126
121006
120990
120983
121146
121148
121149
121162
121159
121160
121133
121130
121140
121169
121167
121163
121158
121180
121174
121203
121211
121202
121200
121198
120057
129247
121009
67603
67600
67602
67601
67616
67617
67623
120515
120517
120526
120532
120542
120546
120547
120628
120626
120627
120545
67645
67644
67643
67646
67648
67658
67652
67653
67660
67662
67676
67680
67682
67691
67707
67708
67726
67729
67730
67731
67712
68492
68458
68455
68457
68456
68462
68464
68451
68452
68450
68447
68448
68449
68446
68034
68434
68436
68442
68441
68439
68440
77786
68438
67675
68435
68019
68025
68027
68028
68030
68031
68032
68035
68026
68013
68029
68014
68041
68037
68039
68040
67897
77092
67898
68038
68024
68023
68033
68437
68444
68445
68443
68453
68112
68111
67690
67693
67689
67674
67671
67673
67668
67670
67649
67672
67650
68454
67711
67725
67723
67724
67714
67715
67697
67696
67698
67705
67702
67703
67704
67709
67722
67720
67716
67717
67681
67699
67701
67700
67694
67695
120642
67655
120638
120637
120639
120640
120641
120645
67657
67721
67710
67706
67692
67685
67683
78481
67656
67677
67678
67654
67661
76599
77003
76597
76598
68021
67659
120629
120573
120572
120574
120613
120633
120632
120634
120635
120631
120630
120636
120622
120643
120644
120648
67732
67733
120649
120623
120620
120621
120612
120611
120610
120576
120575
120607
120608
120578
120577
120570
132414
120569
67647
67638
67635
67636
67639
67664
67640
67641
67651
67642
68017
68015
68016
68009
68018
68022
76607
68002
68036
77095
68020
68003
68004
67634
67632
67630
67628
67611
67612
67631
67637
67629
67627
67624
67625
67633
67626
120549
120548
120541
120539
120540
120536
120535
120531
120525
120524
120522
120512
120510
120511
120509
120502
120500
120507
120483
120481
120482
120485
120486
120489
120496
120498
120478
120497
132415
132417
132416
120567
120568
120495
120493
120527
120492
120490
120475
120458
120457
120449
120450
120408
120410
120415
120417
120416
120411
120413
120414
120423
120427
120428
120503
120426
120419
120418
120400
120412
120425
120405
120404
120398
120397
120394
120393
120395
120399
120396
120409
120447
120448
120494
120487
120488
120459
128376
120499
120424
120504
120508
120484
120491
120544
120534
120533
120523
120516
120513
120505
120506
67619
67618
120518
120519
67607
67610
67962
67969
67970
67620
67621
67622
68008
67977
67978
67613
67614
67968
67971
67979
67981
67986
77091
77599
67987
67989
67984
67985
67988
68012
68011
67982
68010
67980
67965
67608
67615
120476
120477
120776
120777
120778
120862
68493
120653
120886
120887
120888
120812
120821
120811
120815
120816
120818
120823
120866
120881
120884
120867
120825
120822
120814
120805
120806
120807
120652
120804
120803
132412
120650
68599
120809
68600
120810
68602
68603
120808
120651
68598
120326
120604
120341
120348
120350
120351
120359
120354
120355
120356
120363
120364
120368
120369
124624
126172
126173
132341
132344
129904
120362
128237
120361
120373
120406
120407
120380
120379
120444
120445
120446
120451
120452
120454
120443
120462
120440
120441
120439
120431
120437
120453
120433
120432
120375
120376
120377
120370
120378
120374
120391
120392
120390
120383
120381
120382
120384
120389
120372
120371
120360
120353
120357
120358
120347
120352
120501
120557
120558
132481
123558
123515
132524
123514
132523
123556
132325
132327
132326
123557
132520
132482
120602
120603
120555
120336
120339
120340
120349
120330
120331
120334
120332
120333
120329
120327
120328
120335
125081
125067
125074
125075
125080
125079
128738
128473
124882
128739
128474
124883
120429
128691
128692
128693
128694
128690
120430
120434
120436
120435
120338
120346
120345
120337
120438
120442
120460
120461
127269
66788
120343
120387
120388
120403
120401
120402
120386
120385
120344
125066
125065
125056
125055
128452
128454
128456
128453
128455
128461
128462
125057
125058
128465
128466
128468
128470
128469
125077
125078
125076
125073
125072
125068
125064
128467
125069
125070
128458
128446
128448
128449
128450
128457
128451
125061
125071
125063
125062
125059
125060
120463
120464
120467
120468
120471
128865
128866
128869
132555
128867
128868
128871
128872
128875
128874
128864
128861
128860
128862
128863
128870
120551
120550
120556
120563
120553
120554
120579
120552
120472
120470
128744
128743
128742
128741
120469
120473
120466
120465
120474
128735
128736
128737
128859
128873
128891
128889
128892
128848
128893
128895
128897
128896
68504
68556
68563
78814
68562
68553
68534
68554
68555
68463
68481
68485
68486
68491
68499
68503
68515
68516
68518
68519
68635
68637
68639
120931
120934
120935
121510
121511
121519
121526
121516
121498
121513
121515
120930
120928
120926
120916
120933
120913
120912
120914
68609
68633
68630
68610
68605
68608
68632
68606
68622
68625
68626
68628
68618
68615
68613
68614
68619
68623
68624
68607
68604
68601
120889
120890
120893
120894
120897
120908
120922
121499
120921
121500
121501
121504
121509
121502
121505
121506
121503
121494
121508
121495
121492
121496
121489
121049
121048
120883
120868
120882
120902
120917
120904
120896
120903
120906
120891
120829
120827
120820
120824
120830
120826
120918
121490
121491
121493
120920
120919
120924
120923
120909
120907
120905
120900
120901
120898
120899
120892
120895
120828
120910
120911
68629
120915
120925
68636
120927
120929
120932
121507
68634
68627
68514
68513
68511
68510
68512
68508
68509
68506
68507
68611
68612
68498
68495
68496
68505
68501
77788
68517
68621
68502
68497
68487
68494
68483
68484
68482
68477
68472
68471
68473
68476
68479
120587
120586
120590
120609
120596
120598
120614
120618
120663
120665
120674
120677
120679
120721
120720
129059
120716
120718
120717
120733
120735
120736
120737
120744
120741
120745
120731
120743
120732
120742
120760
120752
120755
120756
120748
120705
120747
120751
120754
120749
120727
120726
120725
120704
120746
120703
120702
120696
120699
120697
120698
120686
120685
120681
120680
120624
120617
120625
120700
120753
120750
120729
120728
120730
120738
120724
120723
120734
120719
120715
120701
120695
120678
120694
120684
120671
120669
120670
120668
120676
120666
120667
120661
120657
120658
120659
120599
120675
120662
120673
120664
120660
120619
120615
120616
120600
120601
120588
120589
120597
120559
120560
120564
120566
120565
120580
128894
129052
120592
120594
120593
120595
120656
120654
120655
129019
129054
129057
129063
129058
120672
120583
120591
120581
120562
132556
120561
120584
120585
120571
120582
129053
120682
120683
120781
120782
120780
120784
120792
120794
120802
120834
120835
120831
120796
120793
120688
120712
120714
132305
120711
120691
120706
120707
120689
120690
120775
120779
120693
120692
120708
120710
120713
120832
120833
120759
120757
120758
120767
120765
120769
120766
120764
120944
120762
120763
120761
120709
120687
124159
120795
120799
120797
120791
120798
120789
120786
120790
120785
120787
120788
120801
120800
120783
120722
129041
129064
129042
129048
129050
129224
129228
129225
129226
129227
129229
129233
132413
129551
129246
129552
129243
129244
129241
129237
129238
129239
129240
129236
129234
129232
129231
129222
129221
129219
129220
129218
129216
129223
129242
129549
129550
129071
129070
129235
129230
129051
129217
129049
129045
129065
129068
60000
60001
79035
59850
59996
59851
60003
60002
59932
60085
60084
60087
60094
60132
77552
60133
60142
60146
60372
60373
60374
60382
60383
60391
60379
60380
60381
60385
60393
60392
60396
60171
60169
60168
60165
60170
60174
60167
60163
60173
60175
60176
77551
78801
60162
60161
60172
60154
60155
60158
60159
60157
60152
60151
60136
60156
60134
60135
60115
60120
60116
60117
60114
60113
60121
60111
60123
60124
60110
60122
60109
59961
76959
76958
76960
76956
59959
59957
59951
59960
60105
60108
60112
60103
60104
60153
60160
60166
60164
60149
60377
60150
60376
60375
60384
60388
60390
60378
60148
60147
60101
60141
60140
60128
60131
60100
60096
60095
60098
60099
60097
60107
60106
76957
60102
59941
60089
59958
60090
59940
60088
59935
76531
59923
59924
59933
59934
59936
59919
59920
59938
59918
59955
59947
59948
59943
59944
59945
59911
59950
59949
59909
59897
59907
59908
59896
59895
59894
59893
59942
59889
59890
59891
59892
78813
59898
59914
59915
59916
59946
59917
59921
59922
59930
59937
59939
59956
60086
59931
59925
59926
59929
59927
59928
59953
59954
60235
60234
60236
60302
60303
60308
60307
60312
60322
60321
77702
60387
60475
56838
60492
60481
78437
60482
77700
60483
60493
60484
60485
60496
60486
60487
60497
60494
60495
60504
60501
60502
60503
60474
60480
77701
60517
76963
60478
76964
60477
60476
60479
60472
60471
60473
56865
56864
60488
60323
60324
60325
60326
60327
60328
60336
77705
77706
60543
78447
60337
60335
60334
77699
56855
56856
76535
77696
77708
60491
77703
60489
60490
56839
59842
59843
59846
77557
77558
78812
59993
59997
59994
60006
60022
60091
60092
60093
60125
60126
60129
60138
60139
60143
60144
60083
60145
60358
60359
60370
76534
76533
60371
60137
60356
60079
60082
60081
60075
60353
60056
60076
60354
60355
60361
60054
60053
60050
60049
60048
60045
60052
60055
60080
60078
60077
60064
60065
60067
60070
60024
60020
60019
60058
60062
60066
59999
60036
60038
60059
60072
60073
60051
60047
60046
60037
60030
60044
76532
60043
60042
60041
60027
60028
59974
59975
59976
59969
59970
59971
59966
59967
59968
120145
120148
132531
120147
120146
127550
132563
132564
132562
120091
120055
120054
120149
59973
60026
120151
127532
120082
120081
120090
120080
120150
127533
120077
120076
60029
59972
59981
59984
60031
60033
59985
60035
59986
59987
60015
60016
60017
60018
60014
60011
60012
59988
59991
60004
59990
59995
59992
59848
59989
60010
60008
60009
59980
60007
59979
59962
77556
77554
77555
59963
59964
59965
59983
59977
59978
77591
59982
77560
77559
60039
60034
60032
59998
77553
76955
60057
60013
60063
60068
60069
60074
60130
60071
60127
60025
60023
60021
60005
59849
59847
59845
60040
120092
60350
60360
60389
60394
67348
67356
67357
67359
67362
67501
67505
76600
76601
67365
67507
67508
77820
67561
67548
67562
67560
67557
67563
67564
68219
68223
68224
68204
68202
68200
68171
68201
68170
68173
68218
68164
68160
68163
68161
68158
68168
68155
68156
77806
77805
77002
77808
77807
68167
68166
68157
68159
67492
67493
67490
67491
67554
67553
67555
67544
67556
67543
67538
67539
67540
77001
67533
67537
67552
67550
67551
76996
76995
67532
77809
77815
77814
77818
77817
76993
77000
67530
77813
67527
67528
76415
67534
67536
67535
67482
67529
67470
67506
67444
76999
76998
77812
77811
76997
67471
67473
67531
67549
67481
67478
67480
67475
67476
67488
67477
67467
67474
67468
67479
67489
68162
68165
68169
68172
68203
68217
67573
68220
67574
68226
67565
67559
67558
67545
67541
67542
67546
76994
67547
77822
77819
67366
67386
67509
67392
67385
67361
67384
67360
67364
67363
67497
67498
67500
67499
67502
67504
67503
78592
76990
67358
68205
120220
120219
60339
60340
120226
120227
120222
120221
77032
77031
60363
60348
60362
60347
120206
60346
60345
120205
60349
60352
60351
77038
69184
69178
69186
69179
69187
68725
68567
78815
68569
68568
68649
68650
68645
68653
68654
68660
77246
68664
68646
68644
68662
68661
68652
68656
68658
68673
68672
68657
68655
68663
68585
68586
68648
68647
68651
68571
68572
68584
68583
68574
68573
68570
68659
68347
68779
77791
68778
68354
68356
68794
68796
68795
68804
68807
68824
68825
68793
68821
68822
68820
68823
68828
68818
68827
68833
68835
68834
68830
68831
68592
68582
68581
68579
68577
68578
68817
68814
68789
68788
68786
68787
68777
68776
68780
68781
68783
68782
68785
68576
68580
68826
68829
68819
68816
68815
68790
68808
68837
68842
68847
68848
68849
68851
68841
68839
68840
68850
68844
68845
68855
68846
77792
68811
68812
68813
68843
68809
68838
68810
68806
68801
68799
68800
68802
68803
68798
68797
68805
68792
68791
68355
