3589
181306
185698
186033
181320
181321
181419
181420
185205
181427
181425
181426
179443
179444
179514
179517
173882
174994
176656
176655
179467
179473
179472
179474
179481
179507
179509
181033
181087
181332
181330
179528
179532
179529
181331
181333
181326
179522
179525
181324
181322
181323
179518
179519
179520
179521
179524
179523
181090
181088
181327
181089
181097
181098
181096
181095
181104
181414
181412
181413
181409
181408
181107
181108
181106
181297
181299
181304
181303
185829
181305
181302
181301
181290
181288
181289
181287
181284
181285
181286
181283
181241
181242
181293
181294
181292
181274
181183
181276
181291
181277
181278
181265
181264
185827
185828
181266
181273
181251
181252
181255
181263
181295
181279
181280
181281
181257
181051
181052
181070
181074
181072
181071
181259
181260
181269
181272
181270
181271
181063
181062
181017
181018
181061
181059
181060
181058
181083
181084
181068
181282
181296
181267
181110
181065
181066
181069
181067
181082
181077
181092
181093
181094
181099
181102
181100
181101
181027
181081
181076
181078
181079
181085
181057
181055
181026
181025
181023
185590
181024
181075
181012
179480
179479
181014
181015
181007
181008
181002
181009
181010
179464
179463
179454
179455
179404
179403
179460
179461
179465
179466
180982
180981
181001
181006
181005
181021
181022
181054
181050
181049
181046
181044
181043
181041
181040
181039
181000
180978
180977
180980
180983
180999
180997
181047
181064
180998
181036
181037
180996
180995
180993
180994
181032
180987
181028
181029
181030
181031
180988
181038
180939
180940
180992
181045
181048
181042
181020
181011
181019
181004
180979
179438
179402
179462
174968
174970
174969
181003
179478
179477
181013
181016
181056
181258
181073
181053
181034
181035
181256
181137
181250
181262
181261
181268
181300
181298
181111
181105
181410
185327
185326
181411
181109
181103
181325
179530
181091
181329
181086
181080
179531
179508
179476
179450
179475
179449
179448
179447
179445
179446
179469
179471
179470
179468
173883
179387
181180
181193
181275
181182
181181
179435
201973
201974
201981
202027
202033
214757
202031
202032
202047
214804
202048
213728
214802
214796
214799
214798
214797
214801
214800
213727
213750
213737
214806
213738
214805
213731
213736
213735
213757
213756
213774
213776
213788
213793
213787
213764
213770
213769
213771
213772
213743
213717
213716
213718
213765
213766
213767
213715
213706
213705
213700
213710
213741
213742
213747
214823
213699
213698
213697
213690
213691
213696
213720
213724
214795
213722
214794
214793
213695
202034
202040
214792
214791
202016
202024
213694
213692
213693
213711
213719
213768
213708
213709
213713
213714
213761
213763
213762
213775
213773
213746
213723
202049
202039
202035
214803
202043
202025
202030
202029
202026
202028
202044
202046
202045
201980
201982
201979
201976
202036
213704
198896
201966
198897
202015
202021
202022
202020
202023
202019
201627
201628
201800
198914
198915
198916
201985
209746
201988
201964
201963
201960
209743
209745
201961
201962
201959
201987
209747
209852
209853
209751
209856
209862
209863
209864
209865
209859
209858
209857
209750
209744
209753
209754
209752
209734
209735
209733
201978
201977
209861
209749
209730
201975
179394
179410
179458
179456
179497
179498
179494
179511
179512
179527
179513
179516
179515
179503
179526
179502
179500
179495
179510
179501
179506
179493
179452
179453
179451
179457
179459
179440
179482
179496
179499
179504
179557
179558
179556
179559
179574
179573
179577
201901
201903
201904
201905
201908
201909
201910
202008
202011
213701
213702
213703
213712
181371
181375
181365
181383
181366
181367
181380
181338
181340
181341
181373
181368
181369
181342
181347
181350
181372
181349
181328
179582
179581
181348
179560
179562
179563
179571
179564
179570
179575
179576
181334
181336
181335
181357
181356
181359
181358
181362
181377
181381
181382
181361
179546
179545
179547
181345
181344
181343
181346
181337
179548
179549
179550
179551
179552
179553
179554
179565
179566
179561
181339
181376
181374
181370
213689
213688
202018
202010
202017
202013
202014
202012
201999
202002
202001
202000
201994
201972
201969
201971
201970
201955
201965
201956
201958
201957
201954
201849
201846
201950
201949
201948
201947
201844
201836
201835
201834
201832
201813
201822
201812
201821
201828
201824
201826
201825
201820
201819
201815
201816
201802
201807
214401
214524
201801
201805
201806
201759
201757
214471
201758
201724
214593
201721
201717
201718
201756
214505
214506
214592
201755
209748
201722
201723
201779
201719
201713
214837
201804
201714
201760
201814
201818
201817
201811
201810
201918
194794
201808
194795
201823
201830
201829
201831
201833
201827
201845
201837
201841
201839
201838
201840
201843
201847
201842
201848
201951
201967
201953
201952
201943
201942
201929
201944
201984
201991
201993
201992
201990
202007
202005
201906
201983
201937
201938
201933
201934
201935
201940
201927
194793
194792
201923
201924
201917
201921
201922
201912
201911
201913
201914
201916
201915
201871
201870
201877
201878
201889
201890
201894
201892
201896
201888
201891
201893
201897
179542
179541
179567
179538
179543
179537
179540
179534
179536
179535
201884
201883
201880
201882
201881
201868
201866
201863
201860
201861
201862
201867
201773
201771
201768
201769
201766
201775
201774
201765
201754
201753
201763
201767
201764
201762
201770
201853
201854
201855
201856
179488
194520
179485
179486
179442
179611
201851
201748
179484
201852
179487
194519
201772
201747
201761
201858
201857
201859
201865
201875
201874
201879
201864
179489
179490
179492
179539
194549
194550
179533
201886
201885
201887
201873
201872
201876
201919
201936
201869
201776
201778
201777
201920
201932
201931
201895
201900
201902
201989
201986
201939
201945
201941
201928
201925
201930
201926
201968
201946
201995
201996
201998
194828
201997
194829
202009
202006
179583
179580
179579
179568
179569
201907
201899
179578
201898
179572
179544
179555
179505
179491
179483
179439
179441
179409
179395
179396
181386
181387
181388
179397
179398
181384
213707
181385
181391
181417
181435
181407
181392
180915
180916
181393
181394
181402
181404
181403
181395
181401
181396
181398
181400
181399
181397
181405
181432
181433
181434
181406
181463
181438
181436
181772
181437
181781
181415
181418
181428
181442
181764
181354
181355
181351
181363
181364
181360
181378
181379
181352
181353
181416
181441
179382
179399
185763
179400
179406
179405
181389
181440
181439
181429
181784
181785
181788
181430
181431
181462
181461
181390
181454
181456
213779
213749
213748
213759
213758
213800
213801
213755
202050
202052
213794
213795
213796
213732
213740
213798
213799
213752
213754
213753
213739
213751
209879
213797
209878
209883
209881
209884
209880
209877
202051
181466
185833
181467
181787
181827
181821
181822
181790
181789
181786
201618
201619
201620
201621
201780
201781
201809
198934
198935
202260
209895
205558
205559
209891
209893
209894
202041
202042
202037
209870
202038
209901
209902
209871
209869
209860
209867
209868
209866
209892
209855
205427
205428
209890
209887
209885
209875
209876
209889
209898
209897
209896
209882
209886
209903
209904
209899
209900
209888
213808
215103
182018
182062
182063
182050
182051
182832
182856
182844
182831
182833
182052
182053
182846
182845
182834
182842
185839
182841
182843
182857
182858
182065
182874
182066
182032
178618
182033
178619
182037
180502
180503
182064
181965
180536
181913
181914
180537
180538
180539
186121
182036
185807
182019
182020
182034
186005
182035
186017
186120
182069
182038
180534
180540
180535
186131
185960
185969
185961
185962
185972
185971
185974
173510
173511
185701
185973
185963
185964
185595
186035
185594
185609
185970
186034
185859
185965
185959
186077
186081
186078
186079
186080
186082
185858
185848
182929
181599
181598
181596
181597
181594
181595
185849
181592
181421
181422
181765
181727
181593
181591
181424
181771
181766
181809
181774
181773
181767
181763
181769
181423
182928
185957
185958
185851
182927
185954
185955
185956
185953
186102
186101
186103
186104
186105
185855
182821
182822
182921
182923
185669
182922
182823
182920
182934
182937
182938
182998
182997
183512
183536
183528
183529
183518
183519
183538
182973
182975
183000
182960
182974
183513
183514
182941
182918
182919
182787
182786
182785
182783
182784
182798
182799
182917
185936
182796
185938
182797
185937
182916
182914
182915
182788
182943
182942
182944
182789
182790
182932
182939
183012
181779
181780
183053
181803
181804
185975
185745
181770
181808
181778
182958
183013
183014
183054
182940
182947
182945
182955
182956
182957
182946
182933
182935
182936
182948
182999
182818
182819
181828
182792
182931
182930
182791
181760
181761
182802
185592
182800
182801
182685
182686
182757
182803
182805
182804
182756
182806
185740
185738
185739
185737
185850
185735
185863
185736
182807
182808
182809
185862
182810
185861
182811
182812
185728
182771
182769
182770
182772
185860
182773
182780
182762
182815
182817
182763
182764
182765
182813
182814
182766
182767
182768
182782
182781
182727
182820
185852
182924
182925
185856
185854
182926
185853
185857
177710
185838
181590
185837
185977
181504
181502
185734
181503
181499
181501
181741
181746
181745
181747
181748
181742
181751
181752
181750
181735
181729
181730
181668
181669
181671
181755
185599
185600
181756
181670
181697
181709
181708
181717
181754
181702
181703
181706
181659
181660
181661
181665
181639
181645
181664
181666
181726
181573
181572
181577
181576
181575
181574
181583
181662
181644
181640
181638
181658
181654
181707
181653
181719
181723
182665
182671
182677
182678
182681
182679
182683
182684
182680
182682
182724
182725
182728
182778
182776
182777
182774
182816
182906
182907
182909
182903
182902
182748
182749
182750
182751
182738
182745
182752
182859
182860
182753
182862
182863
182847
182848
182849
182861
182838
182837
182836
182850
182880
182879
182854
182855
181795
183023
181796
182853
182852
182851
182839
182840
182754
182715
182714
182716
182729
185606
182730
182735
182733
182741
182742
182744
182743
182740
182739
182732
182734
182731
182719
182717
182737
182794
182795
182908
182904
182905
182793
182775
182736
182726
182720
182663
182664
181718
182703
182710
182824
182825
182830
186048
182828
182827
182835
182054
182826
182055
182694
182693
182696
182695
182697
182698
182708
182721
182722
182713
182712
182709
182700
182699
182060
182041
182043
182701
182044
182045
182692
182691
182702
182707
182705
182706
182704
182687
181606
181601
182688
182689
182056
182057
182058
182059
182829
182723
182718
182711
182690
181607
181699
181725
182666
182667
182669
182676
182675
182758
182759
182674
182672
182779
182673
182760
182761
182670
181713
181757
181758
181714
181715
181711
181712
181710
182668
181762
181724
181700
181652
181704
181705
181701
181698
181667
181663
181749
181716
181743
181744
185598
181753
181759
181736
181737
181738
181739
181740
181500
181733
181734
181731
181732
185193
185506
185976
185505
185517
186009
186011
185911
186010
185910
186008
185194
177711
185662
185665
185667
185668
185664
185663
185666
185661
185660
183009
181775
181776
181777
181807
181791
172901
174041
174042
174049
174043
174045
174046
173999
174001
174005
183586
174006
185877
174007
186143
186144
185874
185878
185885
185875
174002
174004
186016
174003
186018
173997
173998
173996
173993
173995
173994
174044
185884
185234
158653
174026
174031
174037
174036
174034
174035
174032
174033
161805
161804
185871
185872
174016
174038
185873
174017
174021
183572
185870
174023
174014
173980
173982
185237
185238
183659
183660
183658
183662
183663
182651
182652
183656
183661
183675
183674
183678
183684
183690
183693
183697
183694
183700
183702
183718
183719
183720
183645
183646
174030
174029
185236
185235
183637
183639
183640
183641
183642
183623
183622
183624
183638
183644
166508
172893
183706
183705
183704
183707
183708
174018
172896
174019
174020
174011
174012
183703
183687
174022
183688
172897
183643
183636
183635
183634
183701
183633
183631
183692
183691
183686
183682
183669
183681
183680
183482
183481
183670
183671
183672
183490
183488
183489
183487
183486
183501
183500
183499
183498
183666
183667
183664
183504
183503
183655
182615
182616
183494
183492
182600
182601
183479
183480
183478
182602
182576
182577
182574
182575
182573
182571
182572
182570
182569
182617
183493
183502
183497
183476
183477
183491
183679
183668
183683
183695
183696
183689
183685
183677
183673
183665
183657
182614
183676
173981
173979
174013
174015
172894
172895
174028
174027
158923
158654
182567
182568
172898
174039
174040
174047
177226
177227
177229
177228
183532
183533
183470
183495
183496
183475
183520
183527
183526
183521
183522
185631
183517
183530
183531
183508
183507
183511
182993
182996
183515
185630
183516
182978
182995
182986
182985
182983
182984
182980
182982
182981
183505
182887
182888
182885
182886
182884
182965
182899
182898
182959
182913
182910
182911
182912
182969
182961
182962
182963
182971
185607
182972
185608
182964
182900
182901
182747
182746
182869
182871
182870
182867
180332
180333
182868
182865
182864
182866
182889
182890
182979
182966
182967
182968
182970
182976
182977
182994
182987
183506
183510
183523
183524
183525
183509
183474
183471
183485
182578
183472
183582
183583
183587
183588
183592
183591
183547
183545
183546
183543
183544
183553
183554
183552
183584
183585
183548
183549
183550
183551
183484
183593
183594
183595
183596
183597
183598
183589
183626
183625
183464
183469
183590
183463
183465
183466
183467
183468
182579
182580
182894
182893
182897
182582
182584
182585
182586
182587
182588
182589
182590
182591
182592
177708
177707
186036
182872
182891
182873
182583
185741
185742
182593
186015
186023
186019
182892
182881
182883
183473
182882
183483
183699
183698
183630
183632
183629
183628
183627
183537
174101
174103
185880
185882
185881
174102
185883
178700
179170
179195
179204
179206
179209
179210
179350
179351
179356
179362
179363
179358
179346
179345
179344
179411
179420
179432
179431
179433
179434
179437
179436
180966
180972
180971
180974
180973
180975
180976
180968
180967
180984
180989
180990
180991
180934
180935
180938
180932
180930
180937
180986
180929
180931
180926
180914
180927
179313
179314
179333
179337
179315
179316
179336
179317
179318
179335
179324
179341
186007
179311
179312
179340
179308
179339
179407
179408
179412
179338
179413
179307
179310
179325
179326
179135
179128
179129
179274
179349
179275
179201
179202
179180
179179
179177
179343
179176
179131
179130
179334
179332
180936
180985
180928
179425
179426
179427
180969
180970
180965
179430
179388
179393
179414
179416
179417
179392
179391
179422
179423
179390
179375
179385
179386
179383
179384
179389
179424
179185
179184
179186
179380
179381
179378
179379
179401
179183
179182
179376
179377
179189
179374
179373
179369
179370
179360
179222
179220
179221
179217
179218
179219
179198
179199
179200
186115
179191
179190
179171
179172
179173
179174
179175
179160
179159
179216
185553
179215
179158
179161
179162
179181
179157
179188
185554
179196
179197
179212
179214
179354
179213
179207
179192
179194
179368
179367
179365
185325
179366
185324
179364
179421
185591
179371
179372
179187
179429
179415
179418
179428
186122
186123
186124
179419
179309
179357
179361
179359
179355
179347
179352
179353
179348
179342
179211
179208
179178
179203
179193
179169
179132
179205
179228
179233
179133
179134
179259
179260
177702
177703
180962
180959
180953
180960
180954
180955
180956
180958
180946
180207
180208
180219
185659
180220
180221
180222
180885
180895
180893
180894
180214
180215
180892
180896
180891
180889
180248
180249
180246
180244
180243
180226
180227
180228
180229
180230
180233
180236
180871
185586
180888
185588
180232
180879
180880
180883
180886
180906
180905
180903
180902
180923
180922
180925
180924
180948
180898
180947
180900
186180
180897
180941
180933
180913
180912
180911
180910
180909
180907
180919
180899
180921
180908
180918
180901
180917
179323
179322
179328
179330
180877
180874
180872
180873
180234
180875
179289
179291
185582
179302
179301
179296
179295
179273
179272
179271
179270
179277
179279
179280
179266
179267
179245
179265
179247
179254
179255
179256
179257
179264
179287
179286
179297
179304
179305
179319
179320
179331
179329
179298
179283
179306
179285
179303
179288
179261
179284
179282
179263
179258
179248
179249
179250
179238
179088
179089
179226
179225
179235
179224
179223
179227
179139
179137
179123
179124
179126
179125
179138
179122
179103
179136
179101
179049
179050
179048
179102
179051
179052
179098
179121
179127
179116
179117
179118
179119
179104
179105
178701
179109
179110
179112
179113
179114
179115
179111
179085
179086
179165
185321
179168
179164
179166
179167
179155
179154
179152
179153
179151
179150
179156
179143
179142
179149
179163
185551
179148
179147
178703
178702
178704
179141
179140
179075
179144
179074
179093
179076
179077
179067
179068
179071
179064
179065
179073
178821
178817
178818
178819
186160
186159
178816
178814
178815
186158
178813
179061
179060
179069
179070
179079
179082
179081
179084
179083
179078
178812
178728
178823
178727
179045
185322
179046
185323
179044
179055
179043
179042
179095
179096
179094
179091
179092
178922
178923
178997
178887
178888
178889
178886
178986
178993
179009
179030
179029
179028
179027
179276
179022
179281
179023
179003
179005
179004
179019
179024
179031
179036
179035
179032
179034
179292
179033
185585
185581
185584
179021
179017
179037
179018
179015
179013
179012
179039
180200
180201
180196
180225
180197
180198
180199
186031
178975
180202
180218
180203
180204
178976
180209
185383
178969
185384
178970
180210
178958
178960
178961
178827
178829
186116
178830
178831
178951
178952
178953
178954
178943
178832
178833
178834
178950
178835
178949
178836
178903
178948
178972
178974
178973
178940
178917
178918
178941
178979
178937
178977
178985
178947
179002
178983
179001
186183
178982
178988
179006
179007
178978
179000
178998
178999
178980
178981
178900
178984
178895
185550
178896
178897
178939
178898
178899
178938
178893
178894
178931
178936
186182
186181
178934
178935
178955
178916
178914
178915
178906
178907
178908
178746
178905
178747
178748
178749
178892
178930
178932
178928
178929
178933
178884
178885
178890
178882
178883
178872
178873
178878
178874
178877
178796
185549
178792
178797
178798
178793
178794
178719
178720
178721
178722
178723
178875
178876
179040
179041
178881
178902
178724
178716
178795
178717
178718
178715
178777
178779
178778
178738
178799
178800
178739
185548
178740
185733
178741
178790
178791
178772
178773
178776
178781
178775
178782
178788
178783
178784
178785
178789
178774
178751
178750
178699
178707
178708
178688
178736
178737
178690
178691
178692
185311
178694
186032
178693
178689
178695
178696
178735
178711
178710
178709
178732
178733
178698
178697
178730
178731
178734
178780
178712
178729
178714
178801
178891
178904
178828
178842
178964
178965
178966
178963
178968
178967
186006
178841
178959
178971
178942
178944
178946
178945
179011
179014
179025
185552
179016
179008
179020
185583
178991
178992
179239
179240
179237
179241
178919
178989
179026
179010
178990
178987
178920
178901
178879
178924
178926
178927
178994
178996
178995
178925
186030
179056
179057
178880
179053
179054
178725
178726
179058
179059
178811
179063
179062
179066
179072
178820
178822
179146
179145
178705
179087
179080
179107
179106
178706
179108
179120
179099
179100
179047
179097
179090
178921
179244
179234
179229
179230
179231
179232
179246
179253
179252
179251
179242
179236
179243
179278
179268
179269
179262
179294
179300
179299
179327
179321
180881
180755
180904
180882
185587
180878
180876
180231
179290
179293
179038
180195
180217
180235
180241
180242
180245
180247
180890
185589
180216
180887
180884
180211
180223
180224
180212
180213
180194
180206
180942
181112
180943
180964
180950
180949
180952
180951
180957
180945
180944
180961
180963
180205
199259
201740
201738
201741
201739
201737
201736
201728
201729
201727
201742
201746
201850
201745
201744
201743
201735
201734
201732
201733
201731
201730
201725
201673
201662
201665
201666
201667
201668
201686
201689
201703
201749
201750
201706
201707
201751
201752
201708
201720
201711
201712
201527
201695
201696
201700
201692
201691
201688
201683
201690
201682
201524
214597
201523
201526
201525
201529
201530
201693
201697
201698
201716
201715
201694
201531
199265
199266
201679
201685
201678
214594
201522
201521
201520
201519
201516
201659
201517
201518
201652
201657
201671
201670
201669
201650
201654
201651
201643
201648
201647
201646
201644
201645
201642
201508
201509
201511
201510
201512
201649
201656
201655
201514
201513
201515
201528
201710
201709
201702
201701
201699
201687
201684
201677
201664
201663
201661
201660
201653
201658
201672
201674
201675
201676
201704
201705
199260
181130
174000
173431
173430
173432
174099
181132
181133
174110
174109
174124
174008
181131
185389
181129
181134
181117
181118
181135
181206
181207
181208
181205
181126
180337
180338
181158
180328
180330
180339
180340
180320
180325
180331
180347
180350
180353
180357
180358
180359
180352
180349
180695
180712
180713
180354
180355
180694
180348
180356
180321
177548
177549
177550
180327
180334
180342
180343
185386
180341
180335
180315
180316
180336
185385
180326
177551
177547
180696
180669
180699
180709
180708
185387
180705
180707
180706
180710
180741
180711
180738
180740
180739
180701
180754
185580
180752
180751
180816
181528
181510
181511
181527
181525
181532
181534
181535
181536
181563
181627
181629
181633
185593
181631
181632
181636
181646
181648
181651
181655
181656
181694
185597
181657
181681
181680
181695
181720
181677
181678
181721
181683
181688
181691
181722
181692
181693
182661
182662
182659
181611
181612
181613
181614
182658
181685
181684
181620
181621
181622
181635
181617
181619
181618
181616
181615
181610
181609
182660
181686
181608
181687
181682
181689
181696
181679
181674
181673
181675
181690
185596
181650
181649
181643
181642
181641
181567
181566
181630
181565
181564
181647
181637
181634
181623
181625
181624
181628
181600
181626
180742
181562
181556
181559
181560
181568
181570
181582
181580
181581
181552
181555
181547
181549
181548
181545
181550
181551
181544
181557
181558
181542
181524
181517
181516
181515
181513
181540
181541
181512
181514
181539
181531
181495
181494
181509
181529
181508
181496
181487
181490
181489
181493
181236
181233
181247
181246
181254
181497
181498
181253
181319
181316
181317
181520
181521
181522
185846
181308
181309
181586
185842
181588
185841
181589
185840
181587
185843
185845
185844
181315
181312
181192
181190
181191
181202
181204
181203
181200
181201
181310
181311
181307
181314
181318
181313
181199
181197
181198
181195
181196
181194
181234
181235
181488
181506
181492
181491
181523
181519
181518
181546
181505
185702
181579
181578
181554
181553
181569
181571
181584
181585
181561
181543
181538
181537
180744
180745
180746
180747
181533
181530
181507
181479
180704
180703
180702
181526
180753
180748
180700
180698
180714
180689
180691
180717
180733
180686
180688
180716
180715
180687
186099
180697
177539
177540
177545
177546
177541
177542
177544
177543
180322
180351
180323
180324
180319
180318
180329
181125
181127
180692
180693
181156
181223
181157
181114
181210
181470
181478
181477
181473
181474
181472
181480
181225
181228
181227
181476
181486
181485
181484
181483
181243
181249
181245
181244
181239
181142
181143
181144
181238
181237
181230
181231
181177
181178
181179
181172
181171
181188
181189
181187
181186
181169
181173
181176
181174
181175
181168
181166
181167
181165
181170
181217
181213
181214
181215
181216
181212
181232
181222
181221
181220
181218
181219
181164
181161
181159
181160
181163
181155
181140
181141
181154
181153
181152
181151
181149
181150
181148
181147
181162
181185
181184
181229
181145
181146
181139
181240
181248
177532
177533
181475
181138
181224
181226
181482
181481
181471
181209
181469
181211
181123
181124
181122
181120
181121
181113
181136
181119
181115
181116
181128
180690
180732
180730
180737
180749
185810
185813
185811
180862
180861
185809
185812
180834
180835
185808
180838
180837
180850
180851
180855
185328
180856
180870
180869
180858
180859
185806
185804
181602
181605
181604
180848
181603
180857
180853
180854
181672
185803
182046
182047
185805
182067
182068
182023
182021
182040
182049
180867
180868
182061
182042
180865
180866
180840
180841
180842
180843
182029
182027
182028
180845
180846
180833
180830
180863
182024
182026
182025
180831
180832
180821
180844
182039
182022
182048
180864
180852
180847
180849
180836
180743
185329
180860
180822
180750
186100
178674
185313
185312
178808
178807
185310
178809
185379
185381
185380
178810
185315
185378
185316
178663
186114
178664
178661
178662
178680
178679
178675
178676
178678
178677
185547
178673
185314
178803
178805
185305
178806
185304
178804
178870
185306
178869
185307
178868
178753
178744
178745
178743
178742
178754
185309
178667
178665
178666
178871
178683
178686
178771
178770
178769
178768
178767
178765
178766
178764
178763
178682
178687
178685
178684
178681
178839
178909
178910
178911
178912
178913
178962
178838
178837
186157
178757
178756
178758
178759
178760
178840
178761
178762
178755
185308
178668
178669
178670
178752
178671
178802
178672
