3733
44410
44411
44486
44489
44493
44494
44506
44507
44508
44516
44518
44755
46274
44525
44524
44526
44760
44761
44775
44762
44517
44496
44511
44519
44520
44522
44515
44523
45570
45606
45892
45894
45893
45896
45891
45895
45612
45632
45900
45901
45902
45911
45912
45913
45915
45921
45951
45955
45960
45961
45959
45957
45956
45923
45922
45926
45962
45963
45908
45907
45927
45958
45918
45917
45924
45920
45916
45919
45914
45640
45903
45904
50338
50339
50335
45905
45906
50336
45638
45639
45637
45631
45636
45629
45628
45630
45635
45607
45618
45619
45597
45596
45594
45583
45595
45622
45625
45623
45626
45602
45624
45604
45690
45691
45692
45693
45678
45670
45672
45673
45677
45671
45558
45560
45559
45554
45553
45545
45551
45550
45513
45511
45510
45512
45490
45489
45494
45493
45525
45534
45555
45556
45665
45541
45557
45642
45643
45544
45540
45535
45526
45527
45533
45537
45523
45484
45485
45486
45487
45519
45524
45520
45495
45542
45488
45492
45491
45548
45514
45543
45666
45669
45667
45668
45656
45654
45652
45653
45655
45664
45659
45662
45593
45660
45603
45645
45644
45591
45592
45657
45641
45649
45650
45663
45648
45646
45647
45536
45538
45522
45528
45530
45529
45482
45531
45585
45589
45588
45584
45586
45478
45479
45480
45477
45481
45468
45516
45517
45469
45521
45518
45532
45587
45600
45658
45651
45539
45661
45601
45599
45616
45617
45620
45582
45579
45580
45577
45578
45581
45574
45571
45575
45608
45611
45614
45598
45621
45627
45634
45633
50316
45610
50309
45609
45933
45615
45613
45573
45572
45569
45567
45568
45605
44510
44509
44527
44514
44513
44512
44495
44491
44490
44492
44487
44488
44412
44414
44408
44409
45449
45455
45445
45446
45457
45458
45461
45566
45476
45576
45464
45470
45473
45474
45475
45465
45467
45466
45483
45273
45272
45471
45459
45447
45565
45564
45563
45562
45452
45450
45456
45460
45472
45453
45448
45451
45444
45454
44413
45561
45679
45705
45696
45695
45694
46040
35493
35494
45723
45722
46007
46010
46017
46019
46024
46057
46056
46039
46036
46035
46037
46042
46032
46031
46029
46028
45992
45994
45993
45996
45997
46002
46003
46005
46033
46001
46004
45989
45988
45981
45990
45991
45980
45972
45973
45976
45978
45979
45910
45909
45703
45700
45699
45702
45986
45987
46008
45999
45998
45984
45985
45982
45701
45718
45712
45714
45720
45716
45717
45726
45727
46011
46116
46126
46127
46153
46156
46130
46152
46059
46027
46128
46129
46117
46123
46120
45853
45840
45845
45850
46115
45849
45848
45728
45724
45846
45689
45688
45682
45686
45800
45804
45837
45790
45789
45676
45765
45764
45760
45750
45751
45762
45675
50323
45761
45674
45680
45681
45687
45847
45838
45839
46118
46114
46023
46022
46015
46012
45730
45729
45725
45715
45685
45709
45684
45683
45706
45707
45708
45713
45710
45711
45697
45698
45704
45983
45977
45925
45995
46030
46034
46026
46025
46020
46021
46018
46014
46016
46013
46009
46000
46006
45719
45721
45590
125183
125229
125197
125211
125231
125212
125253
125254
125264
125268
125269
125258
125267
125266
125581
125582
125583
125585
125584
125590
125592
125591
125599
125588
125589
125571
125570
125579
125559
125569
125557
125558
125471
125548
132438
132441
132440
125549
125556
125472
132439
125580
125578
125573
125575
125550
125576
125574
125554
125553
125551
125552
125555
125626
125265
125577
125300
125301
125232
125246
125245
125261
125262
125293
125294
125292
125297
125298
125299
125304
125328
125331
125334
125337
125319
132552
125329
125320
125321
125322
125362
125323
125316
125318
125314
125336
125333
125912
125332
125330
125307
125306
125305
125303
125295
125302
125290
125296
125282
125288
125283
125285
125289
125312
125313
125286
125284
125287
125281
125278
125277
125276
125274
125252
125250
125247
125248
125279
125263
125291
125251
125233
125260
119829
119830
125594
125596
125611
125926
125927
125928
125930
125931
125964
132355
125940
125970
125944
125955
125943
125941
125942
125957
125939
125954
125938
125936
125935
125925
125923
125934
125929
125924
125603
125607
125602
125604
125605
125587
125909
125910
125911
125918
125919
125921
125950
125937
125933
125932
125920
125922
125917
125606
125586
125600
125601
125593
125913
125914
125280
125308
125311
125315
125317
45441
45443
125372
125401
125405
125406
125352
125399
125400
125403
126685
126746
125402
125404
125373
125369
132548
132550
132551
132549
125366
125324
125367
125363
125364
125371
125370
125365
125339
125338
125335
125341
125343
125344
125345
125374
125375
125380
125376
125342
125325
125326
125340
125327
125368
45442
132544
132545
132546
132547
125915
125956
125916
125945
125958
125971
125973
125974
125977
125978
126081
126082
126086
126085
126092
126093
126027
126026
126025
126024
126075
126022
125981
125961
125980
125962
125965
125959
125960
126141
126142
126154
126155
126157
126158
126687
126740
126747
126744
126745
126748
126761
126801
45364
125309
125310
45098
125127
125120
125121
125128
125152
125166
125167
125168
125171
125184
125186
125194
125195
125227
125228
125249
125196
125175
125173
125170
125169
125172
132561
125176
125185
125151
45147
125153
125188
125189
125191
125193
125220
125222
125223
125235
125237
125240
125242
125241
125160
125270
125271
125159
125239
125236
125238
125224
125225
125230
125226
125234
125221
125158
125154
125192
125190
125187
125157
125155
125156
45158
45145
45146
45142
45183
125161
125163
125162
125164
125272
120190
126007
126005
126008
126017
126018
126019
126023
126070
127002
127003
127009
127010
127011
127012
127013
127006
127042
126995
127004
127005
127008
132363
132362
127007
127000
126997
126998
126064
126065
126063
126058
126066
126067
126999
126074
126072
126073
126059
126057
126041
126038
126042
126043
126040
126044
126054
126050
126048
126053
126047
126993
126052
126992
126716
126996
126733
126737
126732
126734
126738
126772
126773
126771
126729
126728
126769
126723
126768
126725
126751
126752
126750
126694
126741
126686
126692
126677
126678
126688
126689
126690
126695
126696
126691
126700
126717
126701
126703
126721
126726
126708
126707
126706
126711
126712
126710
125451
125452
125454
126713
126698
126046
125453
125447
125448
125449
125435
125431
125434
126012
126031
126015
126014
126013
132533
126001
126010
125997
126000
125392
125391
125393
125394
125397
125398
125429
125428
125426
125425
125436
125427
125445
125438
125442
125439
126676
125440
125437
125441
125412
125415
125421
126681
125422
126680
126679
126674
125417
125419
125416
125413
125409
125407
125408
125410
125420
125418
125414
125411
125424
125423
125395
125383
125387
125381
125382
125384
125385
125386
125396
125390
125389
125379
125377
125378
125388
125998
125995
125994
125949
125948
125947
125946
125951
125952
125953
126002
125999
125996
126011
126020
126033
126032
126009
125432
125433
125430
125450
125446
125444
125443
126709
126704
126705
126702
126682
126684
126683
126675
126693
126697
126724
126718
126722
126719
126720
126727
126770
126735
126730
126731
126736
126714
126715
126699
126051
126045
126029
126030
126028
126049
126039
126037
126035
126034
126069
126036
126071
126060
126056
126055
126061
126062
126994
126068
126742
132535
127001
126004
126003
120223
120191
126016
126006
126021
126749
126766
129558
126753
126754
126774
126775
126830
132582
132584
132583
132572
126832
132585
126831
45438
125349
126626
126635
126636
126646
132361
126648
126647
126650
126652
126654
126739
126743
126660
126653
126659
126658
126663
126664
126665
126667
126671
126672
126757
126755
132567
126756
126760
126792
126793
126795
126802
126803
126816
126819
126820
126822
126853
126854
126855
126827
126821
126799
126796
126783
126780
126794
126778
45832
126779
45821
45828
45819
45820
45817
45818
126777
126759
126762
126763
126758
126673
45816
45815
45813
45814
45812
45810
45809
45788
45787
126668
126776
126669
45785
45784
45768
45775
45776
45777
45780
45782
45781
126661
126657
126655
126656
45773
45772
45771
45770
45758
45759
45779
45774
45757
45778
45783
45786
45808
126670
126666
126662
126643
126642
126641
126651
126649
126644
126645
126638
126639
126640
126633
126630
126629
126631
125358
125357
125354
125355
125360
125361
125351
125359
125356
125353
125348
125347
125350
126632
126628
126637
126634
126627
125346
45763
45766
45792
45794
45795
45796
45811
45822
45856
45858
45859
45867
45869
45872
46132
46138
46148
46150
46151
46169
46171
46147
46140
46141
46142
46144
46143
45889
45887
45886
45885
45874
45875
45877
45879
45883
45884
126852
126791
126789
126818
126817
126851
126790
45866
126785
126787
126786
126788
126782
45865
45835
126784
45863
45862
45861
45833
45831
45829
45834
126781
45827
45825
45824
45769
45878
45876
45864
45873
45871
46134
45882
45880
45888
45881
46135
46146
46149
46145
46137
46125
46122
46139
46136
46133
46124
46121
46119
45855
45852
45851
45844
45843
45841
45807
45823
45805
45806
45798
45797
45802
45801
45803
45870
45868
45854
45860
45842
45857
45830
45826
45799
45793
45791
45767
45756
126809
126810
126764
126765
126804
126806
126808
126807
126805
126798
126797
126800
126814
126815
126767
126811
132312
132313
132314
126864
126865
126873
126870
126856
126859
126860
126861
126867
129568
129569
127409
126928
126929
126932
126933
126934
126931
126812
126824
126813
126823
126828
126825
126826
126857
126829
126858
126862
126863
132390
126869
132578
126868
126926
126889
126888
126866
44389
43472
43473
43475
43474
43478
43476
43477
43479
45229
45270
45271
45462
45463
35705
37190
45321
45346
45320
45318
45322
35706
45349
45440
45363
45323
45324
45362
45325
45178
45184
45185
45186
45310
45311
45308
45309
45296
45312
45313
45317
45343
45331
45329
45330
45335
45338
45339
45341
45355
45342
45370
45376
45383
45388
45391
45398
45399
45401
45402
45429
45427
50504
45431
45432
45403
45430
45426
45425
45415
45414
45396
45395
45385
45382
45397
45400
45392
45393
45361
45359
45390
45360
45358
45351
45350
45356
45352
45353
45345
45348
45347
45344
45389
45394
45357
45384
45354
45375
45336
45340
45337
45334
45333
45332
45326
45369
45368
45372
45367
45371
45373
45374
45386
45268
45267
45302
45327
45269
45328
45306
45304
45307
45319
45316
45314
45315
45305
45297
45408
45274
45277
45282
45283
45285
45731
45732
45745
45741
45743
45742
45753
45740
45752
45755
45738
45424
45736
45423
45416
45417
45439
45754
45437
45737
45739
45744
45746
45747
45748
45515
45749
45547
45552
45549
45501
45498
45497
45499
45500
45496
45279
45281
45503
45546
45504
45506
45507
45508
45502
45509
45735
45733
45734
45413
45409
45387
45380
45406
45405
45411
45404
45378
45379
45381
45407
45410
45412
45505
45284
45280
45278
45276
45275
45418
45422
45421
45420
45434
45435
45436
45433
45428
45419
45086
45108
45125
45126
45162
45163
45175
45176
45179
45180
45177
45182
45181
45155
45151
45141
45140
45143
45138
45137
45133
45131
45132
45130
45129
45139
45149
45148
45144
45154
45150
45153
45165
45166
45167
45124
45121
45152
45122
45123
45117
45106
45136
48324
45134
45135
45127
45128
45107
45105
45156
45157
126955
126956
126959
45890
46201
46202
46204
46206
126906
126907
126908
126909
126913
46212
126944
126946
132399
126947
46210
46213
126945
126951
126952
126954
126953
46230
46222
46226
46225
50324
50325
46220
46224
50327
46223
50326
46195
46198
46216
46217
46214
46215
46218
46192
46196
46194
46197
46184
46193
46182
46191
46186
46176
46185
46175
46172
46173
46178
46180
46183
46179
46170
46174
46181
46221
46229
126950
126971
126984
126985
126972
126973
126974
126961
126960
126949
126948
126916
126917
126915
46219
46211
126914
126912
126911
126927
126910
126905
126902
126903
126901
126900
126898
126872
126896
126897
126871
126876
126875
126874
46207
46208
46209
126904
126899
46205
46203
46177
127305
124073
124072
127943
127938
127940
127893
127934
127935
127939
127886
127897
127898
127937
127950
127890
132532
127895
127896
127268
127885
127889
127265
127310
127255
127271
127253
127254
127252
127884
127894
132401
127930
127929
127933
127918
127883
127882
127936
127302
127204
127304
127945
128062
128065
128066
127272
127273
127303
120224
120228
120225
127891
127873
127872
127916
127914
127912
127913
127927
132389
127919
127924
128060
127921
127922
127920
127926
132391
132395
132397
132396
132394
132392
127925
127904
127905
127923
127906
127865
127866
127900
127861
127899
127858
127859
127848
126895
127846
127847
127845
127864
127868
127862
127863
127856
127870
127910
127902
127908
127855
127854
127850
127852
127857
127880
127881
132541
127878
127876
127875
127877
127888
127887
127874
127853
127260
127259
127261
127258
127257
127251
127264
127250
127240
127248
127249
127263
127244
127247
127203
127246
127245
127086
127201
127202
127199
127200
127198
127239
127241
127242
127194
127193
127196
127179
127176
127177
127220
127223
127232
127235
127237
127234
127231
127225
127221
127217
127213
127215
127216
127214
127171
127211
127206
127207
127209
127210
127226
127842
127843
127230
127228
127229
126894
126882
126881
126890
126892
126919
126920
126921
126925
126941
126942
126966
126965
126976
126963
126964
126967
126957
126962
126938
126937
126936
126930
126935
126939
126940
126924
126923
126891
126918
126879
126877
126847
126846
126845
126842
126843
126844
126878
126848
126849
126837
126880
126883
127162
127163
127168
127169
127165
127166
127167
127161
127173
127158
127184
127185
127187
127186
127189
132485
127182
127077
127079
127181
127183
127084
127081
127080
127078
127075
127073
127072
127065
127066
127060
127063
127049
127047
127050
127045
127048
127058
127043
127044
127046
127054
127057
127155
127156
127159
127154
127153
127152
126841
126839
126840
126838
126836
126834
126835
127051
127151
127053
127052
126833
127027
127059
127061
127069
127040
127039
127030
127034
127038
127018
127035
127036
127037
127041
127068
127016
127017
126080
127015
126078
126079
126076
126077
127023
127024
127025
127028
127026
127029
127032
127031
127021
127020
127019
127022
127064
127055
127056
127067
127062
127070
127071
127180
127076
127074
127157
127172
127174
127160
127164
126850
126884
126885
127236
127224
126887
127208
126886
127175
127170
127212
127227
127222
127218
127219
127178
127192
127190
127195
127191
127085
127140
127136
127115
127118
127105
127113
127112
127111
127101
127103
126178
126181
126179
127102
132365
127114
127116
127110
127109
127108
127135
127137
127188
127083
127205
127243
127197
127256
127233
127238
127262
127267
127266
127879
127851
127849
127844
127841
126922
126893
126943
127901
126970
126978
126979
126977
126969
127860
127867
127903
127907
127909
127915
127911
127871
127869
127892
127917
127014
44875
41775
41776
41779
41780
41817
41818
41819
44865
44873
44872
43004
43005
43006
44877
43001
43003
43058
41777
41778
41795
50555
103052
103054
103056
103058
103057
103055
103071
103073
103072
103074
103069
103059
103061
103063
103065
103064
103066
103062
103060
103068
103067
103070
103053
41812
41701
50437
50434
50435
50436
50438
41773
41772
41748
41774
41791
41792
41796
41781
41800
41787
41801
41802
41805
41809
41814
41815
42986
41810
41813
41816
41811
41797
41794
41803
41793
41789
41786
41788
41806
41804
41790
41783
41736
35499
50266
35500
41743
50265
41726
41727
41725
41741
41740
41711
41739
45242
45228
45187
41708
41710
41709
41738
41737
41742
41744
41752
41753
41756
41755
41754
41760
41761
41768
42763
42764
42766
42772
42790
42791
42982
42980
42981
42984
42985
42988
42990
42987
42989
42993
42995
43007
43008
43014
43017
43018
43026
43032
43031
43029
43002
43000
43016
43028
43027
43040
43041
43046
43039
43034
43035
43024
43020
43013
43022
43025
43012
42923
42924
42921
42920
42915
42914
42917
42909
42913
42910
42916
43009
43010
42922
43021
42925
43036
43023
43019
43011
43015
42911
42912
42806
42802
42797
42796
42794
42793
42792
42997
42999
42996
42994
42991
42795
42983
42992
42998
42979
41808
42977
42978
42976
42975
42768
41807
41799
41782
41765
41784
41798
41785
41763
41764
41767
41771
41749
41747
41766
42788
42787
42789
42803
42805
42804
42904
42903
42905
42907
42906
42898
42896
42897
42899
42895
42900
42943
42942
42954
42967
43185
43189
43190
44466
44836
44788
44844
44824
44837
42908
42918
42919
43075
43076
44859
44263
44262
43221
43217
43219
43220
43218
43275
43283
42535
43284
43285
43286
43325
43328
43327
43329
43330
43332
43404
43416
43405
43406
43412
43413
43415
43414
43407
43401
43399
43400
43402
43397
43408
43398
43334
43338
43339
43333
43335
43321
43322
43280
43301
43299
43300
43292
43294
43291
43293
43057
43051
43049
43044
43050
43045
43288
43052
43289
43290
43296
43297
43194
43211
43212
43191
43192
43193
43188
43295
43298
43317
43318
43320
43281
41976
41975
45303
43403
43331
43319
43287
43316
43326
43213
43214
43727
43728
43223
43222
43282
43279
43276
42534
42400
42399
43043
50530
50529
43042
43210
43183
43182
43209
43181
42808
43180
43179
42810
43187
42809
42968
42960
42971
42972
43037
43038
42969
42963
42959
42970
42957
42944
42958
42956
43173
43174
42955
42951
42932
42930
42946
42948
43134
42949
43121
43122
43115
42881
42857
42858
42862
42877
42879
42880
42882
42874
42875
42876
42867
42868
42926
42928
42933
42934
42893
42891
42892
42833
42831
42832
42865
42863
42864
42866
42872
42871
42873
42861
42828
42829
42824
42859
42841
42834
42835
42838
42843
42842
42847
42845
42814
42820
42821
42816
42823
42744
42741
42743
42736
42742
42776
42775
42734
42731
42730
42729
42728
42726
42727
42725
42693
42692
42716
42718
42719
42717
42242
42224
42245
42241
42240
42228
42218
42226
42227
42219
42222
42220
41699
41695
41696
41697
41698
35687
35686
35685
35684
42686
42687
42690
42695
42688
42225
42223
42691
42694
42720
42689
42724
42738
42740
42811
42807
42721
42246
42306
42244
42243
42305
42302
42301
42303
42300
42299
42239
42237
42304
42238
42307
42313
42722
42723
42713
42709
42711
42714
42712
42732
42710
42704
42752
42702
42700
42703
42706
42705
42698
42699
42701
41735
41731
41732
42697
42696
41734
38957
42708
42707
42715
42733
42737
42735
42739
42815
42812
42813
42822
42827
42830
42826
42818
42778
42783
42784
42817
42819
42777
42779
42782
42758
42759
42760
42780
42781
42798
42885
42799
42800
42901
42887
42889
42770
42771
42761
42750
42751
42754
42755
42745
42746
42747
41757
41758
41759
42748
42756
42753
42757
42825
42869
42870
42878
42860
42853
42854
42846
42883
42945
42884
42927
42929
42931
42935
42939
42950
42952
42936
42937
42947
43172
42965
42966
42953
42941
42940
42938
42894
42886
42890
42888
42902
42801
42785
42786
42773
42774
42762
42765
42767
42769
42749
41769
41770
41762
41750
41751
41746
41745
41722
41719
41721
41720
41717
41733
41718
41716
35527
42844
42856
43302
43303
43304
43307
43305
43306
43309
43308
43389
41691
41690
43445
43452
50528
50527
41440
41442
41503
41654
41667
41686
41684
41681
41685
41669
41683
41668
41680
41687
41688
41689
41443
42570
41504
41694
41692
41693
43471
43459
43451
41441
43876
43457
43458
43441
43443
43444
43442
43424
43422
43423
43425
43418
43419
43323
43433
43429
43432
43431
43430
43324
43421
43435
43437
43436
43434
43420
43417
43336
43383
43384
43386
43388
43390
43450
43385
43387
36665
42553
43105
43104
43106
43116
43117
43108
43118
43125
43127
43130
43146
43149
43152
43155
43156
43229
43230
43227
43225
43224
42660
42658
42661
43232
43233
43252
43257
43258
43235
43234
43236
43237
43249
43261
43259
43260
43262
43264
43263
43255
43256
43253
43254
43244
42127
42128
50227
42206
43231
42667
42677
42682
42683
42681
42665
42666
42664
42657
42654
42655
42659
42585
42653
42584
42586
42582
42588
43150
43147
43142
43143
43140
43110
43112
43107
43103
43101
43100
36669
43109
43137
43139
42576
42559
42575
42574
42571
42572
42579
42580
42578
42557
42552
42558
42551
42330
42549
42333
42332
42548
42331
42550
42329
42325
42323
42324
42327
42328
42326
42314
42315
42310
42308
42309
50332
42311
42312
42316
42322
42319
42321
42320
43111
43138
43141
42583
42577
42581
42587
45266
42656
42589
43151
43153
43226
43228
43154
43148
43145
43144
43129
43114
43128
43113
43102
42851
43099
42855
42839
42848
42849
42840
42334
42836
42837
42850
42852
36668
36666
43119
43120
43126
43132
43133
43136
43131
43157
43158
43164
43239
43238
43247
43248
43246
43166
43169
43171
43241
43240
43242
43245
43202
43170
43168
43163
43196
43195
43176
43177
43175
43160
43135
43124
43162
43178
43184
43161
43165
43167
43159
43123
43197
43200
43201
43199
43206
43269
43273
43274
43216
43215
43272
43278
43251
43268
43243
43208
43250
43271
43277
43207
43270
43205
43203
43204
43198
41923
125082
125088
128740
125100
125101
125103
125109
125110
125117
125115
125124
125125
125126
125129
132560
123059
41929
45064
45065
45066
45075
45093
45094
45096
45095
41844
41845
41846
41457
50433
41458
41847
41871
41878
41877
41880
41881
41841
41842
41833
41882
41884
41920
41928
41926
45061
45062
45063
45070
45074
45072
45071
45068
45069
44911
44907
41917
41918
41925
41921
41911
41910
41907
41909
45060
45067
41927
41924
41922
41919
41908
41879
41883
44909
44910
41915
41916
37485
37488
45029
45033
45035
45039
45041
45049
45053
45056
45259
45298
45300
45301
45262
45263
45261
45258
45256
45257
45250
45253
45254
45288
45292
45299
45294
45295
45293
45290
45287
45291
45289
45286
45171
45172
45173
45174
45164
45159
45120
45118
45119
45116
45104
45113
45110
45112
45111
45109
45114
45160
45161
45043
45024
45042
45046
45048
45045
45047
45054
45057
45059
50563
45055
45025
45021
45020
45019
45010
45011
45018
45017
45102
45099
45083
45084
45100
45082
45085
45090
45091
45092
45097
45089
45087
45088
45081
45079
45078
45077
45076
44934
44931
44933
44935
44936
44932
45012
45007
45006
44924
44926
44921
44920
44923
44922
44994
45000
44982
45001
44981
44990
44984
44989
44983
44972
44985
44986
44987
44988
45208
45209
45212
45215
45216
45224
45225
45231
45223
45220
45219
45226
43393
43396
43395
43453
43456
43454
50525
43455
43391
43392
43380
43382
43381
43378
43379
43376
43377
45218
43394
45202
45200
45199
45198
45201
45203
45222
45214
45213
45211
45207
45210
45204
45205
45206
44978
44977
44979
44976
45192
45193
45195
45197
45196
45194
43366
43365
43091
43362
43092
43357
43358
50526
43356
43364
43374
43375
43373
43372
43355
43353
43354
43351
43350
43367
43368
43341
43342
43343
43369
43370
43340
43315
43345
43310
43311
43312
43344
43313
43314
43337
43346
43073
43347
43348
43085
43079
43077
43078
43069
43060
43074
43087
43086
43088
43089
43093
43094
43095
43098
43064
43062
43059
43070
50315
40504
43072
43071
43352
43371
43363
43349
40503
45189
43361
43360
43359
43096
43097
43090
44973
44974
44965
44964
44963
44947
44968
44951
44956
44957
44955
44961
44971
44952
44953
44954
44958
44959
44887
44886
44883
44948
44884
44881
44882
44917
44916
44919
44898
44897
44889
44869
44867
44870
44874
44878
44879
44938
44941
44945
44942
44939
41854
41855
44866
44868
41850
41893
41894
41895
41896
44890
44891
44893
44892
44895
41905
41903
41904
41902
41900
41901
41892
41906
41912
41913
41875
41869
41874
41866
41870
41867
41888
41889
41898
41886
41861
41859
41858
41857
41885
41849
41862
41868
41891
41890
41899
41887
41860
41848
41897
44871
44876
44894
42160
42161
50322
50292
44880
44949
44950
44940
44946
44944
44943
43084
43066
43068
43081
43083
43067
43063
43080
43065
43061
44962
43082
45188
45190
44975
44969
44966
45191
44967
44970
44980
44960
44995
44999
45002
45004
45026
45028
45031
45030
45036
45037
45238
45239
45240
45241
45247
45232
45236
45237
45245
45246
45264
45248
45249
45234
45233
45235
45265
45244
45217
44993
44991
44992
45027
44997
44998
44885
44888
44918
44899
44900
44912
44927
44928
44915
44913
44914
44908
44903
41914
44902
44905
44906
44904
44896
44901
44925
44996
44929
44930
45080
44937
45014
45013
45008
45005
45009
45003
45038
45016
45023
45022
45103
45101
45115
45169
45170
45168
45260
45058
45255
45252
45251
45051
45052
45044
45040
45034
45032
37486
45073
43030
45230
41856
41820
41821
41822
41824
41823
41825
41830
41827
41831
41832
41835
41836
41840
41834
41829
41826
41828
41837
41839
41843
50362
132534
41872
41873
41876
41838
122612
43033
43053
43055
43054
43056
43048
43047
