4078
27775
27777
27778
27780
27779
27781
27782
28139
28141
27776
27786
51204
51205
51209
51211
51220
51223
51224
51212
51369
51221
51208
51210
51207
51206
55736
55421
51262
51267
51266
51280
51265
51264
51263
51197
52784
51198
52776
52775
51202
51214
51213
51218
51219
51217
52789
52790
55487
55490
55488
55483
55485
55484
52781
52787
52785
52786
51199
51200
52783
55482
54858
54860
54862
54850
54856
54857
54851
54861
55486
52788
51216
51215
51201
52782
51222
51241
51412
51415
51432
51433
51503
52837
52845
52849
52848
51510
51529
51535
52423
52856
52855
55745
55752
55753
55741
55742
55807
55798
55799
55806
55805
55739
55740
55743
55744
55734
55733
55730
55731
55735
55729
55738
55797
55796
55668
55672
55670
55661
55667
55666
55665
55664
55659
55657
55644
55641
55640
55635
55634
55580
55576
55523
55506
55503
54874
54868
54863
54855
54852
54853
54854
56617
54869
55519
55638
55643
55655
55639
55656
55543
55552
55662
55557
55724
55725
55723
55721
55720
55719
55718
55710
55709
55708
55707
55530
52823
52822
52819
52812
52818
52817
55526
55528
55524
55527
55546
55535
55536
55537
55547
55549
55550
55555
55545
55544
55539
55520
55517
55522
55521
55504
55502
55497
55500
55501
55499
55510
55511
55509
55518
55515
55508
55492
55514
55513
55532
55493
55495
55494
52810
55491
55489
55507
55498
55496
55505
55516
55512
55540
55538
55531
55533
55534
55525
52792
52795
52791
52805
52807
52804
52800
52802
52815
52827
52828
52829
52835
52841
55711
55712
55714
52843
52853
52842
52824
52826
52825
51414
51410
51234
51236
51238
51235
51237
52797
51232
51233
51231
51408
52813
52814
52803
52801
52799
52798
52809
52796
52806
52811
52808
52816
52821
52820
55529
52830
52831
55553
55548
55713
55715
55554
55556
55551
55541
55542
55663
55660
55673
55800
55727
55737
55728
55726
55722
55716
55732
55717
52850
52852
52844
52840
52834
52832
51434
52833
52839
52846
51536
52422
51523
51513
51492
51486
51398
51396
51376
51378
51375
51373
51374
51511
51528
51525
51527
51526
51508
51490
51500
51506
51499
51498
51441
51436
51439
51440
51429
51422
51438
51426
51425
51423
51488
51487
51493
51496
51516
51521
51522
51515
51517
51494
51491
51424
51397
51388
51404
51418
51405
51416
51407
51406
51228
51227
51399
51400
51370
51371
51226
51225
51402
51401
51403
51372
51419
51417
51420
51421
51428
51437
51427
51495
51489
51497
51518
51524
51507
51504
51505
52847
52851
52857
52858
52838
52836
51509
51501
51502
51442
51435
51431
51430
51413
51411
51409
51240
51230
51239
51229
56804
56766
56767
55803
55804
54845
54846
54956
54958
54864
54865
54847
54848
50880
50881
51185
51186
50893
50894
50891
50892
51187
55658
51195
51196
51194
51203
51176
51177
54843
54844
51147
51272
51273
51274
51275
51283
51282
51287
51288
51290
51308
51348
52235
52245
52263
52268
52278
52340
52341
52349
52353
52367
52381
52494
52493
52382
52561
52568
52558
52566
52559
52557
52376
52378
52379
52380
52372
52366
52369
52365
52350
52338
52336
52337
52335
52359
52357
52362
52358
52361
52325
52326
52324
52317
52318
52305
52304
52333
52299
52328
52329
52266
52269
52332
52265
52261
52227
52259
52225
52218
52215
52228
52223
52229
52230
52298
52301
52288
52287
52286
52221
52207
52220
52205
51303
51304
51302
51293
51311
51277
51292
51296
51298
51299
52206
51294
51295
51300
51297
52212
51305
56709
56710
56711
52214
52213
52208
52216
52217
52209
52210
52211
52219
52226
52242
52224
52260
52264
52327
52231
52300
52303
52302
52316
52320
52319
52355
52356
52334
52330
52331
52339
52377
52360
52363
52560
52375
52496
56588
56589
52495
52501
52500
52498
56237
52595
52594
52497
52499
52491
52486
52487
52490
52492
52370
52373
52368
52374
52473
52474
52475
52419
52471
52421
52413
52393
52392
52385
51471
51467
52383
52389
52409
52388
52410
52412
52417
52416
52466
52415
52467
52283
52282
52468
56713
52347
52343
52281
52280
52275
52272
52256
52255
52253
52252
51368
52384
51365
51367
51360
51462
51459
51460
51447
51446
51331
51339
51337
51357
51336
51356
51344
51353
51359
51363
52249
52248
52237
52254
52246
52241
52239
52238
51351
51352
51350
51316
51318
51343
51310
51309
51315
51314
51317
51349
52236
51362
51361
51355
51354
51319
51321
51320
51322
51323
51345
51333
51334
51335
51326
51329
51327
51328
51324
51271
51325
51338
51332
51340
51270
51342
51458
51463
51461
51341
51364
51358
51366
52250
52251
52270
52276
52274
52273
52411
52408
52258
52257
52387
51466
51465
51464
52390
52386
52414
52418
52352
52351
52371
52364
52354
52348
52346
52345
52344
52342
52279
52277
52271
52267
52262
52247
52244
52240
52243
52233
52234
52232
51347
51346
51307
51306
51289
51291
51313
51284
51286
51285
51276
51171
51330
51382
51448
51445
51444
51449
51473
56798
51472
51474
51476
51483
52396
52402
52404
52406
52441
52420
52400
52476
52478
52479
52480
56724
52483
52477
56712
52399
52395
52394
52391
51470
51469
52424
52407
52405
52397
51519
51520
51514
51479
51512
51456
51455
51457
51477
51450
51393
51394
51395
51392
51389
51379
51380
51385
51387
51383
51391
51390
51452
51451
51478
51480
51485
52403
52398
52401
51484
51482
51481
51475
51454
51468
51453
51443
51386
51384
51381
51136
56593
51140
51139
51255
51256
51257
52472
51258
51260
51261
51281
51259
51278
51279
51268
51377
51269
51312
51069
51179
51180
51182
51183
51189
51191
51193
51248
51252
51249
51253
51244
51251
51133
51135
56595
51245
51246
51247
51132
51134
56596
51242
51243
51125
51127
51128
51131
51113
51126
51129
51130
51137
56740
51111
51112
51108
51119
51121
51138
51122
56742
56746
56754
56748
56741
51123
51120
51106
51103
51104
51105
51109
51110
51192
51178
51174
51175
51071
51181
51184
51188
51190
51072
51095
51096
51097
51098
51099
51100
56625
51093
51091
51094
51089
51090
51084
51083
51086
51087
51117
51118
56744
51124
56664
56749
56663
56752
56753
56743
56594
56750
56745
56747
51079
51077
51085
51107
51082
51070
51092
51254
52425
52442
52443
52449
52452
52451
52462
52506
52505
52504
52507
52510
52489
52503
52447
52448
52444
52428
52446
52427
52426
52481
52482
52488
50653
56738
56728
56727
56726
52903
52904
52906
56516
56519
56533
52919
56532
56529
56559
56561
56563
56572
56573
50663
56570
56575
55579
55578
56574
56571
56576
56569
56566
56552
56549
56545
56544
56546
56550
56564
56557
56555
56554
56539
56507
56512
56509
56511
56508
56510
56523
56525
56524
56527
52918
52917
56531
56520
56521
56522
56502
56517
56500
56473
56472
52894
52892
52898
52897
52901
52890
52896
52887
52884
52888
52885
52886
52883
56466
56469
56478
56480
56497
56499
56494
56491
56492
56488
56493
56535
56537
56536
55894
55898
56542
55897
55896
55895
55881
55878
55879
55871
55887
55888
55886
55889
55794
55793
55792
56481
56486
56489
56487
56484
56482
56476
56483
55787
56475
56474
55783
56463
55751
55780
55781
55785
55788
55775
55772
55776
55773
55867
55869
55872
55873
55829
55827
55826
55814
55812
55817
55815
55816
55766
55765
55764
55762
55761
56652
56653
55767
55770
55759
55777
55746
55747
52866
52867
52864
55748
52868
52878
56462
52879
52880
56464
52876
52874
52871
52870
52869
52434
52429
52432
52433
52437
52439
52459
52457
52463
52464
52461
52456
52455
52453
52454
52458
52436
52431
52435
52430
52438
52440
52872
52875
52865
52862
52863
55756
55754
55757
55760
55763
55755
55758
55811
55813
55820
55825
55828
55818
55819
55769
55768
55774
55771
55779
55778
55750
55749
55782
55784
55786
55789
55791
55885
55868
55790
55870
55875
55874
55880
55892
55883
55899
55915
55893
55891
56534
55890
55795
56485
56498
56496
56490
56479
56477
56470
56467
56468
56465
52881
52882
52877
52873
52465
52511
52889
52891
52893
52895
56471
56501
56504
56503
56505
56495
56506
56538
56553
56547
56541
56540
56543
55900
56548
56551
56565
56568
50662
52588
52757
50888
53461
56567
56562
56556
53534
56560
56558
56514
56513
56528
56530
50889
56526
56518
56515
52905
52900
52899
52902
56642
52908
52907
50654
52861
55876
55877
52450
52460
55808
55809
55810
50886
50887
50890
50900
50896
55413
50895
50897
50899
55380
50898
52777
52778
52779
52780
54838
54839
54842
54837
54836
54841
54840
54849
52508
54890
54892
54921
54932
54933
54934
54937
54939
55000
55001
55004
54940
54943
54950
55009
54951
55008
55014
55026
55028
55325
55322
55321
55269
55317
55318
55319
54955
55011
54952
54948
54945
54946
54947
55265
55266
55267
55256
55268
54827
54826
54828
54830
54831
54925
54928
54929
54930
54926
54923
54824
54818
54821
54822
54823
54814
54817
54815
54816
54820
54805
54804
54810
54809
54811
54771
54808
54807
54761
54779
54783
54782
54784
54781
54793
56735
54792
54778
54777
54780
54765
54766
54767
53758
53759
54795
54794
54796
54799
54797
54801
56734
54802
54884
54885
54883
54886
54887
54893
54879
54880
54881
54876
54875
54833
54835
54882
54896
54897
54901
54898
54878
54895
54832
54752
54755
54753
54754
54775
54786
54776
54787
54877
54788
54834
54785
54789
54800
54798
54803
54812
54813
54819
54920
54918
54917
54916
56674
54829
54927
55255
54931
54944
54941
55270
54954
55320
55027
55013
55010
55012
55007
54953
54949
54942
54936
54935
54924
54922
54919
54891
54806
54889
54899
54888
54894
54902
52509
55031
55347
55350
55351
55918
55352
55348
55344
55019
55023
55030
54866
54867
54974
54981
55559
55558
55560
55585
55587
55648
55653
55693
55671
55694
55649
55680
55682
55681
55679
55684
55685
55631
55629
55632
55630
55627
55626
55599
55603
55604
55605
55938
55941
55633
55930
55919
55928
55940
55939
55931
55926
55924
55925
55927
55922
55921
55923
55932
55920
55929
55598
55600
55601
55602
55024
55025
55029
55593
55022
55018
55015
55017
55006
55002
55003
55005
54990
55021
55592
55609
55610
55613
55620
55621
55623
55616
55617
55583
55618
55581
55570
55572
56800
55569
55571
55567
55574
55573
55582
55564
55566
55575
55615
55614
55612
55611
55608
55596
55607
55568
55034
55033
55185
55016
55020
55594
55595
55597
55606
55625
55622
55628
55624
55678
55676
55677
56673
55619
55591
55588
55646
55647
55654
55652
55669
55674
55675
55651
55642
55637
55636
55589
55590
55650
55645
55586
55584
55577
55561
55565
55562
54994
54999
55563
54991
54989
54972
54970
54969
54968
54986
54988
54979
54980
54983
54985
54982
54977
54978
54961
54957
54960
54963
54912
54966
54967
54915
54914
54971
54938
54904
54913
54903
54911
54910
54906
54909
54962
54905
54900
54907
54908
54959
54964
54965
54987
54992
54993
54984
54976
54873
54872
54871
54973
54975
54870
55686
55696
55695
55687
55801
55802
55830
55823
55822
55821
54487
56580
56299
56581
56300
56582
56301
56583
56295
56297
56298
56292
56303
56585
56584
56302
56289
56288
56290
56291
56293
56281
56280
56283
56282
56275
56274
56226
56220
56255
56261
56285
56258
56267
56257
56266
56256
56265
56253
56263
56239
56264
56262
56240
56791
56792
56616
56615
56613
56793
56795
56796
56794
56602
56614
56605
56611
56610
56618
56787
56788
56789
56228
56238
55914
56227
56173
56174
56229
56176
56181
56183
56233
56236
56232
56230
56231
56184
56677
56676
56234
56215
56244
56245
56248
56249
56246
56222
56210
56221
56223
56225
56218
56204
56205
56201
56096
56098
56097
56268
56269
56270
56140
56116
56115
56137
56134
56133
56141
56139
56790
56138
56135
56094
56075
56076
56072
56070
56081
56080
56088
56200
56806
56090
56190
56192
56194
56198
56193
56195
56207
56212
56213
56206
56191
56164
56163
56162
56177
56161
56159
56169
56167
56170
56165
56151
56149
56145
56146
56147
56148
56045
56053
56055
56155
56056
56057
56058
56083
56084
56086
56187
56186
56078
56087
56065
56063
55943
56064
56066
56060
56004
56059
56027
56026
56034
56035
56049
56052
56036
56033
56046
56029
56017
56015
56037
56038
56040
55706
56039
55850
55847
55848
55849
55855
55863
55866
55862
55861
55909
55910
55911
55916
56607
56603
56578
56577
56608
56609
55902
55903
55858
55856
55857
55839
55840
55842
55852
55853
55859
55851
55843
55841
55704
55844
55703
55700
55699
55692
55689
55690
55691
56009
56010
56011
56013
56019
56030
56021
56020
56022
55947
55948
56018
55945
55946
55846
55701
55702
55838
55837
55831
55832
55835
55836
55824
55833
55834
55901
56579
56797
55697
55912
55917
55913
56786
56785
55908
55698
55864
55860
55854
55845
55705
56008
56014
56012
56016
56028
56031
56032
56024
56023
56025
56062
56061
56077
56051
56050
56048
56054
56047
56042
56041
56044
56043
56144
56150
56153
56152
56156
56160
56154
56157
56158
56085
56188
56189
56089
56082
56067
56079
56068
56069
56071
56074
56007
56073
56142
56093
56091
56092
56095
56197
56196
56217
56208
56209
56216
56243
56211
56214
56185
56180
56179
56182
56178
56175
56171
56168
56166
56172
55865
56604
56606
56612
56235
56247
56251
56250
56252
56224
56241
56254
56259
56773
56219
56202
56203
56271
56273
56272
56260
56276
56277
56279
56278
56284
56287
56286
56296
56294
56242
54488
56357
56649
55944
55882
55884
55904
55905
56600
189832
56601
50833
50834
50831
50832
50656
50655
50836
50882
50883
50816
50815
50812
56772
50811
50813
50830
50829
50814
50817
50696
50687
50688
50694
50695
50697
50827
56598
50826
50839
50840
55970
50808
50809
50843
50845
50847
50846
50849
50869
50877
50876
50870
50875
50865
50871
50866
50872
50863
50852
50851
50853
50854
50855
50864
50868
50861
50867
50874
50873
50857
50841
50858
56624
50842
50828
50850
50776
50773
50681
50768
50679
50680
50693
50856
50862
50879
55688
55683
56621
56622
56623
50652
50657
50658
50659
50660
50835
50837
50838
50884
50885
50878
53598
55361
55383
55358
55359
55357
55340
55341
55343
55367
55313
55292
55302
55306
55304
55303
55305
55284
55364
55283
55334
55336
55338
55363
55337
55362
55332
55329
55326
55328
55331
55356
55360
55353
55354
55349
55346
55345
55330
55324
55327
56675
55323
55272
55281
55280
55279
55259
55102
55254
55258
55262
55261
55273
55277
55107
55263
55264
55287
55109
55108
55123
55091
55089
55094
55090
55087
55096
56645
55086
55098
55101
55099
55088
55103
55104
55105
55083
55085
55082
55045
55043
55040
54773
54774
54770
54772
55037
55041
54769
54768
53754
53755
55039
55046
55042
55079
55044
55080
55081
55084
55047
55049
55050
55097
55095
55106
55275
55260
55257
55100
54825
55274
55271
55282
55278
55276
55285
55301
55288
55291
55307
55366
55365
55335
55339
55333
55342
55355
54409
54408
53772
55369
55378
55952
55377
55379
55954
55956
55961
55963
55964
55965
55966
55453
55452
55455
56100
56101
56103
56108
56113
56117
56109
56121
54995
54996
56107
55479
55480
56131
56130
55466
55477
55476
55475
55478
55460
55465
55464
55463
55457
55450
55446
55443
55444
55445
55461
55462
55442
55441
55436
55435
55439
55437
55438
55440
55447
55459
55467
56106
56105
56104
56114
56102
55458
56099
55456
55448
55449
55454
55451
55962
55384
55376
55381
55374
55373
55371
55370
55431
55432
55411
55433
55434
55410
55412
55398
55414
55417
55416
56828
55415
55418
55419
55430
55429
55469
55424
55425
55426
56358
56359
55427
55428
55468
55423
55422
55420
55252
55251
55250
55243
55242
55238
55240
55234
55247
55246
55394
55393
55391
55392
55225
55387
55221
55386
55400
55404
55401
55399
55312
55310
55311
55308
55314
55309
55290
55286
55289
55137
55136
55126
55110
55122
55124
55121
55093
55052
55051
55048
55038
53820
55036
55035
53819
53818
53816
53810
53815
53817
55032
55055
55057
55056
55059
55058
55066
55060
55067
55068
55075
55116
55128
55131
55138
55141
55293
55296
55299
55389
55295
55294
55298
55218
55217
55214
55205
55216
55215
55206
55203
55222
55211
55223
55212
55213
55245
55233
55232
55229
55193
55192
55230
55155
55182
55183
55190
55181
55175
55174
55180
55187
55236
55239
55189
55176
55154
55152
55153
55172
55150
55165
55151
55169
55170
55208
55171
55167
55168
55147
55158
55161
55157
55200
55159
55198
55078
55118
55204
55120
55119
55112
55113
55070
55077
55076
53844
53845
53842
53839
53840
53838
53848
53847
55061
55065
55144
53846
55142
55156
53835
53929
53836
53927
53928
53834
53906
53925
53924
53926
53932
53909
53910
53922
53908
53913
53863
53859
53860
53905
53858
53795
53857
53796
53799
53800
53801
53792
53794
53822
53825
53826
53831
53830
53828
53827
53811
53812
53821
53788
53789
53793
53790
53791
53798
53849
53851
53907
53797
53802
53803
53833
53824
53832
53823
53837
53829
53841
55064
53843
55053
55054
55114
55062
55063
55143
55160
55163
55164
55145
53930
55146
55148
55149
53933
53931
53923
55173
55166
55209
55207
55210
55202
55162
55201
55199
55139
55135
55140
55132
55130
55129
55117
55134
55115
55072
55071
55073
55069
53813
55092
55074
55111
55133
55125
55297
55300
55315
55406
55402
55403
55390
55385
55220
55219
55226
55228
55224
55388
55231
55227
55191
55235
55237
56341
55241
55249
55244
55253
55248
55397
55395
55396
55405
55407
55408
55409
55316
55372
55375
53770
53771
55382
55368
53599
55953
53767
53769
53786
53787
53804
53805
53806
53809
53814
53807
53808
54997
55995
55999
56006
56005
56002
56003
56001
55985
55982
55979
55978
55980
55983
55906
55975
55974
55973
55976
55971
55937
55933
55936
55959
55957
55958
55934
55935
55972
55942
55949
55950
55951
55981
55984
55993
55998
55907
54998
55955
55960
55986
55987
55990
55991
55997
55994
55996
56112
55969
55967
56111
56110
56119
56118
56129
56126
56128
56143
56304
55968
55988
56120
56124
56125
27280
27742
27744
27746
27747
28136
28137
28144
28150
28153
28156
27741
27743
27745
27748
28138
28140
28143
28151
28142
28152
28157
28158
50698
27219
27221
27224
27271
27272
27274
27275
34133
27276
27278
27279
28155
28159
50701
50761
56808
56809
50677
50676
50756
56807
50674
50678
50668
50673
50692
50672
54512
50666
50691
50682
50684
56667
56670
56714
56668
56669
50685
50686
50664
54377
54390
54376
50665
56665
56597
50683
50667
50669
54491
54489
50675
50670
50671
50760
50757
50699
50700
50709
50762
50706
50708
50711
50759
50758
50764
50765
50769
50767
50766
50770
50771
50782
56666
50783
50784
50785
50787
50791
50792
50794
50799
51021
51022
51024
51026
51029
51040
51041
51046
51052
51053
51057
56671
51054
51075
51074
51078
51080
51081
51076
51073
51039
51038
51037
51035
51033
50968
50750
50967
51019
51017
50755
50752
50754
50753
50780
50778
50779
50732
50777
50731
50730
50748
50747
50744
50729
50728
50723
50722
50721
50727
50726
50725
50733
50751
51018
50735
50749
50743
50962
50964
50965
50986
50988
50985
50987
50994
50995
50997
56672
50996
50993
50984
50981
50990
50992
50980
51012
51015
51016
56661
51010
51011
51008
51009
50978
51005
51007
56751
51006
51013
51004
51014
51003
51114
51002
51000
51001
56655
50949
50953
50976
50975
50952
50998
50999
50971
50974
50973
50970
50969
50957
50940
50946
50943
50947
50951
50937
50941
50942
50950
56657
56718
50948
50936
50935
56587
56680
50918
50923
50924
50925
50927
50939
50926
50922
50920
50921
56662
50910
50915
50917
56656
50919
50932
56737
50929
50933
50930
50908
50906
50931
50907
50904
56659
56660
56720
56658
50905
56721
50903
50916
50901
50909
56380
50912
50902
56199
55992
50913
50956
50979
50954
50958
50959
50972
50977
50961
50983
50989
50991
50982
56654
56719
50963
50960
50955
50713
50741
50742
50739
50715
50911
50914
50716
50714
50712
50938
50736
50966
50734
50719
50717
50718
56736
50702
50720
56733
50745
50746
51036
51049
51048
51050
51056
51088
51065
51066
51067
51068
51062
50860
50859
51064
51063
51055
51047
51061
51051
51044
51043
51045
51042
51032
51030
50805
51060
51058
51059
56599
50806
50803
50802
50804
51034
51028
51031
51025
51027
51023
51020
50800
50797
50801
50795
50789
50796
50793
50790
50786
50788
50781
50772
50774
55989
55977
50775
54859
50763
50724
50710
50707
50705
50704
50703
27787
27783
27784
27788
27789
27793
27795
27796
28126
35405
27794
28160
28122
28123
28124
28125
28128
28132
28133
28705
28708
28706
28707
28709
28710
28711
28657
28653
28719
28658
28712
28713
28714
28715
56586
51534
51533
51532
51682
56592
54657
52663
52664
52718
52719
52720
52745
56339
56331
56332
56334
56333
56338
55470
56362
56361
56360
56363
56355
56354
56337
56336
56335
55471
55472
56136
56132
56127
55481
54650
54651
54687
52744
56340
52749
52747
52746
52748
52752
52750
52751
52950
52753
56356
56364
56365
52951
56366
56368
56371
55473
56370
56382
56381
55474
56369
56374
56383
56367
56373
56375
54538
54678
54542
54677
54680
54682
54681
54543
54537
54746
53778
56776
53779
56377
56376
54536
54535
54679
54541
54670
54672
54674
54675
54683
54684
54685
54686
54661
54662
54671
54511
54655
54509
54501
54506
54503
54485
54484
54338
54326
54323
54407
54406
54325
54324
54321
54322
54327
54336
54490
54505
54656
52741
52743
52742
54688
54391
54539
50737
50798
53980
53981
54196
54689
54700
54701
54699
54702
54481
54482
54524
54527
56771
54528
54529
54540
54732
54731
54729
54728
54523
54522
54526
54520
54521
54530
54534
54531
54532
54533
54676
54497
54498
54493
54494
54496
54486
54510
54492
54438
54483
54433
54434
54435
54436
54442
54437
54441
54440
54431
54429
54430
54432
54410
54411
54444
54443
54449
54448
54446
54473
54517
54519
54476
54474
54471
54461
54454
54458
54428
54470
54426
54425
54421
54422
56643
56644
54415
54424
54412
54423
54413
54414
54416
54418
54417
54042
54404
54405
54043
54453
54451
54450
54456
54459
54464
54465
54463
54466
54462
53984
53983
53982
54457
54455
54452
54460
54469
54472
54427
54445
54419
54420
54439
54447
54495
54516
54515
54518
54525
54475
54480
54478
54477
54479
54468
54467
54693
54692
54691
54195
53986
54189
53985
50819
50818
50823
50844
50934
51116
51143
51115
50928
50821
50820
50810
50740
50738
54513
54514
54504
51716
55179
55184
55194
55196
55195
56325
56343
56344
56319
56342
56351
56321
56349
56350
56329
56328
56330
56352
56313
56317
56316
56315
56314
54630
54629
54632
54631
54636
54635
54638
54649
54648
54645
54644
54634
54639
54640
54643
54586
54587
54585
54593
54641
54596
54669
54668
54594
54595
54589
54664
54583
54666
54667
54663
54673
54658
54659
54660
54654
54653
54507
54652
54403
54402
54397
54398
54395
54396
54386
54387
56679
56678
54344
54383
54385
54388
54346
54348
54356
54355
54354
54353
54370
54352
54342
54339
54340
54341
54333
54330
54331
56372
54328
54351
54343
54349
54350
54347
54384
54345
54332
54335
54334
54389
54329
54401
56725
56810
56803
54499
54500
56648
54502
52913
52914
55127
56730
56729
54508
54582
54581
54399
54400
54578
54575
54576
54588
54590
54577
54560
54559
54558
54557
54562
54571
54569
54556
54550
54570
54610
54611
54618
54619
54613
54616
54609
54614
54605
54600
54601
54568
54566
54565
53893
53892
53885
53873
53886
53888
53887
53889
54545
56777
53784
53785
54544
54547
54548
54551
54369
54368
54365
54364
54378
54380
54379
54371
54372
54373
54374
54375
54363
54362
54361
54359
54357
53782
54358
53780
53781
53783
54360
54366
54367
53874
53876
53878
53880
53879
53881
53883
53894
53895
53955
53959
53970
54625
56306
56308
56309
56312
56320
56324
56323
56326
56310
55186
53972
53971
53968
53973
53963
53954
53965
53957
53953
56731
56732
53946
53948
53947
53943
53915
53867
53914
53866
53868
53942
53952
53950
53966
53969
56305
54628
54623
53976
53975
53962
54603
54622
54624
54604
54602
54597
53904
54567
53902
53901
53956
53898
53891
53958
53960
53967
53961
53944
53945
53900
53896
53897
56641
56640
53865
53884
53882
53877
53875
53890
53899
54599
54598
54607
54608
54573
54564
54546
54549
54555
54554
54553
54552
54382
54381
54394
54392
54393
54580
54579
54665
54591
54584
54561
54563
54572
54592
54642
54646
54647
54637
54612
54574
54621
54620
54617
54615
54606
54626
54633
54627
56307
56311
56327
56322
56651
56318
55188
55177
53974
55178
53964
53951
53939
53941
53934
53935
53936
53940
53920
53937
53916
53921
53870
53869
53911
53912
53918
53864
53862
53854
53856
53852
53850
53775
53776
56783
56782
56650
56769
53855
56784
53777
52854
56774
53774
56779
56781
56780
56778
53773
52794
52793
52445
52570
51906
52204
51905
56775
53853
53861
53919
53938
53917
51717
55197
56347
56348
56353
56345
56346
51145
51144
51146
51157
51161
51748
51749
51758
51762
51761
51759
51751
51750
51172
51167
51164
51163
51162
51166
51757
51760
51779
51781
51822
52222
52285
52284
52293
52295
52296
52297
52309
52310
52313
52521
52526
52528
52554
52556
52586
52546
52587
56384
52593
52592
56770
52598
52717
52547
52543
52535
52537
52534
52522
52519
52516
52518
52515
52513
52312
52502
52539
52311
51861
52106
52107
52104
51852
51851
51849
51850
51859
51853
51854
51828
51827
51826
56708
51825
51824
51783
51782
51778
51784
51777
51756
51775
51745
51754
51744
51742
51765
51771
51766
51763
51764
51770
51772
51741
51740
51739
51715
51712
51713
51714
51733
51734
51151
51153
51152
51150
51159
51738
51747
51156
51155
51735
51736
51737
51743
51746
51774
51818
51773
51858
51860
52514
52520
52538
52541
52540
52553
52542
52555
52551
52577
52574
52576
52550
52533
52549
52563
52562
52565
52575
52580
52579
52571
52573
52572
52597
52596
56590
52569
52578
52567
52531
52532
52525
52323
52322
52315
52292
52291
52289
52564
52552
52548
52529
52530
56633
52527
52524
52523
52517
52321
52314
52308
52307
52306
51848
52294
52290
51168
51786
51823
51169
51785
51780
51776
51755
51753
51752
51173
51170
51165
51158
51160
51154
52590
51769
50620
50619
52512
