3687
50060
94327
94328
50065
49986
50058
49984
49987
49985
50068
50062
50059
50061
50063
50064
50092
50093
50094
50018
50072
50073
50075
50232
50233
50234
50096
50097
50095
50074
50071
50067
94198
94306
94325
94321
94322
94318
94319
94324
94317
94332
94315
94330
94316
94314
94329
94313
94323
94320
102513
103188
103187
94326
103186
36876
49929
49823
49822
49814
49818
49817
49819
49821
49919
49923
49924
49922
49928
49827
49930
49828
50275
50276
49931
49932
49933
49935
49937
49938
49943
49949
49950
49960
49956
49962
49964
49967
49963
49961
49958
49957
49879
49901
49968
49900
49899
49910
49911
49914
49906
49909
50007
50010
50011
50013
50012
50008
50009
50014
50015
50016
50045
50046
50026
50029
50030
50038
50037
50034
50042
50035
50031
50041
50032
50277
50039
50040
50043
50066
50076
50077
50079
50080
50082
50089
50069
50070
50086
50081
50078
50044
50027
50033
50028
50036
50022
50023
50021
50024
50025
50020
50019
50508
49998
49993
49994
49996
49997
49995
50002
50001
49999
50000
49991
49992
50004
49907
50005
49894
49903
49902
49904
49896
49872
49895
49871
49870
49868
49869
49873
49875
49876
49866
49865
49849
49948
49946
49944
49846
49845
49844
49848
49850
49953
49839
49840
49842
49831
49835
49830
49841
49861
49855
49854
49858
49862
49859
49856
49857
49860
49829
49833
49836
49837
49824
49826
49834
49825
49806
50284
50285
50287
50286
50274
49805
49832
49843
49847
49874
49867
49877
49864
49863
49892
49883
49890
49888
49889
49886
49885
49887
49884
49882
49881
49893
50003
50006
49908
49905
49912
49913
49918
49915
49916
49917
49976
49977
50017
50047
50048
50084
50085
50100
50105
50101
50129
50132
50134
50133
50131
50128
50130
50102
50103
50278
50121
50122
50279
50123
50091
50087
50088
50119
50118
50120
50124
50117
50051
50053
50052
50050
50049
50116
50113
50114
50112
49981
49982
50115
42025
42026
42013
42015
42012
42008
42009
42011
49972
49983
49971
49969
49970
42007
49951
49952
41961
49966
41960
41958
41951
41952
41953
41957
41947
41959
41973
42004
41970
41971
41972
42018
42020
42019
42017
41974
42005
42006
42010
49974
49973
50057
50090
50054
50055
50056
49978
49979
49980
49975
49898
49897
49878
49959
49954
49955
49945
49942
49838
49934
49939
49941
49940
49936
49947
49820
49816
49815
49812
41948
49926
49927
36877
36897
50447
50450
50449
50448
50083
50099
50223
108980
42072
50127
50125
50126
41980
101721
101722
101719
41933
41934
41937
41938
41939
41940
41942
41941
41935
41936
41979
41977
41978
41984
41982
41991
42001
41990
41985
41956
41967
41994
41996
41995
41997
41998
41999
42000
41969
41968
41963
41954
41981
41949
41950
41983
41986
41987
43917
43914
43879
43878
43877
43880
43889
43919
43913
43916
43920
50568
50569
43924
43925
43921
43922
43883
43861
43862
43856
43857
43881
43882
43888
43890
43891
43885
43858
43859
43860
43884
42675
42676
44245
44252
44247
42680
42684
42685
44194
44195
43852
42565
42566
42569
42567
42651
42568
42652
42554
42555
42556
42562
42561
42563
42564
42573
42663
42662
43849
43850
43851
44196
44198
44197
44202
44203
44267
42499
43772
50228
35742
35743
43769
43771
42498
43776
43775
43770
43903
43904
43905
43909
43910
43908
43912
43907
43906
43901
43895
43896
43897
43899
43898
43893
43825
43823
43827
43829
43830
43900
43832
43865
43871
43874
43870
43873
43875
43869
43867
43844
43841
43842
43843
43847
43848
42678
43846
42679
43845
43855
43840
43839
43838
43824
41955
43835
50466
43807
43833
43836
43837
42674
43834
42650
42673
42672
42671
42669
42668
42670
42617
42634
42635
42637
42633
42636
42638
42648
43803
42644
42630
42628
42618
50267
42613
42619
42620
42611
42614
42629
42612
50429
50499
50497
50430
50431
42610
42545
42544
42538
42536
42537
39590
42533
42540
42539
42541
42601
42604
42605
42606
42609
42608
42602
42542
42603
42531
42532
42543
42607
42600
42627
42631
42615
42632
42616
42640
42639
42649
42646
42647
43806
43804
43805
50281
38658
41962
38657
41374
41375
40606
39591
43831
43866
43864
43872
43863
43828
43811
43809
43808
43801
43810
43814
43820
43819
43818
43817
43816
43619
43738
43737
43617
43735
43736
43733
43731
43732
43614
43612
43613
43606
43607
43608
43793
43792
43791
43794
43790
43789
43781
42622
42621
43779
43577
43580
43788
43780
43782
43786
43787
43784
43785
43795
43796
43800
42623
42624
43783
43798
42643
42625
42626
42645
42641
42642
43605
43603
43604
43616
43734
43618
43609
43812
43739
43815
43813
43797
43802
43799
43822
43821
43826
43894
35525
42204
42186
42187
43994
43998
50317
44060
35530
35531
50290
44055
50291
44053
44054
43993
43997
44056
44057
44058
44059
50501
50502
43987
43995
48058
43996
43986
43991
48102
50495
48101
50474
43985
43964
43965
43988
35774
35776
35775
42198
42195
43963
43980
43999
44000
43979
43981
43984
44012
44001
44002
44006
44013
44014
44015
44016
44011
43764
43765
44007
44009
44010
44004
44008
43778
43774
44017
44019
44018
43777
43767
43766
43768
43762
43761
43751
43758
43759
43760
43748
43757
44003
43974
43971
43973
43975
43970
43976
43700
43977
43697
43698
43957
43681
43958
43960
43956
50440
43676
43677
42115
42116
42117
42118
42168
42164
42167
42166
42165
42183
42180
42181
42157
42178
42179
42182
42176
42177
42201
35540
42203
42205
45227
45221
42202
42174
42175
42199
42200
42170
42159
42150
42149
48107
42146
42152
42147
48168
42107
42144
42148
42143
42105
42141
42124
42142
42103
42073
42074
42075
42080
42102
42104
42071
42106
42108
42162
42114
42109
50293
42100
42095
42096
42098
42099
43634
43670
43671
43635
43639
43673
43674
43675
43653
43682
43683
43684
43692
43685
43693
43687
43686
43688
43695
43689
43691
43744
43707
43717
43718
43745
43702
43703
43752
43720
43746
43729
43730
43722
43723
43724
43725
43726
43721
47922
43711
43713
43714
43610
43611
43709
43599
43705
43708
43704
43649
43658
43661
43660
43657
43659
43664
43667
43690
43654
43655
43646
43652
43644
43642
43641
43640
43628
43523
43524
43629
43526
43626
43630
43631
43620
43622
43624
43632
43623
43637
43518
43525
43519
43486
43514
43517
43513
43511
43521
43531
43530
43507
43503
43495
43504
43494
43493
43499
43500
43505
43545
43547
43546
42488
42487
42494
42495
43548
43549
42489
42490
42491
42492
42486
42496
42497
43553
43555
43560
43561
43581
43583
43582
43589
43591
43592
43588
43544
43647
43543
43645
43539
43536
43538
43540
43534
43527
43535
43529
43541
43542
43590
43596
43598
43587
43594
43601
43602
43579
43570
43568
43567
43565
43559
43562
43578
43566
43564
42509
43569
43576
43574
42505
43572
43573
42502
42503
42504
42480
42479
42500
42485
42466
42465
42464
42460
42461
42456
50417
50432
50500
45365
50467
45366
50498
50428
42455
41965
42439
42448
42481
42484
50294
42447
42449
42450
42440
42436
42437
42438
42446
43483
43491
43501
43481
43487
43488
43480
43482
43484
42036
42035
42058
42060
42062
42059
42061
42037
42038
42032
42046
42047
42044
42027
42042
42041
42040
42043
42039
42045
42030
42021
42022
42028
42031
42023
42024
42441
42444
43186
42003
42443
41993
42355
42363
42365
42373
42371
42372
42376
42375
42368
42370
42377
42378
42354
42353
42362
42360
42366
42357
42359
42356
42341
42342
42343
42350
42339
42340
42348
42338
41943
41944
41946
42336
42335
42337
41945
41989
41988
42344
42351
42352
42369
42361
42367
42364
42358
41992
42002
42451
42442
42445
42433
42431
42374
42432
42434
41964
41966
42249
42196
42463
42478
42477
42501
43600
43586
43585
43584
43533
43508
43532
43489
43557
43563
43558
43554
43550
43552
43551
43556
42507
42508
42510
42513
43571
42514
42512
42511
42493
42506
42467
42482
42483
42974
42973
42453
42454
42452
43496
43497
43498
43492
43502
43506
43490
43528
43520
43510
43485
42066
43512
43509
42065
42068
42435
42069
42084
42086
42092
42088
42090
42091
42089
42093
42085
42079
42082
42064
42081
42053
42063
42056
42055
42054
42049
42048
42051
42050
42052
42057
42087
42083
42070
42067
43621
43515
43516
43627
43636
43522
43537
43643
43650
43648
43593
43597
43595
43710
43715
43742
43740
47860
43741
43719
43716
43706
43662
43666
43665
43663
43656
43651
43638
43625
43633
43669
43672
43679
43668
42101
42097
42094
42163
42111
42110
42169
43678
50269
43959
43961
43962
43967
43969
43966
43680
43699
43694
43696
43701
43972
43755
43753
43756
43754
43747
43749
43750
43743
43773
43763
44005
43978
43968
42171
43990
42184
42185
35532
35533
35543
35547
35541
35542
35528
35529
42188
35526
43615
43712
43575
44031
36077
36074
36076
36075
36096
50401
36080
36083
36089
36094
36097
36098
36099
50357
36095
46247
36088
36090
36092
36093
36104
36103
36091
50361
103773
113601
113603
113602
103772
103776
105801
105796
105797
113598
113668
113599
105798
105800
105799
110576
113669
103777
105782
110575
110591
110592
110540
110541
110542
110543
110544
36086
50402
36087
36041
36043
36044
36047
36045
36042
50354
35546
50353
50356
50355
50403
35545
35517
35544
35516
35518
35513
36040
36039
36046
36048
36071
36073
36072
36069
36070
110494
110495
113816
106339
106341
106340
110504
106349
106350
106348
110488
110489
113665
106344
106345
106346
113815
106347
110493
106343
106342
110487
35489
35490
109213
109214
109217
109216
109215
50207
50206
50208
50212
50214
50216
50222
50221
50219
50220
50218
50460
50213
49803
109199
49804
50217
50215
50211
35491
109200
109201
110549
35492
109187
109175
109174
110335
110334
110333
110355
110356
110351
110556
110557
110560
110566
110568
110569
110570
110571
110572
110573
110574
105830
105831
36036
36035
36037
36085
103775
36038
103774
105837
110483
110519
105833
105834
110484
105835
105836
36033
36022
36032
50478
36029
36030
36034
36028
36027
36019
50282
36018
36016
36017
36049
36067
36066
36010
36011
36012
36015
36021
36031
36026
36014
36023
36024
36025
105838
110552
110554
110562
110553
110559
110354
36020
109198
110555
113817
110550
110551
36013
110564
110565
110563
105832
110520
110485
110486
110498
110497
110567
110499
110561
110558
110496
110352
110353
109193
109194
109197
109195
113818
109196
109173
50202
36008
50209
36007
36009
50205
109189
109190
109188
50204
109157
109176
109159
50195
50210
50457
50459
50458
105781
113600
103778
103780
103779
103791
103789
103792
103790
103787
103794
103788
103793
35556
35553
35563
35537
35536
35551
35552
35548
35550
35549
35554
35567
35555
36132
36135
36134
36151
36153
36154
36155
36160
36162
36161
36084
36082
36079
36081
36078
36065
36068
36061
36062
36058
36057
36059
36051
36052
36060
36050
36063
36064
36055
36158
36156
36157
36159
36163
36167
36165
36285
36286
36166
36291
36315
36290
36316
36320
36321
36319
36303
36306
36302
36152
36056
36054
36133
36053
36100
36288
36294
36295
36289
36293
36292
36287
36101
49283
46165
50180
50179
46166
46240
46239
50168
50494
50167
46241
49284
50171
50172
109036
109040
109093
109092
109191
109192
50177
50178
50181
109104
109206
109207
109101
109209
109100
109138
109142
109141
109184
109208
109210
50198
50199
109211
109212
109205
50201
50200
50203
109204
109203
109202
113666
109179
109180
109185
109182
109139
109133
109134
109131
109042
109118
109135
109136
109119
109121
109120
109116
113655
109095
109094
109105
109103
109097
109098
109090
109038
109030
109029
109033
109096
109115
109043
109122
109044
109130
109045
109129
109171
109172
109160
109149
109167
109150
109154
109124
109123
109145
109151
109146
113781
109144
109166
109168
109165
109143
109148
109111
109112
109113
109114
109110
109163
109164
109158
109107
109106
109108
109109
109127
109128
109147
109152
109162
109125
109126
109153
109041
109132
109161
109181
113656
109177
113657
109178
113667
109186
109183
109140
109137
109099
50190
50191
50192
50189
50194
49920
49925
49921
50193
50187
50185
50188
50183
50186
109102
50184
50182
50473
50472
109091
109039
109031
109032
50156
50155
50157
50153
50151
50152
50143
50140
50138
50141
50139
50146
50147
50148
50149
50137
50144
50145
50135
50106
50107
50108
50109
50110
50111
50136
50142
50154
108986
108987
109037
103634
110686
103635
110509
110510
110511
110518
110517
110547
110928
110538
110548
110537
110539
110593
110594
110595
110267
110268
110596
110269
110270
110265
110586
110930
110929
113936
113937
110578
110580
110579
110581
110582
110583
110584
110585
113922
110266
110272
105778
105790
105789
113921
105787
105788
105785
105786
105783
105784
105779
103786
103781
103782
103785
105780
110271
103636
103637
110665
110666
110667
110513
110514
113660
113670
110676
110668
110669
110670
110675
110480
110481
110528
110527
110530
110531
36131
103874
103882
103881
103885
103893
103894
103840
103839
103912
103913
103919
103900
103901
103902
103998
103899
103898
103920
103921
103922
104018
104017
104023
113693
103938
103934
113692
103933
103945
104022
113691
104020
104019
104021
104705
104711
104719
104720
104721
104722
104723
113615
104712
104713
113614
104714
103887
103888
103889
103942
103943
103886
104704
104708
103939
103940
103946
103947
104707
103941
103892
103891
103890
103877
103875
103927
103930
103932
103923
103925
113589
103926
103911
103924
103931
103929
103876
103928
103880
103884
103879
104717
104718
104715
39061
104728
104730
104716
104709
104000
104710
104706
104003
104001
104002
104004
104005
104006
103944
103935
103937
103936
103910
103883
113590
103841
103872
36828
50242
103873
103878
36102
36314
36318
36118
36119
36120
49965
36121
50461
36123
36125
103823
103832
103831
103805
103807
103833
103808
103819
103825
103821
103798
103818
103817
103815
103816
103814
103812
103813
103811
103795
103796
103797
103804
103802
103803
113604
103820
103809
103810
103826
103827
116303
116301
116302
103828
103829
103830
103822
36122
36126
36317
36115
36116
36117
103800
103799
103824
36109
36105
36106
103801
36107
36108
36112
36110
36111
36113
36114
103784
36124
36663
36662
36337
36338
36127
36128
36129
36130
103806
103834
103835
103836
103396
110673
103398
110672
103399
110671
103400
103401
110718
103397
103373
103374
110577
105775
103375
105774
103783
110934
110588
110590
110589
110935
110587
103649
110933
110932
110931
103650
110664
110717
110915
105777
110716
105776
110023
110508
110026
110339
110502
110501
110503
110500
110506
110507
110505
110492
110491
110490
110025
110024
36372
36640
36720
36721
36724
35501
36650
35502
36664
35512
36672
35511
36684
36683
36671
36643
36651
36670
36691
36694
36695
36699
36716
36717
36812
36811
36820
36837
36839
36840
36824
36834
36836
36833
36831
36832
36830
36829
36838
36844
36845
39034
36846
36847
39035
39036
39040
39044
39045
39042
39046
39043
39039
39041
39053
39054
39055
39057
39073
39085
39086
39089
39090
39091
39106
39092
39101
39100
39102
39095
39096
39093
39098
39081
39082
39097
39083
39078
39099
39084
39074
39088
39122
39123
39121
39063
39062
39060
39059
39087
39075
39058
39056
39037
39038
39049
39047
39048
39050
39051
39052
36843
36848
36849
36885
39072
36891
39079
39080
39077
39076
36890
36900
36903
36886
36889
36880
36841
36842
36809
36810
36835
50404
36827
36806
36808
36807
36805
36687
36688
36685
36686
36690
36681
36682
36712
36713
36714
36689
36680
36679
36675
36676
36677
36804
36674
36673
36678
36813
36715
36692
36693
36701
36702
36814
36816
36817
36819
36852
36873
36872
36874
36875
36882
36883
36884
36887
36888
36881
36857
36783
36856
36859
36782
36860
36861
36858
36781
36773
36784
36745
36761
36742
36738
36743
36771
36739
36776
36779
36853
36855
36775
36777
36710
36709
36719
36718
36708
36706
36707
36704
36705
36700
36703
36659
36660
36661
36769
36735
36658
36657
36654
36655
36656
36648
36647
36646
36653
36641
36642
36730
36732
36733
36737
36727
36725
36731
36770
36736
36740
36741
36734
36744
36772
36780
36774
36854
36823
36871
36822
36821
36851
36778
36850
36818
36815
36711
36698
36696
36697
36652
36645
36644
36649
36667
42076
42077
50161
50163
50162
50150
48174
48175
50158
50160
50165
50164
50166
42121
50169
50170
50173
50174
50175
50176
42120
50159
42078
35557
35561
35571
50280
35570
36144
35575
35576
35573
35574
36142
36145
36147
36149
36188
36299
36191
36300
36301
36347
36349
36348
36350
36351
36363
36364
36367
36355
36357
36359
36358
36356
36362
36361
36365
36366
36369
36370
36368
36639
36334
36332
36333
50283
36323
36322
36325
36327
36326
36324
36305
36298
36304
36307
36297
36308
36309
50237
36186
36185
36184
36181
36164
36179
50236
36180
36182
36296
36328
36331
36311
36313
36312
36330
50240
36329
36360
36336
36339
50462
50463
50464
50465
36335
36340
36342
36343
36344
36353
36352
36354
36346
36341
36345
36263
36265
36254
36252
36251
36204
36203
36246
36257
36258
36260
36261
36189
36245
36243
36172
36173
36175
36178
36177
36176
36174
36244
36202
36201
36247
36264
36310
36262
36259
36187
36171
36168
36170
36169
36183
36190
50239
36138
36139
36140
36141
36148
36146
35572
35569
36136
36137
35566
35565
35564
36143
36150
36199
36200
35608
35610
36192
36193
35612
35611
35607
35605
35585
35586
35603
35604
35609
35579
35606
35622
35629
36194
36196
36205
36197
36198
36195
35630
35624
36213
36214
36215
36216
36220
36237
36267
36277
36282
36284
36270
36278
36283
36425
36495
36426
36427
50399
50400
36499
36498
46269
36496
36497
36424
36420
36421
36419
36412
36422
36411
36413
36414
36391
36409
36410
36242
36271
36272
36240
36222
36224
35636
36223
36226
36228
36230
36381
50238
35674
36382
36383
36385
36392
36386
36389
36390
36394
36395
36387
36388
35678
36384
35677
35672
35670
35671
35675
35676
35688
35683
35679
35656
35657
35655
35680
35681
35654
35653
35652
35662
35682
35663
35664
35665
50235
35668
35669
35661
35667
35659
35660
35628
35635
35637
35639
47351
47352
35625
35627
35631
35626
35632
36219
35618
35614
35587
35613
35615
35589
35596
35617
35616
35619
35599
35597
35600
35602
35651
35647
35648
44183
35645
35646
35649
44098
44100
44101
44095
44097
44096
44181
46273
47025
46942
35598
35641
35650
44050
44049
44052
44066
44067
35594
35591
35592
44065
44046
44047
44051
44064
44045
44044
44034
44020
44021
44043
44032
44040
44035
44036
44039
44077
44076
44078
44080
44083
44105
44112
44184
44113
44114
44107
44102
43853
43868
50341
50343
43886
43887
43854
44103
44106
44104
44084
44081
44079
44082
44073
44072
44074
44070
44071
44068
44069
44042
44075
44029
44028
44024
44022
44023
44025
44027
44026
43911
44030
44038
44033
44041
44048
44037
44087
44085
44094
44086
44090
44091
44088
44089
44099
44092
44093
35643
35644
35642
35601
35593
35595
35590
35588
35620
35621
35658
35638
35666
35673
36229
36232
36231
36239
36227
35640
36225
35633
36221
35634
36238
36393
36241
36279
36273
36268
36276
36280
36281
36256
36253
36255
36266
36235
36210
36209
36206
36211
36207
36212
36248
36249
36208
36250
36274
36275
36269
36234
36236
36233
35623
35581
35582
44062
44063
35580
35560
35562
35583
35584
44061
35578
35577
35558
35559
35568
36398
36400
36396
36431
36440
36446
36447
36441
36432
36434
36438
36452
36453
36444
36439
36437
36436
36461
36408
36435
36455
36456
36457
36458
36406
36407
36405
36404
36433
36430
36416
36399
36401
36402
50241
36403
36397
36415
36423
46272
46270
46271
35509
35522
35510
42191
35504
42197
35503
42194
50197
42189
42135
42133
42134
42136
42138
42172
42173
42140
42139
35506
35505
42192
50196
42193
35507
35508
35521
35519
35520
42112
42119
42158
50297
50289
42113
48169
42155
42156
50296
42151
42153
42154
42125
42123
42126
42122
42145
42132
42137
42131
50244
50496
42129
50288
42130
42190
44118
44116
44117
44110
44115
44108
44109
44111
44119
44153
44158
50519
50520
50518
50521
50523
50522
40301
40515
40482
40599
40302
41415
44127
41387
43915
46354
50261
43928
43927
43932
43936
43937
43935
43939
43938
43931
43934
43929
43933
43930
43923
43926
43918
40608
40612
40999
41000
41002
41402
41393
40609
41414
44185
42016
44122
44123
44124
44144
44147
44156
44155
44150
44151
44154
44157
44152
41851
41853
41852
42014
42029
41863
41864
44145
44146
44148
44136
44131
44130
44132
44135
43946
43947
43945
43940
43943
43949
43950
43952
43955
44138
44137
44140
44139
44142
44141
44143
44529
44300
50268
44278
44276
44528
44277
44302
44530
44307
44306
44309
44310
44308
44305
44294
44295
44299
44286
44259
44282
44281
44260
44311
44288
44287
50548
44283
44284
44285
44289
44291
44279
44280
44293
50549
44297
44290
44292
44304
44301
44303
44274
44275
43953
43954
43951
43941
43942
43944
43948
44133
44134
44120
44121
44125
44128
44129
44126
41865
43902
42381
42382
42393
42406
42383
42407
42410
42408
42409
42411
42425
42428
42429
42430
42472
42474
42530
42593
42594
42596
42598
42599
42597
42592
42595
42591
42528
42529
42527
42526
42413
42522
42396
42388
42519
42520
42384
42385
42387
42391
42386
42390
42395
42392
42394
42389
42403
42412
42416
42419
42426
42427
42405
42414
42420
42417
42418
42473
42476
42475
42590
42471
42415
42424
42421
42423
42422
42470
42404
42401
42402
42457
42458
42459
42468
42469
42462
42397
42398
36722
50580
42234
42288
36723
42318
42280
42317
42297
42546
42560
42547
37792
45836
47645
50422
50421
50423
47646
50391
47647
50425
50424
50427
50426
50359
50360
49691
50340
46242
46243
49664
49665
46275
46276
37220
38427
37219
42279
42263
42281
42282
42283
42294
42295
45377
42273
42274
42285
42286
42284
42278
42276
42277
42275
42261
42259
42258
42260
42250
42256
42255
42254
42252
42248
42264
50231
42251
42257
42262
42233
42235
42215
42253
42272
42221
42229
42230
42231
42232
42296
50597
50598
42298
42265
42268
42270
42269
42271
42287
45943
42289
42290
42292
42525
42524
42291
42523
42521
42517
42518
42515
42516
42267
42266
35689
35693
35695
35703
36454
35707
35710
35714
44586
44574
44583
50547
44619
44618
44585
44584
35712
44617
44579
44580
44582
44575
44581
44573
44572
44568
44569
44570
44576
44180
44566
44537
44538
44549
44551
44550
41728
44546
44548
44543
44547
44531
44532
44556
44553
44554
44555
44563
44541
44544
44536
44533
41724
41729
50545
50546
44545
44542
44535
44571
44577
44578
44534
44621
44539
44540
41723
35713
35711
35708
50344
50345
50510
50511
35701
45015
46435
50512
50513
35702
44192
35700
44190
44189
50517
50514
50515
44191
50516
44166
44163
44188
50572
50571
50573
44164
44165
44174
44176
44177
44178
44179
44567
44565
44172
44171
44169
44167
44149
44170
44173
44168
44162
44160
44161
44159
44175
35699
35704
35694
35692
35691
35696
35698
35697
35709
35690
50098
108908
108907
108920
108918
108919
108983
108969
108921
108968
108967
108981
109009
109010
109026
109028
109035
109073
109074
113088
113780
109076
108956
108971
109017
108976
108975
109018
116299
109023
109022
109021
108974
108955
108972
108973
109016
109015
109025
109024
109014
109013
109011
113779
109012
108989
113778
108988
108984
113777
108985
109019
109027
109020
109034
109000
108982
108977
108998
108999
109008
109005
109006
109007
109057
109056
109051
109053
109054
109052
109061
109069
109070
109071
109089
109088
109087
109072
109083
109075
109060
108749
108965
108751
108750
108990
108992
108766
108767
108768
108764
108765
108993
108994
108996
108997
108912
108901
108903
108962
108964
108963
108902
108925
108914
108926
108913
108927
108904
108957
108932
108934
108933
108961
108958
108959
108960
108905
108910
108909
108953
108966
108954
116329
108952
108951
108950
108949
108948
108930
108928
108929
108931
108947
108946
108945
108911
108906
108937
108939
108938
108940
108941
108942
108943
108944
108970
108935
108978
108979
108995
108936
109001
109002
109003
109004
109046
