3981
229006
229007
234990
225269
225270
229008
229010
229011
229012
229016
229014
229017
229015
229018
229019
229040
229039
229051
229477
229480
229483
229482
229478
235294
229481
229485
229487
229495
229491
229500
229490
229071
229072
229063
229057
229060
229061
229062
235173
229035
229034
229031
229032
229033
229030
234989
229029
229021
229022
229025
229026
229027
229028
229020
229056
229059
229058
229049
229066
229048
229050
229068
229479
229069
229053
229052
229044
229041
229042
229067
229070
229486
229489
229513
229522
229517
229521
229524
229602
229601
229575
229598
229572
229571
225538
229569
229570
229562
229561
229560
229563
229565
229471
229466
229470
229472
229467
229461
229460
229453
229452
229464
229462
229463
229549
229551
229545
229546
229555
229556
229554
229544
235386
226321
229446
229543
229442
229443
229445
229444
229447
229440
229441
229448
229430
229429
229420
229426
229418
229419
229428
229427
229432
229431
229433
229435
229454
229434
229475
229425
229045
229423
229422
229421
229002
229001
229004
229437
229436
229456
229506
229508
229509
229512
229511
229510
229469
229473
229595
229474
229566
229567
229568
229468
229459
229457
229458
229424
229000
234399
228998
228999
228994
228978
228992
228995
226031
234313
234316
228981
228988
235322
228989
228996
235326
228993
234319
234317
234318
228976
228980
228927
234859
234860
234862
234861
228924
228926
228928
228932
228931
228929
228925
234865
234864
234866
234858
234863
234314
228979
228983
235325
228982
228985
228990
228986
228991
228987
228984
229005
228975
228977
234988
234315
226032
226026
226022
226023
226028
235175
226025
226027
226029
226024
226263
226264
234888
226243
226270
226272
226273
226284
226285
226277
226279
226281
226286
226282
229412
229414
234705
229413
229415
229439
229409
229410
226280
226278
226276
226275
226274
226268
226271
226242
226252
226251
226283
226240
226241
226238
226237
226253
226235
226236
226033
226034
226261
226265
226262
226269
226036
226035
226230
226231
226234
226239
226232
226233
226037
226038
229416
229417
226287
226288
229438
226319
226323
226320
226322
226324
226325
226326
226328
226327
226329
226330
229552
229553
229557
229547
229548
229451
229449
229450
229455
229465
229550
229558
229559
229564
229573
229574
229596
229597
229519
229520
229518
229514
229507
229484
229476
229046
229047
229043
229003
229038
229037
229013
229009
228967
226030
229281
229282
229064
229283
229073
229284
229677
229679
229680
229682
229681
229503
229504
229499
229494
229492
229493
229501
229502
229291
235559
229285
229286
229304
229671
229672
229290
229280
229278
229279
235199
229277
229287
229288
229673
229674
229675
229676
229289
235404
229075
229074
229275
229276
229065
235174
229603
229604
226442
226443
229611
229612
229610
229708
229709
229711
229830
229826
229832
229833
229834
229837
229836
229838
229840
229855
229856
229895
229902
229904
229905
229908
229911
229912
231065
231061
231063
231060
231062
231040
231039
231064
231068
231058
231069
231072
231073
231070
231090
231094
231093
231085
231084
231089
235133
231074
234977
231075
234972
234976
231167
231159
231156
231157
231160
231161
231163
231154
231153
231087
231155
231088
231151
231152
231033
230987
230988
230989
231086
231079
231158
231162
231080
231057
231082
231083
234974
234973
231055
231056
231066
231067
231076
231071
231059
231041
231038
229874
229873
229903
229901
229896
229894
229841
229867
229868
229882
229887
229888
229889
229892
229893
231042
231043
231053
231054
231081
231050
231051
231044
231045
231046
230951
231049
230947
230950
230955
230956
230976
230975
230978
230979
231077
231078
230984
230983
230985
231030
231032
235273
231031
231034
230977
230974
230973
230980
230952
230953
229668
230945
230949
229667
229665
229664
229666
229663
229654
229656
229657
229660
234704
229661
229670
229885
229883
229881
229879
229878
229884
229669
229662
229875
229876
229877
229659
229653
229652
229650
229646
229645
229648
229626
229623
229620
229619
229621
229627
229624
229615
229616
229607
229608
229614
229605
229606
229541
229613
229622
229625
229617
229647
229651
229649
229658
230957
230954
230946
231037
234706
231047
231048
231052
229886
229890
229891
229880
229869
229872
229870
229871
229655
229839
229618
234604
229828
229829
229827
229835
229714
229713
229705
229710
229712
229704
229702
229685
229703
229700
229706
229698
229699
229695
229696
229686
229683
229684
229707
229609
229823
229540
229693
229694
229697
235172
229488
229516
229523
229537
229539
229538
229534
229542
234994
234996
234995
234992
234993
229531
229536
235268
229533
229529
229528
229527
229525
229526
229497
229532
229530
235171
234991
229535
229498
229496
229515
231175
230875
230874
234703
231035
231184
231025
231029
224983
224984
225432
229582
229583
229585
229586
234664
234653
234654
234655
234665
229584
229589
230887
230885
230886
230888
234985
234405
229590
229591
229593
229594
229592
229635
229633
230920
230921
230922
230923
230925
230928
230936
230935
230942
230929
230941
230943
230944
230948
230939
230938
230940
230937
229642
234465
230924
229644
230931
229634
229638
229639
229641
229630
229637
229628
229629
229599
229600
229640
230965
230972
230981
230986
231027
231028
230982
231015
231014
231012
231013
230960
230969
230966
230958
230959
230970
230971
230967
230968
230963
230964
230930
229643
230934
230927
230926
229636
229632
229631
229588
229577
229587
229578
229579
229580
229581
229576
226343
234437
234438
235136
235138
235137
235227
226344
225433
225987
225996
225999
226003
226007
226011
226014
226016
226013
226012
226010
226017
226015
226009
226006
226008
226001
226004
225974
225980
225981
225988
225990
225989
226005
225984
226228
234350
226021
225975
226229
225350
225352
225354
225960
225351
225353
225973
225851
225853
225854
225855
225852
225857
225977
225976
225927
225928
231522
229822
225856
225257
225829
225833
235448
225832
225830
235249
235026
235449
235248
235027
235028
235034
235032
235033
235030
235029
235031
225841
225842
225843
225844
225846
225867
225868
225869
225863
225864
225862
225861
225881
234763
225880
225896
235254
225895
235243
225897
225898
225920
225921
225929
225936
225937
225924
225926
225925
225939
234759
234758
235334
234761
234762
234403
225938
226095
234760
225933
225940
235335
225935
225952
225945
225947
225948
234773
234772
225951
225942
225949
226018
226020
226019
235012
235013
235015
235014
235541
235008
235011
235017
235016
235018
235019
235020
225918
225914
225911
235003
235021
231614
231615
235022
235006
235005
235004
225978
231603
231606
231611
225979
235009
235010
231608
231607
235000
234998
235001
235002
234999
225904
225903
225874
225877
225875
225882
225883
225884
225873
225876
225872
225870
225871
225902
225913
225915
225916
225946
225912
235025
235023
235024
235007
225917
225941
225943
225944
225950
225932
225930
225931
225908
225909
225919
225907
225923
225910
225934
225922
225905
225906
225885
225878
225879
225823
225822
235242
235330
235328
235329
225827
225828
225831
225259
225260
225263
235479
225261
225262
225264
225268
225267
225341
225342
225338
225340
225345
225346
225964
225965
225966
225958
225959
234404
225957
225344
225343
225953
225954
225956
225967
225971
225969
225970
225968
225955
235497
235498
235499
225961
225348
225349
235369
225347
225339
225266
234255
225837
225834
225838
235127
235128
235540
225835
234284
225836
225258
226106
234257
226110
226111
234258
234259
226227
226226
226096
226097
226104
226103
226105
226107
226114
226113
226112
226101
226098
226099
226102
231091
231092
231168
231170
231169
231164
231099
231173
231096
231097
231098
231125
231126
231128
231104
231109
231110
231129
231103
231127
231134
231136
231135
231100
231106
231101
231105
231107
231165
231166
231095
226121
234459
235044
235047
235043
235042
235046
235041
234835
235045
234834
234458
234457
226084
226088
225153
233911
226053
226054
226100
226050
226047
226049
226048
225154
226086
226087
226085
226154
226153
226155
234287
226156
226157
226158
226159
226161
226164
234254
226204
226205
226209
226212
226215
226502
226497
226620
226213
234588
235413
234590
234589
234591
234587
226210
226211
226206
226203
226207
226208
226167
226202
226197
226195
226198
226131
226132
225839
234053
225840
231617
225845
231616
234049
228149
228150
235283
226199
226128
226130
226127
226122
233920
235529
235531
235530
235532
233924
233923
226126
226124
226115
226116
226125
234586
226090
226093
226091
226092
226145
226094
226148
226146
226147
226108
226123
226109
226117
226118
226120
226119
226150
226129
226163
226166
226160
226162
226165
226149
226089
229941
230538
230535
230469
230471
230472
230470
230537
235401
229371
234332
234331
229372
229744
229752
229753
229773
234380
230473
230475
230476
230536
230474
230478
230553
230554
230555
230219
230220
230477
229805
229806
230464
234386
230465
230463
230539
230543
230545
230546
230550
230551
230558
230577
230579
230582
230583
230573
230571
230572
230570
230564
230565
230566
230567
230568
230569
230547
230541
230542
230548
230549
230544
230540
230552
229344
229345
229352
229354
229351
229382
229386
229387
229395
229396
229397
229383
229398
229399
229402
229404
229406
229769
229766
229767
229776
229777
229778
229779
229765
229763
229764
229762
229761
229770
229772
230425
230433
234983
235267
235266
234422
230435
230436
230443
230444
230441
230442
230449
230450
230454
230455
230142
230448
230432
230430
230431
230440
230426
230424
230427
230422
230428
230429
230423
230121
230117
230118
230104
230114
230111
230110
230115
230116
230112
229377
230119
229393
230099
230102
229378
229392
229394
229390
229391
234378
230100
230109
230103
230105
230108
230106
230107
229408
229407
229411
230120
230128
230132
230129
230130
230126
230131
230125
230127
230124
230123
230122
235189
230113
230133
230134
230135
230439
230437
230438
230434
229771
229401
229768
229405
229403
235400
229400
229388
229389
229353
229349
229350
234474
229384
229381
229361
229360
229369
229373
229374
229385
229365
229366
229375
229376
230445
230446
230447
230462
234615
230460
234737
234739
234738
230458
230461
230459
230090
230088
230091
230089
230101
229252
229260
229263
234978
234979
229262
229253
234421
229296
229259
234420
228959
228961
228965
228974
229701
229292
229293
235134
229294
229689
229717
229720
229727
229729
229734
229849
229850
229857
229853
229858
229859
229860
229921
229918
229920
229919
229928
229929
229927
229932
229933
229815
229931
229816
229934
229939
229821
229936
229935
234584
235270
229938
234585
229940
234769
229937
229812
229817
229811
229807
229818
229819
229813
229814
229809
229820
230466
230468
230467
229808
229810
229799
229801
229802
229797
235180
229788
229783
229787
229785
229786
229784
229781
229780
229723
229756
229721
229730
229790
229789
229792
229793
229794
229738
229796
229916
229736
229735
229737
229848
229847
229731
229732
229791
229380
229722
229754
229740
229690
229691
235403
229719
229747
229748
229692
229687
229307
229688
229306
229305
229301
229302
229743
229749
229751
229750
229739
229362
229364
229363
229741
229755
229742
229745
235165
235226
235164
234382
229759
229746
229379
231451
229758
229757
229760
229782
229774
229775
229803
229804
229798
229800
229795
229917
229851
229846
229733
229716
229728
229845
234423
229843
229726
229842
229831
229725
229724
229718
229715
229303
229299
229300
229036
235169
234837
225012
235059
231112
231113
231115
231122
231123
231124
231145
231149
231663
231662
231647
229973
234768
231646
229971
231148
231150
231183
231178
231179
234767
234844
231143
231142
231141
231119
231120
231139
231140
231118
231133
231137
231131
231132
231138
231174
231176
231180
231182
231181
231177
231144
234766
231121
231116
231117
234777
225013
231666
231667
231668
234765
231640
231642
230574
230575
231648
231641
231653
231146
234770
231147
231654
231664
231665
231655
231660
231643
231650
231658
234757
231656
231659
231657
231651
231644
231649
231652
231661
229824
234829
229825
229852
229854
229861
229897
229906
229907
229910
229913
229914
229948
229949
229955
229954
229957
229958
229944
229942
229898
229865
229863
229862
229864
229922
229923
229924
229943
229945
229950
229961
229962
229965
229968
231111
229969
234424
229966
229964
229967
229970
229972
229956
229953
229963
229952
229959
229960
231108
231114
231102
231130
229951
229930
229946
229926
229925
229947
229900
229909
229915
229899
229844
229866
226306
226309
226312
226260
226307
226308
235463
226258
226259
226255
226256
235462
226257
226254
226313
226332
226337
226338
226653
226651
226644
226645
226642
226643
226652
226654
226661
226657
226336
226335
226342
226346
226347
226660
226662
226664
226669
226670
226672
226687
226688
230898
230903
230899
230877
230878
230879
230882
230881
230880
230901
230991
226739
230993
226738
231006
231004
231009
231010
231011
231016
231017
231018
231019
231021
231036
234357
231024
231026
231023
231020
231022
231008
231001
231002
231003
231005
230998
230999
234986
234987
231000
230918
230917
230919
230962
230933
230932
230961
230895
230893
230894
230891
230892
234984
234406
230910
235459
235460
230909
230906
230913
230914
230996
230889
230890
230912
230915
230911
230916
230997
226737
226727
226733
226731
226734
226732
226741
226742
226752
226725
226726
226724
226718
226728
226719
226714
226716
226713
226711
226680
226681
226712
226710
235455
226740
226703
234709
234710
226704
226705
226717
226735
226736
230992
226699
230872
230869
230990
226698
226695
226722
226721
226723
226720
226693
226691
226692
226689
226690
226715
226682
226685
226683
226684
226686
234711
226694
230900
230902
230904
230905
230994
230995
230883
230884
226696
226697
230897
226674
226675
235458
235457
226671
226673
230896
226667
226668
230871
230866
230873
230867
230876
230868
230870
230864
230862
230865
230863
226666
226663
226665
226655
226656
226334
226341
226345
234359
226333
226331
226314
235461
226244
226291
226294
226293
226295
226296
226297
226303
226302
226304
226311
226310
226300
226301
226305
226315
226316
226317
226318
234358
234997
226700
226701
226702
226676
226677
226299
234852
234887
234886
226298
226292
226289
226247
226290
226246
226245
226743
228906
231211
231221
231234
231235
231236
231243
231307
231244
231308
231311
235568
231277
231343
231346
231357
231358
231359
231361
231362
231298
231437
234795
231435
231440
231442
231296
231429
231428
231292
231427
231407
231408
231425
231291
231288
231290
231286
231267
231284
231285
231293
231263
231265
231272
231271
231278
231282
231270
231255
231250
231254
231248
231245
231269
231247
231253
231251
231252
231246
234519
234521
234520
234889
234890
234893
234891
234892
231276
231279
231241
231274
231273
231238
231239
235439
231233
231231
231229
231232
231225
231203
231222
231223
231218
231224
231227
231228
231237
231219
234522
231204
232104
232105
234806
234516
234517
234463
234460
226750
226749
231202
231201
231226
231230
231249
231261
231260
231262
231264
231266
231287
231289
231295
231360
231348
231345
231317
231318
231349
231319
231350
231351
231352
231354
231355
234688
231353
231356
234336
235408
235410
235407
235409
231364
231366
231367
231369
231341
231342
234687
234686
234695
234693
234694
231336
231340
234365
234366
231363
235406
232818
234470
226803
226802
232817
234469
231338
234471
231324
231322
231333
231323
231326
234334
231321
234468
231334
231337
234578
231335
235260
235453
235454
231329
231330
231331
234632
234623
234634
234624
234633
234636
231332
234328
226786
226790
226791
226789
234467
226788
231327
234685
234827
234684
231328
226787
229085
229123
231634
226784
226785
232946
234337
234335
234958
232545
232544
234237
234734
234732
232945
232947
232941
232943
234839
232948
232942
232944
226783
234635
231339
231365
234690
234689
234894
231171
231172
234333
231325
231320
231315
231313
231314
235255
235256
231312
231306
231302
231303
231304
234677
231309
231297
231294
231347
231283
231280
231344
231281
235405
231316
231310
231305
231275
231240
231242
231216
231217
231209
231213
231205
231206
234344
231208
230907
230908
231220
231207
231210
226744
231185
231186
235297
235298
231187
231190
231191
231192
231196
231198
231199
235299
231480
231200
235271
231418
231420
231424
231426
231447
231449
231448
231492
231493
231496
231464
231472
231500
231501
231509
234906
231525
231524
231532
231891
231892
231530
231526
231529
231531
231518
231515
231512
231510
231511
231513
231519
231527
231520
231523
231593
231597
235272
231587
231609
231605
231586
231585
231596
231595
231598
231601
231589
231610
231620
231635
231637
231636
231633
231638
231645
231639
231591
231592
231618
231619
231621
231622
231628
231629
231630
234948
234952
234942
234953
234941
234950
234943
231625
231632
231623
231631
231624
234940
235579
235126
231626
231627
233015
233016
233021
234433
233022
233024
233023
233025
233026
233027
233037
233038
233040
233039
233035
233036
233019
233018
233020
233006
233007
233001
233028
233030
233034
233031
233046
233045
234355
232998
233002
234351
232987
232988
234330
234354
235197
234637
234639
234641
234640
234638
234329
234348
232980
234347
232978
232979
232972
232976
232971
232968
232964
232969
232975
232977
232984
234349
231567
235257
232967
232983
232974
232973
232960
232956
232957
232961
232962
232951
232997
234300
234302
234299
234301
232952
232949
232950
232958
232955
232953
231383
231385
231377
231384
231390
231389
231392
231387
231540
231551
231545
231548
231549
234432
231557
231562
234945
234946
234955
234957
234956
231581
231582
231583
232994
232995
232992
232993
231579
234947
231577
231578
234944
231574
231575
231576
231580
231572
231573
231566
231563
231568
231569
231554
231555
231393
231564
231570
231571
231556
234897
234895
234896
234898
234899
234900
231543
231439
231533
231534
231542
231436
231438
231433
231434
231441
231443
231445
231444
231432
231413
231409
231430
231431
231400
231410
231397
231399
231404
231405
231402
231403
231415
234667
234840
234666
231416
231412
231419
231401
231414
231256
231258
231257
231268
231259
231406
231395
231396
231398
231411
231536
231538
231546
231541
231550
231537
231544
231552
231558
231584
231559
234904
234902
234903
234901
235411
231561
233010
233009
231553
231539
231547
231380
231378
231381
231373
231371
231372
231374
234691
231370
231368
231379
231391
231382
231388
231375
231376
232954
231386
232959
231394
231565
232985
232989
232990
232965
232963
232981
232982
232970
232966
234345
234346
232991
232986
233000
232996
233008
233029
232999
231588
231590
234949
234951
231560
231594
231514
231516
231506
231507
231521
231517
234905
231504
231502
231503
231494
231508
231495
231498
231505
231499
231473
231475
231467
231474
231486
231487
231490
231910
231477
231483
231912
231481
231482
231484
231489
231491
231476
231456
231478
231454
231455
231468
231457
231453
231188
231189
231450
231452
231193
231194
231195
231197
234431
231488
231485
231479
231458
231466
231463
231465
231446
234356
231422
231423
231421
231417
231007
231604
231897
231878
231890
231886
231875
231876
231612
231613
233003
226770
231212
231301
226439
234466
226440
231214
231300
231299
234363
234338
234339
234631
234361
234340
234341
226766
226782
226767
234342
234343
226779
226781
226774
226778
226775
235450
226776
226777
226780
235451
234799
235452
226771
226773
226772
235327
234629
234630
232102
234628
226764
226765
232048
226762
235371
226769
226758
226760
226763
226761
226759
226756
226757
226754
226755
226768
226747
226748
226729
226730
226753
226745
235567
231215
231727
231728
231729
231730
231731
231735
231732
231733
231736
235302
235357
225515
235557
225038
225364
225363
193473
193461
193469
193466
193468
193472
193470
193474
193476
193475
193471
193467
193465
193464
193463
193462
193459
193455
193457
193458
193456
193460
193454
193453
193452
193451
225035
225037
225041
225042
225044
225040
225043
225039
225032
225030
225031
225028
225029
228418
228419
225036
225045
225418
225455
225419
225424
225492
235492
235494
235493
225491
225494
235488
235490
235487
235489
235486
235491
235485
225493
232498
235147
232493
232499
235496
235482
232497
235086
235483
235087
235480
235481
235484
225441
225442
234272
225443
225449
225452
225453
235253
235495
234823
234822
235477
235084
235088
235085
225451
232424
225422
225423
227191
232631
232423
232487
225572
225571
225579
225684
225686
225691
225718
225721
225734
225795
226395
226401
226402
226405
226406
226407
235502
235505
235500
235501
235512
235514
235517
235518
235515
235516
235513
235510
235511
235508
235509
235506
235507
235503
235504
226390
226376
226397
226398
226374
226375
226371
226378
226386
226387
226389
226391
226396
226384
226385
226382
226393
226392
226380
225735
226379
226377
225726
225727
234285
225723
225724
225728
225725
225729
225720
225719
225722
225716
225714
225713
225715
225712
225687
225688
225689
225670
225679
225678
225674
225675
225672
225673
235097
235098
231915
231901
231905
225584
225524
225580
234232
235103
235105
235104
235107
235106
235109
235108
225523
225525
225536
225537
225539
225540
225553
227569
235135
234878
225557
225558
225559
225565
225560
234230
225564
226361
226362
226363
226364
226366
226372
226365
226368
225702
225708
225711
226367
225704
225699
225703
225698
225705
234869
234871
234870
225693
225694
235564
232501
232502
225692
225676
225677
225695
225563
225543
225562
225541
235096
225544
225696
225566
225700
225701
234849
225542
235095
225554
225561
225555
225556
225547
225550
225552
226359
226360
226358
226356
234539
226355
226354
225531
225535
229505
225533
225549
225545
225546
234879
233953
233614
233617
233615
234875
234876
234877
235333
232347
231535
231528
231459
231460
231461
231462
226339
226340
235125
234540
234874
225529
225390
235124
226349
235123
226348
226352
225530
225389
225388
225387
225373
225386
225371
234771
225369
225370
225377
235067
235070
235071
225375
225376
225379
225380
225391
225392
235066
235468
225383
225382
225384
225378
225381
225385
225374
225372
225528
225429
225519
231469
231470
231471
225518
225520
225430
225434
225402
225405
225403
235089
225567
225568
225569
235090
235091
235093
235092
225435
225436
225522
225365
225366
225526
225527
225367
225368
227607
227608
225532
226353
226350
226351
235073
235072
235077
235467
235074
235075
235076
225420
225421
235370
234234
234235
234236
234240
234241
225404
225428
225411
225415
234245
225413
225414
225412
225398
225399
225534
226357
225551
225548
235094
225521
225033
234281
225034
235102
225400
225401
225583
225581
225585
225587
225586
225582
225588
225671
234286
235099
235101
235100
225680
225681
225682
225683
225697
225709
225710
226370
226373
226369
226388
226383
226394
226381
225731
225732
225796
225794
225797
225805
225806
225807
226403
225801
225804
225775
225776
225803
225774
225768
225769
225761
225760
225757
225754
225758
225766
225770
225800
225799
225792
225787
225786
225751
225788
225752
234261
234260
234661
234401
225747
225748
225741
225749
225762
225753
225665
225664
225663
225645
225736
225643
225642
225636
225638
225637
225633
225639
225640
225634
225644
225613
225619
225618
225609
225607
225608
225610
225611
225617
225616
225621
225647
225650
225660
225662
225669
225755
225756
226075
226136
226137
226138
226140
226144
226141
226142
226143
226083
226080
226082
226052
226051
234454
226046
226044
226064
226067
229337
226078
229340
226063
226045
226043
225858
225859
226077
226079
226081
226072
226071
226069
226070
226065
226066
226076
226133
226135
226134
226139
226074
226068
226058
226061
226062
234807
226060
226056
226041
226055
226039
226040
225631
225656
226042
225632
225629
225624
225630
225654
225653
225652
225626
225651
225625
225627
225628
225655
225657
225658
226059
225668
225666
226057
226073
225661
225622
225623
231914
234439
234251
225646
225648
225649
225659
225516
225517
235110
225605
225601
225602
235332
234662
234663
225604
225612
224990
234545
224991
235445
235446
234659
234660
225578
225577
225575
225576
225591
235444
225590
225595
225685
225738
234872
225737
225743
225785
234326
225745
225777
225781
225778
234402
225780
225782
225783
225779
225746
225742
225744
225592
225593
225594
225598
234400
225603
225606
225615
225614
225620
225635
225641
225740
225739
225750
225764
225765
225771
225763
225667
225759
225767
225773
225772
225802
234453
225791
225789
225790
225793
225798
225784
225733
225730
225717
225690
225599
225600
234233
234231
225589
225570
225495
225496
225573
225574
225450
225425
225849
225850
225431
225427
225426
225416
225417
234273
225046
225437
225440
225439
225438
225057
234270
234271
225445
225446
225056
225048
234268
234269
225047
225050
225051
234267
235252
235251
225049
225053
234266
234265
225052
225067
234242
225066
225027
225026
225025
234280
234279
234283
234282
227570
225060
225062
225061
234243
235441
225065
234244
227571
235078
234867
234868
225063
225064
225058
225444
225059
225456
225459
225461
225462
225463
225467
225478
225480
225482
225815
225860
225865
225514
225511
225510
225406
225407
225821
225408
225512
225487
225448
225454
234396
225447
225505
232418
232419
235113
235116
235115
235117
235111
235112
225501
225502
225504
225497
225499
225500
225503
234873
225506
225507
225508
225409
225410
225484
225490
225489
225483
225481
225485
225488
235118
225486
235119
235120
235122
235121
225498
225513
225509
225817
225816
225468
225469
225810
225809
225811
225814
225813
234277
225819
225818
225820
225479
225477
225474
225457
225472
225470
225473
225476
225475
225471
225458
225466
225070
225075
225076
235250
225078
235079
235081
235082
235083
235080
225077
225251
225465
225464
225460
225252
234278
234407
234408
234397
234398
234256
225337
225866
225888
225889
225890
225891
225886
234764
225887
225892
225893
225894
225899
225900
225901
235035
235036
235040
235039
235037
234451
234452
235038
225016
225017
225020
225021
225024
225023
225018
225022
225808
226404
226409
226173
226174
233901
233902
226176
235244
235246
235245
226175
226182
234248
234249
226453
226465
226458
226457
226200
226196
226214
226201
226455
226456
234462
226468
226471
226474
226476
226479
226485
226487
226475
226486
226554
226552
226555
226556
226557
226558
234681
234682
234683
234680
226569
226607
226567
226568
226613
226614
226608
226609
226615
226611
226617
226627
226634
226636
226637
226640
226635
226638
226639
226631
226632
226641
226709
235547
226708
226751
226746
226706
226626
226604
226625
226629
226623
226622
226621
226598
226581
226572
226573
226588
226596
226599
226602
226592
226590
226600
226601
226606
226633
226585
226589
226543
226587
226605
226707
234678
234679
226586
226593
226595
226594
234836
234464
226547
226542
226544
235533
226546
226545
233919
233917
226521
226503
226522
226536
226538
226540
226541
226582
226583
226563
226562
226539
226530
226533
226535
226534
226531
226525
234801
226526
226511
226513
226527
226512
226523
226480
226481
226508
226509
226482
226483
226510
226532
226528
226520
226518
226519
226517
226514
226515
226516
226504
226505
226506
226494
226500
226501
226489
226219
226217
226218
226216
234461
226488
226194
226448
226490
226499
234802
226449
226450
226224
226498
226537
226529
226493
226507
226496
226491
226495
226492
235548
226584
226591
226566
226571
226578
226579
226576
226575
226564
226565
226574
226603
226597
226630
226628
226624
226618
226612
226616
233916
226610
226580
226577
226570
226560
226561
226559
226550
226551
226549
226408
226410
226413
226411
226412
226414
226415
226416
226417
226420
226421
226422
226423
226418
226419
226425
226424
226553
226548
226484
226524
226473
226472
226477
226478
235144
235060
226469
226467
226464
226462
226460
226461
226466
226463
226470
226452
226454
234250
226459
226451
226446
226441
226426
226427
226444
226447
226445
226429
226438
226428
226436
226432
226435
226430
226431
226433
226434
226437
234246
234247
226181
226192
226193
226191
226190
226189
226185
226186
226184
226183
226187
226188
226179
226178
226177
226180
226168
226169
226171
226172
226170
226151
226152
226619
226222
226220
226225
226221
226223
