4088
242111
243157
243237
261677
261678
261680
261679
243240
261963
261962
243239
243241
243054
243056
261529
261531
261535
243201
243055
263755
261528
261527
243202
243238
243236
240030
240032
242255
242254
242253
242259
263397
263782
242256
262236
245153
245154
263781
245155
245156
245157
245158
241451
261259
245161
245167
245168
245169
245178
245180
245163
245182
245181
245245
245164
246792
245162
245160
245159
245151
261252
241450
241467
264100
264306
261257
261258
262307
245152
261255
261256
245902
245903
245904
245905
245906
245907
242470
236522
236521
241986
242471
242362
242360
242352
242355
242356
242354
242373
242374
242378
242381
242375
242376
242380
242377
242364
242369
242371
242372
250219
250220
250188
250221
250187
250196
250200
250194
250198
250199
250195
250197
250201
250193
250191
249596
250190
250189
250192
250180
250179
250178
250177
250175
250176
249581
249582
250169
250170
250174
249583
249584
242338
242284
261293
242343
242342
250181
242281
242282
242278
242274
242273
242275
242272
242267
242210
242211
242208
242207
242206
242205
242268
242269
242279
242280
242339
242335
242336
250173
242337
242340
250182
250183
250216
250217
242368
242367
242366
242345
250184
250185
242344
242341
242363
242323
242324
242325
242288
242382
242329
242328
242327
242330
242332
242392
242391
241997
241999
241998
242389
242390
242393
242404
242405
242468
242472
242473
242469
242334
242395
242394
242333
242326
242331
242351
241995
241994
241996
241051
241043
241046
241044
241047
241037
241042
241038
241052
241063
241130
241064
241057
241134
241202
241176
241164
241719
241664
241720
241241
241242
241631
241489
241573
241053
241284
250186
250218
242370
242365
242346
242348
242349
242347
242350
242353
242358
242357
242361
242359
242467
242379
242481
242257
242262
242263
263783
242265
242264
242292
242285
242286
242301
242287
242302
242283
242258
263784
241280
241281
242151
242152
242153
242155
242145
242146
240287
240286
242226
241283
242229
242246
242247
242248
242249
242250
242252
259740
259735
242261
242251
263395
263396
242260
242242
242243
242245
243665
243666
258573
261283
261282
242209
258572
262238
262240
242244
242266
242241
244559
242239
242240
242236
242234
242237
242235
242220
242222
242166
242218
242219
242178
242179
242174
242149
261820
261819
261821
242186
242177
242180
242175
242176
242150
242182
242181
242173
242185
242168
242169
242161
242165
242159
242157
242154
242158
242164
242163
241417
242212
241425
241459
241426
241457
242215
242214
242216
264101
242225
242228
242213
242217
242223
241412
241411
241415
241416
242156
242160
242172
242171
242167
242162
242221
242233
242238
242230
242232
251419
242231
241462
241463
241464
241466
241465
241282
242224
242197
242227
242196
240278
241433
241434
241431
241435
241422
241423
241430
241429
241398
241399
241400
241420
241421
246782
241453
241454
241458
241438
241437
241452
241436
241397
241408
241418
241410
241409
241407
241406
241403
241402
241379
261511
241377
241378
241394
241370
241371
241374
241373
241372
241376
241380
241381
241388
241389
241427
241350
241351
241358
241359
241439
241440
241442
241445
241443
241447
245148
241446
245147
241444
245146
245113
245109
245110
245108
245106
245105
245104
245102
245103
245093
245094
245096
241364
241365
241366
241356
241355
241354
241353
244915
241348
261510
241315
241317
241306
241307
241308
241309
241314
241316
241319
241320
241347
245097
245099
245098
245107
245101
241369
245100
241367
241368
241357
241349
241387
241318
241375
241385
241382
241383
241392
241393
241384
241386
241395
241274
241276
241277
241404
246297
241405
241396
241390
241401
241424
241413
241419
241391
241414
241428
241352
240279
241432
241441
245115
245136
261254
261253
261251
241050
245452
261567
241056
245512
241055
241060
245393
245392
245402
245400
245403
245513
245514
245542
247282
245401
245397
245391
245390
245388
245389
245379
245380
245386
245399
245404
245417
245416
245414
245412
245413
245410
245371
245372
245370
245369
245367
245407
245406
245408
245405
245358
245385
245365
245366
245411
245409
245415
245398
245387
245383
245384
245377
245381
245394
245396
245316
247283
245378
245336
245340
245337
245353
245356
245382
245357
245355
245351
245350
245354
235632
261880
245332
245074
245075
245339
245088
245326
245327
245063
245330
245331
245347
245352
245334
245338
245335
245072
245333
245076
245346
245345
245344
245325
245322
245329
245324
245077
245073
245068
245070
245069
245080
245084
245083
245081
245033
263971
245032
245040
245027
245034
245035
245036
245037
245044
245045
245048
245041
261881
245026
245028
245024
245025
245029
245031
245078
245014
245010
245012
245057
245058
245055
245052
245056
245005
245004
245002
261849
245001
261847
245000
245051
244999
245003
245011
245009
245006
261302
261879
244994
244982
244981
244979
244977
244976
244983
244975
245008
245016
245019
245015
245022
245017
244972
244973
244875
244974
244978
245007
244998
244980
244993
245013
244876
245020
245023
245018
245021
245030
245049
245082
245079
245059
245067
245066
245071
235634
243435
245038
245039
263898
263907
245085
245368
245089
245090
245091
245362
245363
245361
245364
245360
261844
245359
245087
245418
245419
245517
245519
245521
245531
245532
245540
245546
245545
245547
245549
245555
245556
245548
245550
245534
245524
245530
245533
245520
245523
245529
264134
245522
245525
245527
245528
245426
245427
245428
245593
245691
261837
245526
245692
245430
245422
245518
245420
245423
245421
245424
245425
245429
243734
245280
245303
245297
245279
245281
243797
243798
245283
245285
245284
245287
264326
245286
245293
245309
245300
245310
245301
245306
245317
245304
245307
245308
245305
245302
245298
245299
245292
245278
245290
261305
261303
245277
245291
245295
245341
264228
264229
264230
264231
245342
245343
245373
245374
245349
245376
245314
245375
245312
245313
264133
245311
264129
264130
264131
264132
245315
245348
245296
245294
245288
245289
244957
261851
261852
244943
244944
244956
244958
244954
244955
244930
245065
245061
245064
245062
245323
244918
244919
244925
263483
244931
263484
244920
263367
263368
244933
244932
245276
263959
244809
244810
244815
245120
245183
245184
245185
245201
245202
245203
245193
245204
245205
245225
245050
245086
245046
245199
245200
245198
245195
245127
245122
245123
245126
245189
245117
245118
245124
245128
245129
245130
245131
245132
245133
245134
245135
245125
245192
245196
245191
245190
245194
245188
245047
245187
245186
245121
244811
244812
244970
244971
263774
244968
244969
244991
245137
245138
245139
245141
245144
245143
245209
245210
245217
245222
245221
245220
245223
245224
245228
245207
245206
245218
245219
245215
245216
245145
245213
245197
245214
245208
245142
245140
245236
245116
245119
245229
245235
245572
245573
245697
245574
245698
245699
245747
245552
245562
245563
245749
245759
245760
245762
247501
247505
247504
247510
247509
245766
245770
245789
245790
245778
245777
245775
245776
245791
245792
245780
245781
245782
245783
245784
245839
245740
245810
245809
245743
245742
245739
245723
245741
245807
245806
245808
245722
245721
245720
245719
245738
261804
245731
245736
245733
245728
245732
245735
245734
245729
245713
245725
245707
245724
245703
245702
245705
245709
245710
245712
245754
245772
245758
245756
245757
245753
245755
245711
245750
245751
245704
245716
245615
245616
245617
245706
245714
245726
245727
245730
245618
245622
245621
245619
245620
245718
245717
245737
245745
245746
245744
245779
245771
245774
245773
245769
245765
245793
247507
247508
247503
245767
245768
245761
245752
245568
245565
245560
245551
245559
245557
245553
245554
245558
245564
245748
245708
245701
245561
245537
245535
245536
262303
245693
245694
245700
245688
245687
245594
245595
245695
245592
245591
245589
245590
245596
245597
245598
245603
245605
245604
245606
245608
245607
245613
245614
245601
245600
245599
245602
245611
245610
245609
245588
245587
245569
245570
245571
245230
245232
245239
245234
245238
245231
245233
245586
245584
245585
245165
245166
255045
264166
245628
245629
245633
245635
245634
245638
245640
245642
245651
261261
245655
261260
245659
245660
245662
245804
245805
245668
245670
245665
245667
245666
245686
245650
245671
245649
245646
245663
245654
245644
245647
245637
245648
245664
245669
245661
245645
245641
245639
245643
261838
245636
245627
245623
245624
245625
245630
245631
245632
245246
245170
245171
245253
245179
245172
245175
245177
245176
245173
245174
245249
245250
245251
245252
245243
245242
245244
245247
245248
245579
245578
245582
245583
245581
245580
261839
245576
245577
245575
245240
245241
245237
245612
245626
245672
245675
245673
245676
245677
245685
245674
245678
245684
245682
245681
246556
246557
246561
245679
245680
246562
246554
246555
246560
246558
246067
246066
246068
246559
261835
236299
242139
242138
242140
242142
242144
242143
242118
242148
242147
242116
241265
242112
242113
241252
241267
241266
241268
241270
241273
241271
241272
261815
261816
261817
261818
261814
241259
241186
241258
241187
241183
241256
241257
261250
241250
241269
241264
241251
242141
242114
242117
242119
242120
242122
242129
242132
242131
242134
242136
242183
261824
242184
242137
263496
263497
263502
263505
263501
263503
263504
263500
263499
263506
263507
263498
263495
242135
242133
242130
242125
242124
242123
242115
240271
240276
240272
236300
241249
243415
261369
261391
263510
261393
261399
261402
261401
261394
261386
261384
261387
261385
261389
261388
243414
243385
243384
261378
261370
243271
243272
243273
243322
243324
261540
243323
243274
243353
243354
263628
263629
264174
243359
243369
243370
243374
263952
243373
243382
261371
243401
261372
261373
261374
261381
261376
261414
261377
261380
243388
243378
243377
243383
243360
243361
243365
243364
243386
261379
243362
243363
261119
243358
243355
243356
243348
243349
243347
243357
243350
243351
243352
243571
243572
243693
243687
243697
243699
243698
243689
243690
243688
261658
243694
243695
243692
243709
240601
243685
240602
243684
243683
243682
243568
243686
243706
243691
243713
243712
243715
243716
243718
243739
243740
243744
243749
243745
243747
243748
243750
243743
243742
243731
243729
243730
261876
243752
261875
243751
243753
243720
243719
243732
243746
243721
243717
243714
243342
261375
254897
254898
243256
261123
254899
243257
243567
243341
243681
243680
243379
243381
243703
243339
243569
243570
243566
243564
243565
243559
243340
243562
243561
243380
243701
243702
243371
243375
243376
243372
263761
264175
243408
261364
243410
244924
243409
261365
261223
243704
261405
243705
244939
261225
261224
243416
261366
261222
243417
243418
261367
261221
261218
261368
261220
261219
261406
243722
243724
243725
243726
243727
243733
243728
243723
243707
243708
261408
243711
243556
243557
243558
243560
238694
261319
263950
264050
238693
261321
244817
244693
261310
261322
261311
261327
261328
261329
261313
261325
261323
261324
261316
261315
261317
244819
244818
244833
261332
261334
261335
261338
263387
261330
261331
243393
261360
261359
243392
261344
261346
244862
261343
261347
261348
261349
244855
244856
244857
244852
244853
243413
244922
244923
261850
261356
261355
243405
261363
243403
261362
243402
261361
243404
243400
243394
261341
261342
243368
261326
261333
261339
244840
244841
244845
243367
261312
261314
243407
243406
261318
261320
243332
237258
237259
243334
243335
243337
243338
243555
243454
243452
243453
243451
243314
243315
243310
243313
243309
243311
243445
261948
243450
243460
243468
243469
243470
243471
261954
243467
243465
243464
243461
243466
243458
243456
243455
243446
243440
243442
243443
243448
243306
243298
243299
243293
261949
243304
243301
243303
243302
243284
243439
257649
243285
243282
243283
243430
243431
243427
243422
243424
243419
243084
243432
243433
243426
243083
243423
243278
242789
243428
243425
243280
243297
243290
243288
243289
243276
243294
243277
261952
243296
243279
243281
243287
243286
243305
243441
243429
243447
243457
243459
243449
243444
243307
243300
243308
243291
261950
243292
261541
243312
243316
243317
243318
243326
243333
243295
243325
262282
262281
243328
262280
262279
243327
243331
243330
243329
240280
241131
241138
241132
241112
241127
241135
240284
241153
240281
240623
240677
240678
240673
240684
240637
241061
241062
261867
261868
261869
241065
241070
241066
261213
264104
264102
264103
241072
241071
241078
241079
241088
241087
241091
241092
261840
263771
263772
263773
241080
241100
255664
255662
241075
261845
241032
241033
241035
241036
241073
241081
241082
241059
241083
241058
241084
241085
241086
241095
241096
241122
263764
263954
263955
263956
263957
263958
263953
241123
241120
241124
241121
241089
241090
241093
241094
241097
241098
241074
240639
240640
241017
241018
241020
241023
241024
240685
240686
240688
263972
240690
241067
240687
240689
240636
240626
240627
240625
240674
240679
240680
240682
240681
240624
240993
241009
241048
241104
241103
241108
241102
261884
241107
240307
261170
241110
261176
261177
239801
261178
239800
261422
261417
241109
240308
263419
261846
241262
241115
241114
241118
244634
241116
241117
244635
244641
263393
244642
244643
241113
241119
244637
241101
244636
244638
241448
244710
244711
261216
244658
244657
244675
244718
244717
244716
244659
244654
244655
261834
244661
244662
244660
244676
244720
244719
244721
244678
244673
244669
244670
244672
244671
244674
241461
244640
241455
241456
244639
244656
241449
241125
241129
241126
241139
241140
244663
244722
247031
244723
241111
241133
241128
244724
244725
261245
261247
235633
261357
256549
256548
261651
244914
244910
244947
244948
263763
263765
244950
244951
245060
244942
244938
244650
244651
261350
244874
244867
244873
244872
244869
244868
244937
244861
244831
244834
244842
244830
244700
244697
244698
244702
244696
244945
244946
244904
244941
244903
244912
244913
244996
244995
244987
244989
263512
244992
261304
244990
244997
261301
244988
244985
244986
263511
263513
263514
244966
244967
244959
244960
244802
244803
244800
244797
244799
244793
244794
244806
244785
244808
244805
244807
244804
244777
244786
244751
244754
244753
244784
244783
244778
244780
244779
244738
244752
244755
244757
244758
244882
244885
244887
244889
244900
244902
244901
244909
244898
244896
244897
244899
244908
244895
244894
244865
244863
244864
244880
244878
244879
244877
244750
244747
244744
244746
244743
244843
244839
244838
244835
244832
244836
244715
244706
244714
244739
244732
244729
244731
244734
244735
237281
237280
244733
244730
244727
244726
244703
244740
244704
244701
244712
244728
244707
244705
244708
244709
244713
244837
244742
244741
244748
244860
244858
244859
244881
244888
244890
244906
244884
244886
244905
244891
244893
261848
244883
244892
244759
244760
244761
244795
244962
261887
261882
244961
244964
244963
244789
244790
244796
244788
244791
261883
244787
244756
244749
244745
244736
244737
244652
244792
244798
244801
261886
244965
244984
244911
244907
244762
244765
244767
244769
244774
244773
244770
244771
244776
244775
244768
244766
244763
244764
244644
244649
244646
244647
244666
244664
244645
244648
244677
244695
238866
243275
238867
243320
243321
243319
243269
243268
243270
243343
240277
240275
240273
240268
240269
240274
243345
243346
240283
240282
261412
243344
244653
237370
237371
240248
240251
240253
261418
240252
240264
261419
240255
240254
240249
240250
261421
241105
240301
241106
240300
240303
261885
240299
240295
240297
240305
240306
240304
240298
261410
240294
240263
240262
240290
261411
240293
240302
240296
240246
240229
240221
240220
240219
240197
240218
240223
240196
240209
240088
240212
240213
240214
240090
240091
264251
264250
240215
240216
240217
240989
261433
240988
240583
240604
240605
261435
240987
240078
240079
240039
240037
240036
240035
240034
240028
240027
240024
240026
240023
240025
240021
240022
240076
240038
240611
240991
241002
241003
241007
241012
241008
263064
241015
241027
241029
241028
241040
241045
241039
241041
241016
241011
241006
240994
240999
241000
240996
241010
240995
241005
241004
241001
240603
240628
240629
240630
240633
240632
240638
261211
261212
240631
240616
240615
240568
240566
240565
240569
240571
240576
240577
240622
240617
240618
240620
240621
240634
240635
240619
240555
240556
240469
240465
240549
240551
240552
240562
240564
240553
240554
240550
240466
240470
240563
240543
240542
242892
240519
240520
240518
240545
240544
240541
240522
240524
243091
240517
240521
240515
240516
240463
240464
240523
240546
240548
240540
240592
240591
240597
240586
240539
240590
240595
240594
240596
240608
240609
240593
241677
261209
241680
261208
261207
240525
240538
240547
240613
240600
240607
240612
240606
240610
240990
240992
240077
240086
240087
240089
240228
240261
240285
240244
240224
240239
240225
240245
240243
240242
240240
240241
243508
243434
243472
243436
243438
243505
243462
243506
243507
261953
243524
243553
257650
243523
243525
243573
243582
243563
243583
243522
243463
243437
243479
243082
235627
243509
243481
243510
243512
243513
243531
243534
243535
243544
243549
243551
243550
243617
243637
243636
243642
243644
243650
243645
243651
243652
243649
243647
243641
243623
243619
243620
243624
261946
243616
243607
243613
261933
261934
243603
243601
243595
243596
243604
261932
243606
243600
243599
243605
243597
243598
243235
243261
261958
243262
261675
261673
261674
261539
261538
261676
261670
243263
261671
243260
243231
243226
243224
243223
243221
243222
243233
243234
243232
243214
243209
243208
243205
243204
243207
243217
243220
243090
243592
243593
243493
243491
243492
243487
243494
243499
243502
243501
243538
243539
243541
243611
243532
243497
243496
243488
243482
243476
243473
243477
261936
243474
243484
243086
243085
243088
243087
243475
243483
243478
243480
243490
243489
243486
243485
243216
243211
243203
243089
243206
243210
243215
243213
243212
243225
261672
243219
243218
243594
243495
243500
243504
243503
243602
243614
243609
243608
261935
243615
243612
243625
243653
243648
243643
243640
243646
243638
243578
243635
243579
243576
261938
261941
261944
243546
243545
243577
243586
243574
243580
243581
243529
243530
261945
261942
261939
261940
243528
243542
243519
243526
243518
261947
243517
243521
243516
257818
243515
243527
261943
243547
243552
243575
243589
243590
243639
243634
243621
243622
243618
243554
243610
243540
243548
243543
243537
243536
243533
243520
243498
243511
243514
235629
261937
235628
243584
243585
243587
243588
243655
243755
243758
243760
243768
243773
243774
243775
243778
243780
243782
243781
244422
244428
244431
244430
244427
244424
244423
244425
244426
243767
243765
243777
243766
243763
261924
243764
243762
261822
243761
243670
243671
243673
264223
264225
264224
264222
243672
243772
243791
244503
244508
244509
244519
244520
244525
244528
244523
244513
244521
261931
244514
244511
244510
244493
244494
244497
244498
263631
244526
264173
244527
244495
244491
244496
243808
243807
244485
243796
244486
243759
243696
243700
243806
243804
243811
243812
243813
245460
243809
243710
243735
243736
243737
243738
243741
243802
243801
243803
243805
244529
244492
244487
244499
244512
244522
244518
244506
244507
244517
244515
244505
244501
244502
244464
244473
244474
261930
244478
244477
244476
244475
244472
244471
244467
244468
244466
244465
244457
244439
244436
244441
244444
244440
244435
244432
244438
244433
261927
244429
243786
243783
243784
243785
243789
261929
243790
244434
243793
243776
243787
243792
243788
263421
243794
243795
244452
244453
244455
244456
244461
244462
244460
244442
244458
244459
244445
244446
244449
244447
244448
244437
244470
244469
244463
244454
244480
244481
244516
244504
244500
244488
244489
261424
261420
244490
243769
243770
243771
243754
243756
243757
243800
243799
245432
245431
245434
240642
240475
240641
240467
240474
240473
240468
240471
240643
240645
240649
240650
240676
240647
240652
240653
240683
240691
240693
241069
240660
240661
241068
241077
241076
240692
240694
240670
240668
262243
262246
262245
262244
263966
240669
262252
262251
262250
240654
240651
240646
240644
240648
240534
240533
261206
240582
240579
240578
240570
240572
240573
240574
240575
241137
241136
261894
261895
261896
241293
241296
241322
241326
241338
241339
264234
264233
245092
241340
245114
262306
262305
241167
241323
241335
241336
241337
241325
241160
241156
241159
241157
241158
241165
261890
241166
244772
241161
241163
241162
264128
241145
241148
241149
241144
241143
241147
241146
241289
241184
241287
241300
241301
241302
261893
261892
241303
241311
241346
241345
241360
241361
241363
241343
241342
241341
241330
241329
241328
241298
241332
241331
241334
241333
241297
241286
262304
261891
263995
241285
241362
241299
241312
241313
241305
241304
241310
241185
241288
241142
241141
241155
241152
241151
241168
264232
257627
261407
257628
261888
261889
241327
241324
241321
241295
241290
241294
241291
241292
241154
241150
261897
240476
240478
240477
240485
240484
240486
240482
240487
240488
240491
240493
240702
240707
240704
240706
240705
240701
240703
240712
261507
240711
240713
240714
240727
240825
240855
261855
261854
261856
240856
261862
240857
240841
240849
240858
240850
240859
240882
240885
240883
240884
240935
240936
240886
240887
240937
240938
240939
240924
240947
240949
240961
240962
240965
240967
240969
241190
240945
244934
241191
241203
241196
241204
241193
241195
241198
241197
241194
241192
240946
240968
240970
241201
246108
240974
246131
246132
240973
241200
241199
241220
241233
241246
241240
241239
241244
241214
241215
241216
241217
241218
241219
241225
241226
241227
241213
240986
240976
240979
240980
241688
240960
241679
240929
240933
240934
261813
264243
241675
241674
241678
241681
241682
240930
263804
240913
240925
240928
240952
240953
240954
240955
240959
240950
240956
240958
240978
240982
240983
240984
240985
241208
241209
241212
243779
241224
241211
241210
240927
240932
240923
240957
240975
240977
240981
241223
241238
241222
241234
263509
241235
263508
241229
241237
241230
241236
241255
246218
246237
241253
241231
241205
241189
241206
241188
241228
241232
241221
241207
240963
240964
240966
245539
240944
240940
240941
240942
240943
240951
261812
240948
240926
240922
240899
240900
240919
240920
240921
240902
240903
240907
240910
240912
240909
240911
240916
240917
240918
240908
240906
240901
240802
240801
240781
240893
240892
240891
240782
240776
240777
262301
262302
240771
240772
240775
240774
240773
240889
240890
240897
240896
240854
240852
240848
240846
240734
240733
240735
240769
240732
240730
240728
240708
240709
261506
240729
240710
240731
240736
240847
240853
240888
240770
240778
240779
240780
240894
240895
240898
240851
240845
240844
261853
240824
241275
240828
240829
240837
244829
240840
240838
240832
240836
240820
240821
240826
240839
240827
261858
240823
240822
240726
240725
240722
240724
240723
240819
241278
241344
241460
241279
242654
240818
240860
240842
240843
240833
240834
240835
240863
240865
240866
240867
240870
240699
240700
240697
240698
240696
240864
240695
240871
240877
240872
240873
240876
240874
240875
261864
241170
241171
241172
241175
250470
241173
241174
241179
246296
263770
264105
264106
264118
264119
264107
264108
264109
252253
250983
250984
250985
250986
250990
252251
264111
264110
264112
264114
264116
264117
264115
264113
241177
241180
241178
263073
263072
240878
261863
241169
240868
240869
240879
261860
261859
261861
240880
240881
240862
240861
240671
240672
240831
240675
240830
240815
240667
263973
240665
255663
262258
262259
262260
262262
262263
263403
262265
262266
262268
262270
262272
262256
262257
262273
262271
263404
262269
262267
262264
262261
240656
240657
240659
261857
263402
240662
240664
240666
240655
240658
240512
240507
240506
240511
240513
240514
240663
240505
240501
240502
240499
240500
240490
240498
240494
240495
240503
240504
263967
240508
240816
240817
240814
240492
240496
240497
240715
240716
240717
240718
240719
240509
240510
240720
240721
240813
240489
240483
240481
240479
240480
262247
263968
241181
241182
261061
241254
241260
241263
246149
241261
261509
241248
241247
241243
241689
241690
241683
241684
263779
241676
240809
240810
240931
241516
240791
240792
241687
263490
241686
241685
240799
240805
240904
240905
240914
240812
263969
240915
254315
254316
240807
240811
240806
240808
240803
240804
240800
236484
245486
245501
245506
245510
247216
247278
263369
247212
247279
247281
247277
245543
245541
245492
245538
245503
245504
261878
245502
245509
245507
245494
245491
256742
256743
245476
245490
245488
245449
245450
245448
245438
245443
245445
245447
245470
245473
245472
245483
245481
245484
245496
245495
245498
245500
247190
247210
247211
247213
247215
247205
247199
247197
247196
247193
247194
247203
247204
247187
247185
247186
247189
261877
247188
245497
245468
245466
245464
245455
245456
245454
261842
261843
261841
245453
245457
245459
245477
245479
245478
245462
245458
245461
245463
245467
245465
247192
247195
247198
247214
247191
261575
245499
245482
245480
245471
245469
245446
245444
245442
245439
245436
245433
245318
245319
245435
245437
244935
244936
245321
245320
245511
245441
245451
245440
245474
245475
245493
245489
241049
241054
245516
245515
247209
245544
245508
263888
245505
245487
236486
245485
236485
244450
244483
244484
244544
244547
244550
244551
244555
244589
244588
244552
244553
244567
244561
244562
244563
244564
244566
244571
244573
244575
244574
244603
244576
244578
244577
247229
247231
247230
247223
247225
247226
244535
261555
247200
247202
244532
247201
247208
247227
247207
244533
244558
244560
244530
244531
247224
244572
244570
244568
244569
244565
244536
244541
244542
244539
244537
244538
244482
244524
244556
244554
244557
244543
244540
244546
244548
244549
244479
244451
244601
244609
244602
244606
244607
244604
244605
244608
247369
257568
247375
247377
247387
247378
257614
247379
247376
247374
247371
247370
247367
247232
244611
244613
244612
247241
247265
247266
247269
247270
247274
247261
247271
247257
247256
247247
247248
247243
247249
247253
247250
247242
247217
247220
247206
247218
263803
247222
247221
247286
247219
247287
247289
247288
247284
247285
247300
247280
247245
247246
247244
247258
247259
247228
247240
247264
247239
247238
247237
247233
247236
247235
247251
247252
247260
247254
247268
247263
247262
247234
247267
247373
247372
247368
244597
244595
244598
244599
244610
244600
240789
240788
263894
264139
264138
244596
244591
244593
244581
244592
244590
244594
243654
243656
244216
244336
244338
244349
244348
244356
244404
244405
244411
244366
244377
244367
261557
244365
244360
244361
244362
244364
244363
244373
244372
261925
244368
244369
244375
244376
244371
244443
244344
244343
243679
243676
243678
261926
243677
244342
244341
244345
244346
244340
244347
244374
244355
244370
244354
244353
244352
244351
244358
244359
244357
244350
244339
244337
244192
244197
244199
244210
244198
244196
261968
244190
244193
244191
261683
244189
243657
243659
243658
243667
243669
261923
243668
243660
243663
243662
243661
243675
243674
243664
244194
244200
244195
244332
244333
244398
244614
244396
244397
244393
244395
244390
264165
244402
244401
244403
244387
244389
244400
244384
244382
244383
244379
244378
244380
244381
244385
244391
244392
261981
244386
261423
244388
244419
261982
244407
244406
244409
244412
244413
244415
264164
244414
244420
244416
244410
244399
244394
240206
244287
244288
244289
244290
244305
244306
244304
244307
244309
244308
244280
244286
244285
244284
244212
244209
244204
244283
261966
244207
244208
244279
261969
244203
244205
244269
244271
244270
244206
261552
261553
244282
244272
244273
244274
244275
244276
244277
263754
263753
244211
244281
244278
240222
244300
244330
244331
244301
244302
244297
244298
263752
244299
264002
244296
240207
244303
237256
237257
244120
244121
244131
244135
244136
244137
244141
261550
261549
244140
244165
244139
244171
244172
244175
244169
244176
244168
244166
244335
244167
243630
243629
243632
261960
243631
243627
243633
243626
243628
243264
243267
243266
243265
244173
244174
244170
244161
244184
261965
244158
244178
244179
244180
244181
244182
244183
244187
244186
244188
244159
244149
244153
244152
244156
244154
244145
244128
244142
244143
244146
244080
244147
244081
244078
244079
244124
244122
261681
243253
244117
244116
244119
243252
240291
243251
243243
243249
243246
243247
243248
243259
243258
261959
243245
243244
243229
243227
243228
243230
243242
244123
244072
244069
244070
244071
244073
244074
244118
244075
244077
244125
244144
244148
244150
244177
244151
244185
244160
244155
261548
244138
244133
244134
261537
244162
244163
244164
261682
244132
244126
244130
244129
244127
240292
243254
243255
243250
