4081
12170
12169
12179
12171
34588
12190
12189
12188
51141
51142
56715
51711
51718
51719
51720
51722
51724
51727
51728
51787
51788
51725
51729
51731
51732
51789
51790
51767
51768
51819
51815
51821
51831
51829
51830
51835
51834
51836
51846
51845
52090
52101
52122
52128
52129
52187
52124
52092
52091
51844
51832
51833
56629
51820
56628
51847
51726
56707
51730
51723
51721
51855
51856
52099
51857
52105
52110
52536
52545
52582
52584
52583
52581
52544
52126
52109
52103
52102
52125
52108
52100
23506
23507
28899
28901
28905
28912
28928
28930
28929
28927
28911
28906
28903
28914
28921
28917
28919
28926
34354
28924
28925
28934
28962
28968
28972
28988
32002
32001
28974
28976
28993
28978
28996
28975
28973
28969
28967
28956
28959
28958
28960
28961
28933
28920
28922
28923
28915
28918
28744
28741
28742
28743
51549
51548
51545
51547
51543
51546
51544
51540
51539
51541
51542
28916
28745
28746
28913
28902
28904
28900
28970
51660
51661
28977
28748
28747
28957
35365
28954
24740
50606
50608
50609
56716
56688
56689
56690
50639
50617
50615
50616
50610
50611
52626
52625
52627
52619
52618
52617
52608
52610
52611
52616
51976
52607
51970
52601
52603
52605
52606
52604
51676
51672
51670
51666
51673
51674
51675
51667
51664
51663
51665
51639
51640
51641
51653
51654
51646
51655
51668
51669
51652
51650
51656
51651
51965
51967
51966
51945
51562
51566
51586
51565
51593
51583
51591
51595
51596
51616
51648
51617
51643
51645
51621
51644
51642
51619
51620
51613
51612
51611
51610
51603
51605
51598
51607
51609
51627
51630
51632
51629
51626
51633
51628
51659
51634
51635
51624
51625
51573
51623
51570
51622
51572
51569
51550
51551
51567
51568
51608
51571
51597
51600
56704
51574
51575
51578
51579
51580
51601
51582
51588
51589
51614
51590
51585
51581
51584
51559
51557
51576
51577
51558
51599
51602
51606
51604
51618
56627
51615
51592
51587
51555
51556
51564
51563
51561
51964
51594
51649
51647
52599
51631
51638
51636
51637
51662
51658
51657
51671
51677
52602
52600
51968
51969
52609
51678
50602
50614
56687
56693
56695
56692
56691
56694
56696
56698
56697
50607
50618
50604
50605
51560
51879
51886
51888
51944
51943
51953
51955
51957
51971
51972
51975
51960
51958
51959
51896
51892
51895
51947
51948
51954
51950
51946
51949
51884
51880
51881
51863
51862
51882
51891
51956
51952
51951
51887
51885
51883
51878
52660
50640
28963
28964
28965
28966
28981
28982
28983
23484
24741
24499
24501
24498
24739
34220
24735
24734
24730
24731
24732
24737
24738
23501
23502
24753
24752
24736
24743
24742
24744
24756
24745
24751
24728
24727
24726
24479
24689
24488
24491
24487
24490
24496
50600
51681
51680
51679
29001
24481
29000
28998
29003
24457
24477
24484
24485
24474
24475
24455
24456
24454
28987
28985
28971
28986
28989
28990
28991
24458
24453
28995
28999
28994
24480
24483
28997
29002
24495
50599
50603
50601
24482
24489
24493
24486
24478
24476
24492
24729
24494
24733
24500
23503
23485
24497
50612
50635
50631
50623
50629
50630
52650
52651
52647
52624
52623
52620
51977
51978
56635
56636
52621
52614
52615
52631
52633
52635
52649
52653
52657
52668
52667
52666
52721
52695
52726
52727
52728
52730
52729
52725
52724
52696
52692
52691
52677
52697
52693
52679
52694
52701
52703
52731
52704
52700
52690
52689
52716
52713
52707
52706
52705
52684
52685
52686
52172
52174
52197
52194
52196
52199
52195
52185
52184
52189
52190
52192
52203
52585
52191
52202
52200
52188
52127
52123
52118
52120
52177
52121
52179
52117
52175
52176
52181
52151
52170
52163
52171
52162
52160
52166
52157
52164
52167
52168
52673
52674
52672
52670
52676
52155
52154
52141
52139
52153
52140
52137
52145
52148
52146
52074
52070
52143
52135
52133
52132
52068
52063
52061
52053
52062
52064
52072
52066
52065
52054
52088
52111
52113
52114
52115
52087
52086
52079
52080
52084
52083
52095
52089
52098
56632
52097
52093
52082
51843
52078
52081
51837
51810
51839
51838
51842
51813
51814
52075
51812
51807
51805
52041
52049
56755
52042
52043
52046
52047
52055
52057
52058
52130
52007
52003
52008
52000
52002
52006
52011
52032
52010
52033
52037
52038
52636
52638
52645
52654
52643
52640
52632
52026
52022
52021
52628
52020
51983
52613
51979
51980
56000
51974
51981
51963
51962
51961
51988
51989
51992
51994
51993
51996
52016
52027
52028
52034
52024
52023
52018
52019
52015
52017
51999
52004
51995
51998
51937
51933
51936
51931
51932
51940
52044
51930
51916
52039
51914
51911
51913
51919
51920
51924
51925
51927
51985
51986
51923
51984
51922
51921
51894
51917
51903
56739
51902
51817
51900
51899
51704
51705
51708
51795
51796
51909
51791
51794
51802
51804
51798
51799
51792
51793
51710
51707
51700
51697
51699
51702
51866
51897
51898
52469
52661
52470
51877
51890
51875
51876
56706
51873
51874
51698
51864
51865
51867
51869
51872
51870
51889
51871
51868
51691
51530
51690
51531
51537
51552
51553
51554
51538
51688
56768
51683
51684
51685
51689
51686
51687
51694
51692
52669
51693
51696
51695
51701
51703
51706
51709
51907
51908
51816
51901
56705
51893
51918
51904
51915
51928
51912
51910
51797
51939
51929
51934
51926
51935
51997
51987
51990
51991
51973
51982
52014
52025
52639
52642
52035
52637
52030
52036
52031
52029
52005
52009
52001
51938
51942
52059
51941
52045
52040
51800
51801
51803
51806
51809
51811
51841
51808
51840
52077
52076
52085
52051
52050
52048
52052
52056
52060
52071
52134
52069
52144
52142
52136
52131
52138
52013
52012
52156
52159
52158
52152
52149
52161
52150
52147
52073
52067
52112
52116
52119
52096
52094
52186
52182
52183
52178
52180
52193
52173
52169
52165
52683
52687
52198
52688
52201
52711
52734
52736
52737
56825
56823
56821
56819
56647
56646
56815
56813
56811
56717
56634
56122
56631
56619
56620
56123
56626
52735
56630
56722
56723
56805
56812
56814
56816
56817
56818
56820
56822
56824
56826
56827
52708
52710
52709
52714
52712
52681
52682
52675
52702
52699
52680
52678
52671
52641
52644
52698
52723
52715
52738
52740
52739
52754
50638
50634
50643
50644
56699
56700
56701
56703
56702
50637
50636
50633
52722
52656
52665
52655
50627
52658
52652
50628
52634
52630
52629
52612
52622
50622
52648
52646
50626
50625
50624
50621
50632
50613
10802
24754
24758
35399
24757
24725
10803
19906
10955
20110
20111
20109
10823
10960
10825
11111
11028
34292
11169
11007
11174
11015
11176
11016
10961
11173
11172
34295
14359
10962
11008
10826
10824
20108
24773
24774
25199
25211
25241
25231
35292
25208
25224
25229
25230
24200
24201
24079
24080
25238
25239
35295
35297
35296
35294
25228
35252
35253
35251
25227
25226
25220
25225
25223
35293
25207
24805
24806
25205
25210
25201
25209
25193
25194
25192
24673
25195
24675
24676
24779
24780
24778
24775
24777
24781
24782
24776
24772
24770
24771
24768
24767
24764
24766
24763
24762
24656
24671
24672
24653
24669
24655
24670
24651
24647
24652
24706
24718
24720
24717
24713
24719
24723
24710
24715
24711
24714
24697
24716
24722
24750
24747
24749
24748
24746
24690
24691
24695
24696
24694
24692
24707
24693
24708
24700
24699
24685
24681
24684
24472
24469
24470
24678
24677
24467
24466
24460
24451
24452
28980
28979
24445
24441
24439
24438
24440
24447
24682
24698
24581
24583
24648
24589
24645
24649
24588
24642
24644
24630
24633
24636
24637
24584
24580
24585
24575
24578
24628
24629
24577
24561
24574
24568
24569
24444
24442
24565
24567
24573
24528
24536
24529
24564
24428
24429
24417
24523
24525
24426
24427
24432
24431
24433
24424
24423
24422
24420
24419
24436
24430
24425
24524
35276
24563
24421
24566
24560
24555
24576
24570
24579
24586
24587
24582
24571
24572
24443
24437
24409
24410
24414
28950
28952
28951
28984
24412
24413
28953
24411
24459
24446
24468
24465
24683
24680
24679
24687
24686
24709
24712
24703
24705
24704
24650
24646
24654
24761
24721
24769
24765
24674
24668
24638
24639
24640
24641
24659
24665
24657
24663
24666
25196
24635
24609
24632
24631
24634
24660
24667
11178
11179
25202
25213
25203
25183
25184
34162
25181
25204
25206
25198
25197
24724
24461
28992
24471
24463
24473
24688
24464
24462
12288
12290
23651
34165
23652
23654
23653
23668
12289
34164
34594
12291
12298
12292
34815
12299
34154
34155
34157
34156
34816
34158
34159
23670
23671
23667
23736
23733
23734
23743
23740
23744
23763
23724
23720
23719
23718
23721
23723
23711
23713
24788
24789
24792
24798
24797
24812
24799
24794
24790
24791
24783
24787
23710
23704
23707
23709
23706
23703
23644
23705
23641
23701
23633
23610
23691
23700
23692
23695
23696
23714
23715
23717
23698
23611
23693
23694
23690
23688
23689
23687
23682
23683
23685
23602
23604
23605
23612
23613
23600
23607
23598
23596
23595
23592
34294
23549
23551
23554
23557
23580
23593
23597
23582
23614
23616
35001
23621
23622
23632
23634
23638
23640
23642
23649
23646
23647
24188
24193
24196
24784
24198
24194
24195
24192
24189
24190
24187
24191
24183
24186
24182
24181
24148
24147
23586
23627
23626
23584
23563
23570
23572
23562
23568
23569
23561
23560
23566
23577
23565
23575
23564
23555
23559
23547
23558
23545
23546
23504
23505
23552
28492
23579
23624
23625
23585
23573
24146
24180
23636
23637
23635
23629
23623
23620
23618
23617
23630
23599
23628
24809
23619
23615
23583
23578
23581
23574
23576
23556
23548
23550
19795
19796
23525
23529
23526
23589
23588
23590
23495
23533
23541
23542
23543
23656
23657
23661
23658
23536
23655
23540
23535
23538
23527
23528
23544
23539
23532
23530
23531
23492
23553
23493
23494
23587
23594
23591
23601
23603
35355
23534
23606
23686
23684
23608
23631
23609
23643
23639
23645
23648
24785
23712
23708
23702
23716
23742
23697
23699
23662
23659
23663
23537
23660
12314
12317
13946
23895
23953
23517
24042
24144
24145
24143
23571
23567
23519
23518
24206
24801
24208
14380
14377
14373
14376
14372
14378
24786
14384
24793
14383
14386
14387
14388
24803
14385
14371
24230
14370
14379
14374
14375
24199
24205
24197
24800
14389
24804
24807
14390
11883
11884
24883
24898
25065
25071
25074
25084
25086
25099
25100
25105
25106
25107
25120
25122
25121
25108
25104
25119
25123
25096
25124
25150
25151
25093
25148
25087
25091
25092
25095
25101
25094
25103
25102
25098
24932
24925
24926
24927
24924
24913
24912
24910
24855
24854
24853
24851
24836
24826
24835
24833
24830
24837
24889
24886
24887
24891
24892
24906
24907
24909
24929
25097
24888
24899
24878
24877
24879
24821
24811
24819
24876
24875
24818
23731
23728
23726
23725
23727
23732
24814
24815
24816
24817
24828
24808
24810
23722
24820
24832
24831
24829
24824
24822
24823
24825
24827
24834
24852
24915
24893
24894
24890
24908
24914
24923
24928
25088
25073
25085
25089
25072
24903
24905
24904
24884
24882
24881
24880
23770
23769
24848
13965
13967
23672
23676
23675
23680
23681
23748
23750
23752
23753
34381
34383
34385
34384
34386
34382
34380
23804
23805
23851
23852
23853
23854
23857
23861
23864
23863
23868
23867
23870
23869
23871
23873
23922
23923
23924
23925
23929
23941
23926
23935
23936
23937
24019
24020
24022
24026
23976
23977
23974
23979
23982
23968
23971
25144
25143
25080
14247
25081
25083
25145
25090
25146
25078
14246
25082
25142
25079
25075
23906
23904
23894
23892
23889
23890
23885
23893
23902
23907
23908
23956
23957
23954
23955
23951
23898
23899
23881
23896
23883
23882
23796
23788
23798
23886
23803
23806
23801
23802
23799
23800
23797
23786
23787
23772
23785
23773
23777
23775
23776
35119
35357
35358
35120
23782
35121
23781
23879
23844
23850
23849
23843
23754
23778
23761
23762
35356
35359
23779
23780
23774
23880
23909
23965
23905
23897
23884
23807
23887
23891
23888
23903
14369
25141
23966
23967
23958
23980
23981
23973
23975
23964
23963
23962
23960
23959
23952
23950
23949
23947
23948
23961
23944
23972
24021
23978
23945
23911
23915
23914
23931
23942
23943
23930
23910
23939
23927
23928
24448
23878
23946
23877
23921
23916
23876
23872
23875
23901
23900
23874
23848
23847
23859
23858
23845
23842
23865
23855
23913
23918
23920
35044
23856
23866
23862
23860
23814
34597
23846
23760
23759
35039
23749
23751
23756
23755
23757
23767
23771
23790
23793
23794
23795
23792
24896
24900
24902
25066
25067
25076
25077
25064
25070
25062
24901
24897
24895
23791
23768
24885
23765
23758
23730
23746
23764
23741
23729
23789
23766
23745
23739
23747
23679
23678
23738
23737
23735
23677
23674
25063
25147
25149
14158
14159
14351
14328
14312
14314
14316
14323
14315
14320
14318
14319
14313
14213
14214
14215
24017
24025
24028
25153
14205
24015
23995
24009
24024
24010
24016
23985
24027
23996
23989
23986
23988
14204
14211
14212
25068
25069
11180
25186
25172
25174
25179
25180
25177
24624
25182
24627
25178
24626
25189
25200
25188
25191
24664
25190
24658
24661
24662
24608
24610
24607
24606
24558
24603
24604
24613
24599
24612
24596
24611
24597
24370
24382
24380
24378
24381
24387
24974
24976
24991
24979
24988
24994
25187
25185
25212
25215
25046
25057
25056
25240
25237
25236
25235
25222
25234
25216
25221
25217
25219
25218
25233
25055
25052
25050
25031
25032
25048
25053
25049
25026
25022
25028
25023
25025
25158
25168
25165
25169
25156
25164
25157
24933
34160
24931
24930
25002
25001
25000
25003
25004
25018
25020
25019
25014
25017
25016
25015
25006
25010
25009
25013
25035
25036
25039
25040
25045
25043
25044
25214
24995
24989
24987
24985
25033
24984
24963
24958
24957
25007
24956
24950
24951
24952
24960
24961
24955
24953
24947
24946
24945
24866
24871
24870
24873
24874
24917
24916
24911
24858
24857
24856
24859
24867
24847
24861
24862
24844
24845
24846
24864
24934
24338
24334
24335
24843
24850
24841
24849
24842
34801
24839
24860
24868
24869
24863
24865
24872
24954
24949
24948
24939
24938
24940
24941
24962
24982
25042
24990
25037
25038
25041
25034
25012
25011
25008
25005
24998
24999
24997
24918
24920
24919
24922
24921
25024
25029
25030
25027
25051
25054
25232
25047
24996
24993
24992
24986
24983
24977
24971
24970
24969
24966
24943
24965
24964
24373
24371
24372
24365
24376
24367
24366
24369
24360
24363
24364
24359
24361
24590
24592
24591
24595
24593
24552
24545
24544
24557
24601
24556
24602
24562
24554
24535
24534
24533
24522
24521
24527
24526
24405
24406
24404
24400
24403
24415
24401
28945
28944
28898
28943
28941
28942
28948
28897
28892
28893
28939
28894
28940
24390
28878
28936
28935
28877
28854
28875
28873
28871
28872
28866
28880
28881
28879
28882
28883
28888
28889
28886
28887
28932
28909
28910
28931
28907
28908
34805
28895
28896
28885
28870
28868
28867
28864
28862
28837
28835
28861
28833
28830
28831
28827
28828
28815
28816
28848
24115
24114
24121
24119
27399
28849
28852
28857
28856
28855
28858
28937
28836
28850
24118
24128
24132
24129
24399
24395
24394
24388
24398
24130
28820
28817
28803
28799
28800
28801
28802
28795
28796
28678
28679
28797
28798
28680
28681
28686
28687
28684
28685
28698
28813
28822
28823
28826
28703
28704
28832
28700
28699
28694
28701
28702
28724
28860
28726
28723
28725
28728
28731
28727
28729
28737
28738
28739
28869
24418
28736
28692
28733
28722
34150
28732
28690
28691
28674
28676
28688
28677
28673
28671
28672
28670
28663
19728
28659
28660
28661
28656
19716
19717
28664
28665
28675
28662
28696
28695
28693
28689
28682
28683
28814
27398
28829
28824
28825
28834
28730
28734
28735
28740
28865
28863
28853
28851
24389
24131
28876
28874
24391
28891
28884
28890
28938
24408
28949
24402
24407
24416
24396
24397
24520
24531
24532
24530
24508
24514
24518
24519
24515
24513
24537
24539
24538
24546
24548
24549
24550
24547
24541
24309
24303
24308
24306
24356
24351
24348
24352
24358
24350
24353
24345
24340
24344
24343
24342
24935
24936
24942
24959
24980
24981
24341
24337
24332
24336
24324
24325
24322
24327
24321
24323
24319
24313
24317
24331
24234
24330
24232
24802
24838
24233
24236
24235
24840
24231
24221
24223
24311
24314
24315
24257
24258
24262
24263
24260
24259
24256
24245
24254
24253
24252
24241
24243
24248
24247
24250
24246
24249
24251
24268
34802
24269
24109
24107
28840
28845
28844
28808
28839
28810
28791
28792
28807
28804
28809
24082
28806
28775
28769
28770
28767
28776
24081
24108
24106
24098
24237
24092
24097
24238
24239
24173
24171
24176
24209
24213
24210
24169
24212
24166
24185
24168
24163
24161
24094
24093
24076
24075
28773
28771
28764
28788
28789
24057
24059
24061
24060
24070
24155
24069
24156
24157
24158
24154
24153
24152
24149
24141
24140
24142
24067
24066
24058
24064
24032
24052
24053
24034
24045
24047
24046
24134
24135
24136
24041
24040
24039
24036
24037
28786
28782
28783
28780
28781
28784
28785
28787
28760
28753
28752
28751
28754
28759
28749
28750
28755
28779
28761
28757
28758
24030
24031
24049
24137
24038
24044
24043
24035
24033
24048
24138
24139
24151
24150
24065
24073
24071
24062
24063
24068
34405
24050
24056
24051
28762
28756
28763
24055
24054
24072
24074
24077
35420
24160
24159
24167
24165
26108
24184
24177
24211
24214
24202
24225
24203
24207
24204
24228
24215
24226
24217
24216
24227
24179
24178
24170
24172
24164
24162
24096
24095
28772
28774
28765
28766
34317
28778
28768
28777
24091
24090
24089
24101
24102
24100
24099
28847
24103
24111
24244
24110
24240
24175
24174
24220
24242
24255
24222
24219
24218
24229
24224
24316
24312
24265
24264
24292
24290
24294
24291
24261
24288
24297
24305
24349
24301
24299
24302
24300
24127
24274
24286
24272
24273
23511
24271
24270
24123
24122
24266
24120
24116
24117
28821
28818
28819
28842
28841
28843
24086
24085
28811
28793
28794
28812
24084
24083
24105
24104
24112
24113
23509
23510
24278
24277
24279
24298
23496
23497
24289
23498
23499
23500
24267
24133
24126
24124
24125
24284
24281
24283
24280
24509
24511
24502
24504
24503
24505
24275
24276
24285
24296
24287
24293
24320
24318
24333
24326
24339
24329
24328
24295
24307
24304
24540
24282
24510
24512
24507
24506
24553
24516
24517
24542
24543
24551
24310
24357
24354
24355
24346
24347
24375
24967
24937
24944
24968
24972
11876
24978
24973
24616
24384
24386
24383
24377
24379
24374
24368
24385
24598
24594
24559
24600
24625
24605
24623
24614
24615
24619
24620
25175
24621
24617
24618
24622
34352
25171
25173
25176
11708
11484
11210
11211
14382
14381
11479
11658
11657
11821
24975
11181
25118
12990
15973
12991
25117
25163
25135
25113
25114
25161
25162
25159
25160
25166
25167
25139
25138
25155
25140
25170
25137
25128
25134
25110
25109
25133
25130
25132
25131
25111
25112
34296
25115
25116
25125
25126
25127
25129
25136
11213
14273
14276
14275
13608
13609
13615
13617
13618
14157
14161
14160
14207
14206
14208
14203
14202
13611
13612
13619
13620
14350
11216
14317
14279
14278
14280
14339
14342
13610
13607
13613
13614
13616
14023
13531
13525
13529
13527
13530
13598
13597
14327
14326
14347
14335
14336
35476
35478
35477
12253
12293
12305
12306
12308
12315
12318
23650
13945
12316
13944
13943
13947
12311
13922
12307
12297
12294
12295
12296
12312
12091
12092
14102
14107
14184
14166
14186
14200
14194
14201
14195
24006
23990
23999
24005
24004
23997
23991
23992
35042
13997
13993
13994
23816
23817
23828
23829
23825
23832
23835
23993
23994
35043
23836
24001
24000
23839
23490
23837
23840
23932
23838
23919
23834
23917
23822
23912
23827
23819
23821
23824
23813
23820
23818
13979
13978
23833
23831
23826
23823
23815
23830
23491
23841
23938
14192
14189
14188
14181
14182
14197
14183
14191
14175
14174
14196
13992
14173
13996
13987
13988
35350
13989
35351
14163
34376
34373
34374
14162
14164
14170
14171
14168
14176
14177
14167
13990
13991
14172
14180
14179
14178
14185
14190
14193
14187
14198
14199
14140
14139
14142
14138
14104
14103
14101
14100
14078
14076
14077
14093
14082
14080
14081
14092
14091
14097
14136
14137
14135
14134
14133
14119
14132
14095
14073
14118
14120
14122
14124
14128
14123
14117
14114
14070
14065
14066
14071
14060
14059
13910
13909
14057
14058
34140
14054
14055
14061
14074
14075
14053
14052
14062
14064
14063
14068
14069
14116
14115
14129
14125
14049
14051
14127
14149
14046
14050
14147
14152
14154
34142
14155
14156
14150
14144
14143
14032
14145
14043
14044
14036
14040
14037
14039
14042
14112
14113
34387
14034
14038
14035
14024
14025
14027
14028
14030
14026
14029
14031
14153
14148
14151
14146
14045
14048
14041
14047
14110
14126
14111
14109
14072
14121
14130
14096
14094
14056
14079
14098
14131
14169
14165
14090
14088
14089
14084
14083
13913
14085
14086
12961
14087
12960
12962
14141
14108
14106
14105
14099
12095
12096
12083
12084
13905
13884
13890
13906
13908
13911
13912
13903
13897
13898
13895
13888
13887
13881
13880
13882
13885
13879
13878
13876
13843
13841
13840
13837
13836
13838
13830
13735
34932
13886
13894
34377
34379
34378
13893
13896
13902
13892
13891
13883
13889
13844
13842
13183
13184
13190
13191
13200
13201
13826
13825
13829
13851
13852
13853
13855
13858
13859
13863
13864
13865
13866
14002
14003
13862
14011
14012
14013
14014
14016
14017
14018
14067
14015
13872
13907
13870
13873
13869
13868
13867
13834
13833
14010
14033
14009
13874
13875
14008
13871
13861
13860
13848
13854
13558
13856
13998
13857
14004
13244
34565
13847
13845
13202
13241
13238
13239
13995
13203
13846
13849
13835
13824
13850
13823
13821
13820
13722
13724
13831
13832
13839
13732
13733
13730
13192
13199
13186
13189
13185
12304
13917
13920
13924
13925
13934
13935
13918
13937
13957
13960
13961
13955
13953
13959
13972
13973
13974
13977
13981
13983
13984
13986
23810
23811
23812
23809
23808
13982
13980
13970
13969
13958
13927
13936
13941
13940
13948
13966
23669
23666
23665
23664
13928
12310
13921
13923
34163
13939
13938
13956
23673
13968
13926
13915
12309
13727
13728
13731
13790
13791
13792
13793
13794
13795
13877
14216
13796
13797
13789
13813
13815
13814
13816
13812
13899
13900
13901
13904
13975
13976
13985
13971
13818
13963
13964
13954
13951
13949
13952
13950
13933
13942
13932
13931
13930
13916
13919
13769
13767
13775
13776
13779
13777
13778
13806
13765
13766
13768
13914
13929
13807
13809
13808
13817
13962
13810
13811
13800
13804
13774
13798
13773
13788
13801
13802
13772
13784
13786
13780
13771
13770
13763
13762
13799
13805
13803
13787
13785
13783
13781
13782
35397
13734
12957
12974
13010
13011
13012
13014
13018
13019
13027
13026
13181
13182
13188
13819
13038
13037
13686
13687
35284
13688
13035
13034
13032
13031
13033
13040
13029
13030
12979
12980
12978
13007
13008
13009
13017
13016
13039
12977
12976
12972
12973
13041
13025
13022
13021
13023
13028
13179
13180
13178
13177
13024
13004
13003
13001
13005
13000
13002
12995
13020
13015
13013
12998
13006
12975
12971
12959
13187
9830
12137
12133
12138
12140
12144
12146
12217
12228
12227
12232
12234
12233
13650
13653
13655
13736
13664
13737
13739
13740
13746
34375
34240
34239
13749
13748
13751
13750
13756
13757
13758
13755
13761
13760
13759
13764
12266
12262
12265
12260
12263
13752
13754
12264
13753
11897
13738
13747
11896
11918
13745
13743
13744
34933
34934
34937
34936
34935
13711
13710
13715
13729
13726
13725
13714
13717
13713
13718
13719
13720
13723
13700
13699
13696
13697
13694
13693
13680
13681
13691
13690
13705
13706
13704
13642
13675
13676
13663
13658
13662
13703
13707
13702
13661
13666
13667
13669
13708
13741
13668
13652
13646
13660
13659
13645
13638
13628
13639
13624
13627
13637
13641
13674
13670
13672
13682
13633
13634
13629
13632
13623
13621
13622
13630
13036
13673
13684
13689
13683
13685
13695
13822
13636
13671
13635
13631
13625
13657
13656
13701
13640
13679
13677
13678
13698
13692
13712
13709
34367
13716
13742
13665
13651
13647
13654
13648
13649
12231
12157
13644
13643
12150
12127
12124
12121
12122
12116
12136
12130
12129
12112
12111
12110
12113
12107
12118
12106
12105
12103
12117
11934
12120
12970
12969
12968
12967
12966
12965
11929
11928
11903
11913
11914
11927
11926
11891
11892
11898
11904
11905
11916
11923
11922
11915
11917
12049
12094
12050
12047
12048
12053
12051
12054
12052
12059
12060
12058
12078
12061
12082
12081
12041
12057
12037
11956
12035
11952
11945
11950
11935
11951
12036
12040
12056
12046
12055
12039
12034
12038
12033
12032
12031
12030
12029
11947
11939
11940
23296
23297
23298
11942
11937
11938
23299
22663
11677
11676
11894
11900
11893
11674
11683
11679
11672
11682
11673
22655
11675
11684
11895
11948
11941
11949
12045
12044
12043
12042
11902
11901
11899
11685
11680
11681
11885
11888
11886
11889
11890
11920
11921
11930
11931
11932
11933
11919
12102
12104
12108
12101
12099
12100
12109
12062
12115
12114
12119
12123
12149
12126
13626
12125
12151
12153
12152
12142
12145
12154
12141
12134
12135
12080
34360
12071
12069
12079
12132
12063
12070
34137
34589
12073
12068
12072
11976
12066
12065
11964
11963
11965
11961
11957
11959
23308
11966
11967
11972
11971
11968
11955
11943
11953
11944
23260
23261
11946
11962
11960
11969
11970
11973
11974
11975
12067
12064
11954
12089
34361
12131
12147
12148
12156
12182
12218
12220
12183
12219
12226
12237
12235
12223
12238
12225
12240
12241
12248
12254
12256
12245
12246
12247
12255
12244
12216
12243
12242
12249
12224
12239
12222
12221
12184
12185
34362
34710
12180
34365
34369
34370
34371
34372
12177
12178
12181
12155
12143
12088
12139
9831
12090
12087
12077
12085
12075
12074
12093
12076
12086
12257
12258
12259
12261
13721
11936
23295
12205
12250
12251
12301
12302
12267
12300
12303
12252
34177
28651
28654
28655
