4084
42207
36443
36371
39348
39349
39371
39372
39352
39353
39373
39374
39355
39356
39375
39376
39357
39377
39358
44620
44626
44627
44622
43983
43982
44182
44253
44346
44351
44350
44324
44362
44363
44364
44365
44562
44564
44558
44338
44557
44559
44339
44337
44336
44334
44330
44332
44333
44322
44314
44326
44325
44317
44298
44296
44315
44316
44319
44313
44318
44320
44272
44273
44348
44349
44347
44251
44261
44236
44521
44237
44239
44238
44266
44265
50310
44264
44249
50311
44246
44234
44244
44248
44250
44209
44212
44225
44224
44226
44230
44228
50333
44231
44218
44229
44220
44219
44222
44214
44217
44216
44207
44210
44205
44208
44204
44206
44213
44215
44221
44223
44211
44201
44227
44232
44233
44235
44269
44268
44270
44271
44312
50334
44335
44561
44560
44340
44331
44323
44321
44345
44587
44343
44588
44344
44605
44602
44604
50570
50352
50471
35716
44630
44629
44628
44624
44595
44589
44600
44590
44596
44599
44601
44597
44598
44327
44328
44329
44552
44591
44592
44593
44594
36953
37039
44193
42208
43265
43267
43266
36954
44200
44199
42033
42034
50230
50229
44355
44416
44417
44419
44426
44444
44446
44448
44455
50303
50302
44447
44449
44450
44452
44457
44462
44465
44467
44468
44641
44649
44644
44646
44643
44645
44642
44607
44603
44608
44606
44456
44458
44459
44460
44367
44366
44361
44360
44357
44638
44464
44454
44453
44451
44437
44438
44441
44435
44436
44439
44440
44432
44433
44434
44407
44406
44401
44422
44423
44424
44421
44420
44428
44430
44399
44402
44403
44404
44398
44397
44395
44396
44405
44442
44463
44443
44461
44431
44429
44445
44425
44427
44359
44418
44358
44341
44342
44368
44415
44353
44354
44356
44352
35729
44633
39552
39564
39553
40287
40227
40297
40286
40288
40122
40201
40233
40121
39071
44631
39070
39068
44632
39069
39246
39566
39568
39569
39570
39573
39682
39571
39572
39834
39835
39878
39882
39885
39890
39567
39973
39354
39383
39385
39440
44610
44609
44650
44651
44654
44655
44469
44470
44653
44652
44614
44647
44648
44613
44611
44612
35731
44636
44635
44637
35739
44634
35733
35734
35740
35750
35751
35771
35770
35827
35752
35769
35790
35791
35793
35830
35833
35838
35794
35781
35783
44834
44694
44835
44717
44715
44716
44712
44698
44713
44693
44697
44695
44696
44669
44670
44666
44664
44665
44667
44661
44660
44679
44681
44677
44676
44675
44678
44686
44687
44689
44690
44684
44680
44674
44673
44616
44615
44685
44688
44640
44639
35736
35735
35746
35749
35753
35792
35747
44659
44658
44668
44683
44682
44691
44714
44692
44833
50337
35782
35748
35745
35738
35737
35732
44240
44242
44241
44254
44392
44378
44393
44394
44379
44390
44391
44380
44374
44375
50506
44377
44258
44255
44256
44376
44371
44373
44372
44257
44243
43426
43427
43447
43449
43448
43446
43428
43440
43438
43439
43468
43469
44381
44386
44385
44388
44387
44384
44400
44382
44383
43460
43462
43470
50505
43466
43463
43465
43461
43464
43467
35918
35496
49989
49990
35495
35946
35960
35963
35995
35996
35964
35997
41394
41395
41386
41384
41385
41381
41382
41380
41379
35966
35965
35967
35961
35962
35957
35956
35954
35958
44861
44864
44863
44862
46078
45940
45942
46079
46080
45939
45938
44831
45929
45932
45931
45928
45897
44803
44802
44776
44800
44806
44810
44805
44807
44823
44827
44819
44828
44857
44829
44811
44812
44820
44809
44808
44794
44795
44771
50475
44772
44796
44798
44797
44781
44792
44790
44791
44787
44785
44786
44782
44783
44779
44778
44750
44742
44741
44738
44739
44735
44736
44745
44746
44749
44751
44753
44766
50255
44767
44768
44759
44758
44757
44763
44756
44734
44737
44733
44730
44726
44729
44728
44731
44727
44505
44724
44502
44503
44504
44764
44748
44747
44732
44725
44740
44780
44784
44789
44754
44752
44769
44770
44765
44799
44773
44774
44801
44804
44826
44825
44830
44832
41376
41377
44858
44860
35955
35950
35951
44818
44856
44814
44815
44816
44854
44853
44850
44852
44851
44849
44846
44845
44709
44847
35909
44848
35908
35913
35923
35933
35932
35924
35930
35938
35939
35940
35942
35983
35994
35941
35936
35934
35916
35914
35935
35917
44855
44707
44708
44777
35912
35915
44793
44813
35953
35948
35947
35949
44817
35952
35945
35959
35937
35919
44499
44501
44656
44663
44671
44743
44744
44672
44662
44657
44471
44479
50304
44478
44481
50305
44483
44482
44484
44485
44498
44500
44497
44477
44474
44475
50272
50270
50271
44472
44476
44473
44480
35883
35886
35888
37712
37730
37725
37732
37733
37734
37735
37731
37739
37713
37711
37724
37708
37707
35889
35887
35784
35786
35785
35795
44719
44721
44723
44841
44842
44843
44722
35822
35907
35906
35910
35911
35921
35922
35925
35926
35928
35929
35866
35868
35865
35867
35870
35871
35873
35892
35884
35898
35899
37736
35890
35885
35882
35881
35879
35876
35859
35857
35858
35853
35854
35855
35846
35851
35835
35847
35848
35849
35845
35844
35842
35843
35837
35836
35852
35850
35856
35841
35880
35864
35863
35813
35820
35824
35819
35816
35817
35812
35807
35801
35803
44839
35804
35806
35815
35861
35878
35860
35869
35891
35893
35862
35877
35814
35799
35797
35796
35800
35840
35839
35809
35798
35805
35808
35810
35811
35826
35825
35920
35823
35818
44840
35821
44838
44720
44711
44705
44699
44704
44700
44706
44703
44702
44701
44710
44718
35802
35787
38741
38734
38735
38736
38717
48755
38721
38742
38745
38743
38744
38746
38747
38748
38750
41516
41511
41513
41518
41510
38749
37832
38025
38034
38041
38076
38089
38101
38093
38103
38110
38686
38688
38701
38705
38716
38709
38740
41507
41509
47489
47488
46859
41512
41508
38712
38702
38120
38119
38118
38117
38088
38094
38087
38066
38095
38131
38685
38689
38133
38111
38105
38102
38091
38092
38104
38090
38086
38085
38077
38084
38079
38074
38075
38078
38073
38040
38072
38038
38039
38043
38042
38044
38046
38048
38065
38064
38063
38049
37928
38047
37930
38050
38051
38052
38060
38058
37931
38057
38059
38045
38036
38033
37833
38026
37981
38108
38718
38032
38706
38008
38070
38071
38080
38081
38082
38097
38096
38099
38679
38623
38680
38625
38693
38626
38660
38661
38656
38653
38654
38622
38624
38646
38652
38647
38648
38640
38639
38613
38637
38611
38610
38612
38638
38645
38619
38644
38609
38614
38618
38620
38615
38018
38019
38016
38014
38017
38012
38608
38604
38621
38616
38617
38020
38015
38083
38013
38037
38098
38106
38107
38681
38682
38690
38695
38699
38700
38759
38758
38737
38724
38733
38732
38729
38719
38720
38731
38715
38723
38725
38713
38730
48768
38704
38714
38711
38722
38665
38757
38698
38696
38697
38694
38684
38692
38703
38687
38691
38109
38100
38112
38683
38282
38606
38607
38605
37508
37622
37935
37936
37937
37945
37944
37947
37946
37956
37990
37996
37998
38603
38001
38011
38000
38010
38009
38005
37977
38004
37975
37999
37997
38599
38601
38602
38600
38598
37995
37992
37991
37987
37953
37986
37950
37632
37949
37948
37631
37989
37976
37994
37988
37958
37943
37942
37941
37954
37955
37952
37951
37939
37938
37790
37940
37960
37962
37964
37967
37979
38002
38003
38006
37984
38007
37982
37983
37980
37978
37973
37972
37974
37970
37968
37969
37827
37825
37821
37822
37814
37819
37959
37812
37815
37816
37789
37787
37788
37783
37781
37780
37784
37779
37776
37775
37774
37777
37773
37767
37769
37771
37811
37965
37966
37963
37961
37818
37957
37817
37785
37786
37630
37623
37778
37621
37620
37748
37770
37791
37794
37797
37803
37804
37813
37796
37805
37820
37826
37829
37831
37971
37830
37823
37828
37795
37782
37768
38261
38597
37627
37634
50328
37624
37673
50298
37629
37628
37674
37678
37680
37698
37700
37701
37691
37689
37690
37692
37687
37686
37682
37695
37696
37688
37677
37679
37675
37676
37633
37681
37683
37985
37625
37626
37702
37993
37684
37685
38738
38785
38786
38803
38808
38809
38972
41553
41559
41563
41566
41576
39019
39020
41565
41564
38975
38978
38977
39018
38971
38969
38973
41562
41561
41560
41558
41556
41557
41555
41549
41554
38976
41552
38970
38800
38802
41535
41551
41550
41548
41546
41547
50329
41537
41541
41542
41540
41539
41536
41531
41533
41525
41524
38801
41515
41519
41523
41534
41543
41532
38788
38783
38784
38787
38754
38753
38755
38756
38751
38752
38799
38796
38655
38664
38659
38641
38643
38812
38813
38819
38821
38820
38817
38818
38815
38814
38667
38666
38670
38671
38669
38651
38649
38650
38668
38816
38642
38541
38822
38866
38826
38823
38825
38830
38824
38829
38828
38672
38843
38845
38851
38850
38847
38861
38848
38849
38928
38929
38934
38935
38937
38939
38940
38946
38949
38965
38962
38963
38968
38966
38967
38958
49207
38955
38952
38951
38942
38926
38941
38944
38947
38948
38945
38943
38931
38938
38933
38932
38930
38922
38925
38927
38950
38806
38807
38953
38797
38798
49085
38739
38792
38782
38793
38781
38779
38778
38777
38728
38776
38762
38727
38726
38764
38774
38763
38775
38794
38923
38772
38767
38773
38771
38780
38791
38795
38924
38769
38921
38920
38770
38768
38765
38766
38761
38760
38676
38673
38675
38674
38846
38844
38835
38678
38677
38862
38856
39013
38954
38961
38959
38960
38956
36004
38916
38917
40686
40688
40692
40694
40705
40706
40713
40719
40720
40790
40791
40792
40794
40763
40795
40760
40759
40756
40762
40753
40754
40757
40751
40737
40733
40735
40749
43989
43992
40747
40730
36826
40728
40738
40740
40739
40741
40744
40726
40425
40430
40427
40727
40424
40426
40722
40672
40671
40725
40723
36878
36879
40732
40734
50596
40683
36825
40729
40701
40682
40700
40702
40678
40691
40689
40663
40662
40664
40666
40668
40665
40661
40674
40679
40680
40676
40675
40670
40673
40669
40659
40658
40657
40653
40652
38884
38887
38875
38886
38885
38873
38868
38871
38872
38870
38841
38877
38892
38837
38832
38831
38827
38867
38878
38879
38881
38869
38883
38876
38874
38880
38889
40655
38910
38911
38908
38907
38900
38899
38904
38987
38985
38986
38988
38999
39002
39008
39010
40765
40767
40768
40772
40775
40774
40770
40769
40766
40717
40764
40699
40697
39003
39001
38996
38919
38995
38994
38913
38905
38915
38914
40696
40712
39012
39009
39006
39004
39007
39015
39021
39016
39014
38981
38974
38964
38993
38982
39005
39000
38998
38992
38997
38991
38983
38936
38865
38863
38864
38894
38895
38893
38891
38855
38860
38854
38853
38857
38839
38834
38838
38840
38836
38833
38852
38890
38842
38859
38858
38906
38984
38903
38912
38898
38897
38901
38896
38888
38902
36373
36374
38909
40650
40651
40656
40660
36503
36504
40654
40677
40667
40681
45050
50318
50442
50443
40684
40724
40731
40710
40715
40708
40707
40736
40750
40752
40758
40773
40771
40761
40755
40718
40716
40714
40711
40709
40698
40704
40703
40695
40693
40690
40687
40685
36217
36218
38918
38569
38570
36005
38882
38989
38990
38211
38213
38368
38370
38371
38374
38388
38390
38392
38431
38432
38437
38439
38451
38452
38429
38458
38459
40239
40228
40229
40240
40242
40250
40251
40253
40258
40254
40261
40259
40265
40257
40260
40282
40281
40255
40238
40234
40231
40235
40236
40232
40270
40237
40271
40256
40252
40241
38461
38456
38424
38450
38425
38410
38438
38444
38446
38543
38550
50396
38447
38544
38545
38547
38548
38549
38552
38560
38566
38567
38553
38554
38556
38559
38576
38584
38583
38574
38536
38534
38537
38539
38538
38531
38527
38512
38513
38530
38514
38533
38532
38555
38573
38500
38501
38502
38535
38498
38493
38494
38507
38506
38495
38499
38510
38508
38551
38561
38473
38562
38564
40313
38565
40316
40248
40249
40243
40245
40246
38474
40244
40247
38466
38468
38469
38470
38463
38454
50507
38457
38465
38455
38467
38460
38563
38476
38472
38475
38471
38546
38509
38448
38449
38464
38462
38445
38542
38485
38482
38484
38488
38483
38481
38383
38384
38479
38387
38399
38401
38385
38379
38378
38377
38375
38376
38380
38381
38480
38404
38403
38406
38400
38405
38393
38402
38440
38486
38442
38443
38453
38441
38435
38436
38434
38413
38433
38411
38367
38366
38364
38361
38351
38353
38389
38397
38412
38365
38394
38430
38395
38398
38396
38391
38372
38386
38373
38214
38352
38350
38212
38528
38306
38382
38428
40225
40317
40319
37241
37244
37247
37245
37242
37246
37254
37259
37262
37263
39362
39363
39368
39382
39369
39384
39359
39366
39397
39389
39388
39411
39412
39410
39398
39399
39418
39419
39420
39421
39423
39422
39426
39433
39427
39429
39430
40219
50413
50414
40230
40221
40222
40226
40224
50398
50397
38426
38423
38416
38415
38419
38421
37292
38418
40215
38420
40216
40217
37285
37286
38414
38417
37282
37273
38408
38409
38363
38362
38407
37271
37270
37272
37283
37289
37290
39404
39406
39408
39405
50258
39407
39403
37293
37287
37288
39402
37284
37281
37291
38422
40223
40220
40218
39428
39424
39425
39409
39401
39400
39395
37280
39394
37279
39367
39396
50252
39365
39364
37277
37274
37275
37269
37267
37268
37266
37251
37260
37261
37278
37276
39360
39361
37255
37252
37258
37253
37249
37248
37250
37243
38356
38357
37697
37699
38248
38249
38252
38258
38263
38264
38270
38273
38272
38299
38302
38316
38314
38315
38326
38327
38491
38492
38503
38489
38504
38496
38505
38497
38339
38341
38516
38524
38525
38518
38522
38811
38810
38519
38521
38520
38517
38523
38515
38511
38340
38337
38490
38487
38328
38311
38317
38321
38329
38330
38336
38338
38342
38634
38633
38632
38629
38630
38627
38628
38635
38343
38345
38344
38636
38325
38324
38332
38323
38286
38284
38283
38313
38280
38281
38285
38333
38335
38631
38334
38331
38322
38318
38319
38320
38312
38309
38298
38246
38247
38245
38271
38267
38275
38276
38277
38268
38278
38262
38279
38256
38253
38259
37703
38260
38265
38269
38274
38266
38257
38251
38526
38169
38170
38198
38202
38203
38208
38210
38209
38197
38199
38215
38221
38220
38222
38369
37596
37597
38163
38161
38164
38172
38200
38201
38216
38217
38219
38223
38305
38307
38304
38308
38310
38301
38297
38295
38290
38288
38291
38289
38294
38296
38300
38303
38293
38292
38204
38218
38207
38235
38287
38236
38237
38233
38232
38226
38230
38229
38228
38240
38241
38242
38243
38244
38239
38238
37670
38255
38250
38254
37665
37669
37671
37694
37693
37657
37654
37655
50470
37658
37666
37656
37653
37652
37659
37660
37661
37646
37651
37639
37667
37668
37664
38225
38224
38168
38167
37663
37599
37662
37600
38231
38227
38234
38174
38205
38206
38173
38171
38166
38162
37598
38165
38477
38478
39431
39434
39438
39432
39476
39478
39477
39479
39480
39381
39416
39415
39414
39455
39482
39483
39484
39485
39481
39413
36462
36511
36509
36512
36515
36516
36513
36514
36510
36520
36466
36464
36465
36375
36501
36502
36449
36508
36451
36450
36442
36448
36445
36417
36429
36428
36418
50469
36500
37059
38151
38152
38153
38175
38179
38191
38193
38196
38192
38348
38347
38349
38355
38354
38360
38359
38358
37235
37232
37230
38188
37218
37221
38346
37216
37118
37116
37117
37114
37113
37115
38180
38189
37111
37112
37107
37108
37060
37061
37109
37110
37119
38190
38177
38184
38195
38187
38194
38186
38185
38183
38182
38159
38155
38157
38150
38156
38160
38149
38144
38148
37587
37594
37592
37591
37558
37588
37589
37559
38142
38143
38145
38146
38141
38139
38138
38137
38140
37556
37595
38147
38154
38158
38178
38181
38176
37211
37215
37222
37224
37225
37265
37229
37237
37234
37236
37233
37231
37228
37226
37238
37239
37240
39351
39350
37227
37217
37223
37213
37214
37264
36467
36562
36563
36469
36566
36571
36576
36577
36603
36605
36607
36622
36623
36625
36629
36630
36636
37043
37044
37045
37057
37058
36637
36638
36632
36635
37041
37042
37037
36634
36631
37038
37036
37040
37046
37053
37054
37055
37094
37101
37102
37104
37090
37209
37091
37085
37088
37086
37084
37082
37071
37074
37097
37098
37092
37093
37095
37096
37050
37052
37073
37083
37099
37087
37100
37051
37049
37047
37056
37048
37033
37031
37034
37027
37032
37019
37018
37017
37016
37015
36619
36618
36615
36614
36617
37010
36613
36609
36612
36601
36600
36598
36596
36595
36572
36570
36569
36554
36597
36528
36527
36526
36522
36523
36568
36594
36608
37014
37035
37028
36628
36620
36591
36587
36586
36588
36579
36578
36621
36616
36606
36604
36602
36599
36580
36573
36574
36567
36564
36517
36521
36376
36378
36529
36506
36507
36518
36519
36505
36377
36746
36747
36752
36766
36767
36788
36790
36787
36762
36763
36785
36786
36791
36792
36765
36768
36764
36754
36757
36924
36926
36925
36928
36931
36934
36559
36935
36937
36938
36960
36958
36963
36986
36987
36988
36992
36993
37127
37147
37156
37157
37158
37160
37200
37201
37204
37205
39276
38790
39277
38789
39278
37182
37181
37180
37183
37179
37178
37168
37174
37146
37175
37143
37144
37131
37130
37126
37132
37124
37133
37122
37125
37139
37140
37138
37137
37123
37120
36980
36981
36982
36979
36984
36978
36973
36977
36969
36967
36976
36975
36974
36952
36971
36972
36970
36968
36802
37121
37142
37134
37135
37141
37166
37167
37169
37170
37171
37172
37173
37177
37176
37203
37164
37202
37212
37210
37208
37163
37207
37206
37081
37079
37067
37068
37078
37077
37001
37065
37066
37063
37025
37062
37075
37026
37030
37070
37069
37072
37029
37023
37022
36989
37020
37024
37064
37076
37080
37153
37003
37161
37152
37154
37151
37002
36998
37148
37150
36996
36994
36997
36999
37000
37089
37165
37162
37159
37155
37149
37145
37129
37128
36995
36985
36991
36990
36983
36955
36964
36944
36945
36959
36946
37009
37012
37013
37021
37011
37008
37005
36611
36942
37004
37006
36941
36939
36940
36610
36929
36933
36560
36556
36557
36550
36553
36555
36552
36547
36546
36524
36551
36549
36536
36535
36533
36540
36542
36543
36913
36915
36916
36927
36923
36912
36918
36911
36910
36909
36907
36756
36539
36537
36919
36917
36914
36545
36908
36538
36541
36532
36530
36531
36534
36544
36548
36525
37007
36943
36936
36947
36948
36930
36561
36558
36932
36951
36920
36922
36921
36760
36759
36758
36749
36729
36748
36726
36753
36751
36755
36750
36728
36380
36379
37103
37106
37105
38529
38540
38579
38580
38582
38595
38596
40357
40353
40352
40349
40348
40345
38590
38591
40354
40355
38594
38593
38589
38588
38587
40343
38572
40326
40336
40347
40337
40360
40362
40363
40383
40382
40392
40393
40394
40388
40374
40372
40373
50313
40380
40377
40378
40339
40332
40333
40338
40334
40335
40328
40327
40314
40315
40321
40331
40318
40320
40322
40341
40329
40330
40371
40381
40379
40359
40358
40361
40342
40340
40325
40324
40323
38586
40344
40346
40351
40350
40356
38592
38581
38577
38575
38578
38571
38585
38568
37612
37613
37648
37672
37649
37647
37645
37650
37535
35788
35832
35789
37527
37528
37530
37533
37537
37538
37606
37604
37603
37605
37475
37476
37500
37501
37608
37607
37492
37482
37479
37478
37421
37455
37420
37456
37460
37472
37471
37474
37469
37465
37466
37467
37532
37601
37602
37529
37461
37462
37400
37397
37398
37396
37394
37392
37395
37379
37378
37372
37368
37336
37367
37370
37366
37369
37335
37326
37337
37338
37341
37340
37339
37342
37348
37343
37344
37374
37375
37381
37376
37377
37451
37452
37454
37453
37409
37408
37405
37406
37407
37448
37349
37332
37330
37331
37329
37324
37328
37323
37322
37320
37319
37321
37333
37334
37327
50245
37347
37373
37380
37371
37383
37382
37463
37464
37458
37449
37450
37457
37459
37417
37402
37403
50246
50247
37414
37412
37413
37410
37411
37415
37416
37418
37419
37422
37473
37499
37470
37468
37477
37534
37531
37399
37526
37536
37561
37563
37572
37578
37590
37580
37581
37593
37579
37574
37575
37582
37635
37642
37643
37640
37641
37611
37636
37638
37644
37637
37610
37609
37576
37586
37585
37584
37583
37568
37557
37567
37569
37565
37564
37555
37551
37554
37553
37547
37546
37520
37521
37570
37571
37566
37577
37573
37562
37548
37560
50468
37518
37519
37544
37549
37550
37543
37552
36633
36627
36626
36624
36590
36585
36589
36583
36593
36494
36493
36489
36481
36484
36486
36483
36575
36565
36471
36468
36470
36475
36472
36473
36463
36474
36477
36476
36480
36488
36581
36582
36584
36487
36485
36592
37542
37545
37541
37517
37539
37540
50249
37357
37509
37510
37513
37364
37365
37514
37361
37522
37523
37524
37389
37391
37525
37393
37390
37385
37386
37387
37388
37384
37360
37352
37355
37353
37354
37358
37350
36491
36490
36482
37315
37313
37311
37312
46847
37294
37307
37308
36479
37295
37303
37304
37296
37298
37306
37301
37318
37325
37300
37316
37314
37299
37302
37297
37309
37310
37305
37317
37351
37359
37362
37363
37356
36492
37511
37512
37516
37515
37493
37494
37495
37496
37505
37503
37616
37614
37615
37618
37619
37502
37504
35724
35728
35762
35725
35726
35727
37345
37346
35719
36459
36460
36478
35722
50308
35721
35754
35756
35760
35759
35773
37427
50358
37426
37423
37425
37424
37437
37441
50248
37438
35772
35765
37404
37401
35761
35755
35715
35768
35834
35831
35829
35828
35730
35757
35766
35767
35778
35780
35779
35777
35744
35758
35741
35723
35720
50532
37428
37433
37444
37446
37434
37432
37704
37431
37429
37430
37447
37487
37497
37498
37766
37772
37762
37729
37747
37726
37710
37709
37706
37717
37720
37722
37719
37716
37484
37714
37489
37718
37723
37727
37761
37715
37705
37728
37721
37763
37764
37765
37507
37506
37617
37491
37490
37483
37435
37436
37480
37481
37442
37443
37439
37445
37440
40366
40400
40403
40405
40415
40418
40419
50259
40423
40567
50260
40551
40438
50408
40570
40569
40571
40746
40822
40821
40745
40743
40742
40568
40439
40437
40436
40435
40432
40434
40433
50566
50565
50567
50262
40431
40428
40412
40420
40421
40429
40422
40411
40409
40721
40407
40408
40410
40406
40369
40402
40417
40416
40404
40401
40396
40397
40398
40414
40413
40367
40368
40364
40365
40399
40395
40384
50533
50537
50542
50541
50535
50539
50543
35764
50544
50540
50534
50538
35763
50536
44623
44625
35903
37836
37844
37845
37878
37879
37885
37896
37897
37899
37903
50509
37902
37904
38029
38031
38035
38028
38027
38024
37892
37824
37810
37891
37894
38021
37883
37882
37846
37880
37759
37760
37800
37802
37801
37798
37799
37754
37793
37750
37749
37741
37755
37751
37752
37740
37744
37745
37743
37746
37738
37757
37758
37753
37756
37809
37808
37806
37807
38023
38022
37898
37901
37900
37905
37895
37893
37889
37890
43892
44369
44370
50331
37909
37910
37908
37869
37853
37887
37886
37851
37850
37849
37843
37841
37840
37857
37858
37859
37866
37868
37854
37855
37860
37842
37839
37834
37835
37852
37867
37888
37881
37884
37847
37848
37838
37742
37837
35905
35872
35977
35978
35988
35985
35987
35989
35990
35991
35992
35993
35984
35944
35974
35975
35972
35976
35971
35973
35931
35927
35970
35943
35982
35980
35981
35986
35874
35875
35897
35902
35904
35901
37737
35900
35895
35894
35896
35979
35969
35968
41392
46282
46283
46300
46308
46309
46301
46299
46288
46295
46297
46296
50562
46281
41404
46293
46294
45898
45899
45930
45950
45948
45949
45952
45953
45936
45954
45966
46084
46091
46092
46285
46287
46298
46289
46284
46286
46090
46087
45971
46088
46041
45968
45964
45967
45970
46085
46089
46086
46081
45969
45965
45945
45944
45941
45946
45937
45947
45935
45934
35534
35539
35538
37924
37906
37925
37926
37927
37929
37920
37921
37922
37923
41456
41445
37875
37873
37876
37872
37874
37877
37914
37913
37918
37916
37915
37917
37919
37912
37907
38030
37911
35535
37870
37862
37865
37861
37856
36002
36000
36006
37864
41418
41419
41420
41406
41416
41417
41413
41421
41401
41423
41403
41391
41388
41389
41390
46083
46082
41383
41397
41399
41398
41400
41405
41409
41410
41408
41411
41407
36001
41396
41412
37871
41425
41427
37863
35998
35999
36003
35497
46652
46653
46654
46655
46656
46659
46740
46745
46749
46758
46759
46750
46751
46748
46873
46746
46752
46747
46744
46739
46737
46662
46661
46810
46809
46808
46657
46658
46660
41478
41476
41475
41472
41471
41470
38062
38069
38124
38067
41467
41473
41479
41480
41477
46651
41474
46648
46645
46650
46736
46734
46738
46735
46741
46742
46697
46690
50561
46685
46672
46687
46680
46689
46684
46683
46681
46623
46665
46664
46666
46669
46663
46610
46608
46607
46596
46612
46586
46583
46576
46584
46574
46577
46593
46594
46592
46597
46598
46599
46601
46603
46602
46606
46609
46605
46363
46362
46323
46320
46317
46315
46318
46321
46314
46311
46310
46312
46305
46302
46303
46307
46589
46590
46573
46313
46306
46304
46316
46319
46324
46322
46600
46591
46585
46595
46604
46364
46621
46611
46613
46624
46627
46642
46644
46641
46626
46638
46631
46639
46633
46630
46632
46634
46636
41466
46635
41465
50350
41469
38061
38056
38054
41459
41447
41460
46629
41433
41446
41453
41454
41432
41450
41452
41430
41431
41429
41428
41444
41426
37934
37932
37933
38053
38055
41468
50351
41463
41464
36950
41462
41461
46628
46616
46588
46581
46580
46582
46575
41424
41434
50330
46579
41422
46578
41435
41436
41439
41451
41449
41437
41438
41448
41455
46587
46618
46615
46617
46620
46614
46619
46625
46622
46682
46647
46679
46671
46670
46686
46688
46649
46646
46643
46640
36949
35498
46637
36894
36895
36899
36901
36902
36904
39094
35523
35524
36906
36905
36898
36893
36870
36896
36866
36797
36865
36868
36867
36869
36803
37136
36798
36793
36800
36796
36799
36966
36965
36794
36789
36801
36862
36863
36892
36795
36864
40793
40797
40284
40262
40263
40266
40267
40289
40290
40370
40294
40386
40375
40376
40385
40285
40293
40283
40264
42209
42236
42293
42212
42217
42345
42347
42346
42379
42380
42349
42961
42962
42964
43410
43409
43411
42210
42211
