896
177527
177528
177529
180825
180826
180811
180810
180808
180815
180550
180547
182031
180551
180814
180548
182030
180504
180505
180813
180803
180804
180788
180787
180807
180806
180812
180801
180800
180795
180796
180768
180769
180799
180770
180771
180772
180775
180774
180773
180802
180776
180777
180778
180779
180767
180766
180765
180782
180783
180781
180756
180757
180597
180594
180790
180581
180579
180580
180528
180529
180590
180592
180558
180587
180589
180588
180559
180578
180593
180531
180577
180591
180541
180533
180576
180543
180544
180545
180546
180552
180554
180555
180568
180586
180585
180575
180573
180574
180570
180584
180569
180571
180567
180758
180566
180759
185388
180760
180761
180762
180561
180491
180489
180490
180488
180486
180487
180485
180562
180484
180572
180560
180556
180498
180497
180542
180532
180553
180557
180530
180527
180526
180595
180603
180602
180519
180517
180518
180516
180599
180793
180515
180791
180512
180509
180511
180510
180513
180514
180520
180521
180523
180522
180601
180524
180525
185952
180582
180583
180563
180596
180564
180600
180764
180598
180794
180792
180798
180797
180508
180805
180786
180507
180789
180785
180506
180809
180549
180839
180718
180720
180817
180820
180828
180819
180818
180823
180824
180829
180731
180729
186173
180728
180722
180723
180724
180725
180726
180727
180734
180735
180736
180721
180719
180763
180780
180827
180565
173924
173925
180405
179701
179702
180404
180446
180448
180447
180406
180445
180177
180178
180189
180409
180410
180423
180443
180444
180424
180442
180436
180437
180439
180438
180440
180441
180435
180434
180481
180480
180482
180483
178648
180428
178647
180500
180499
186059
186060
186066
186067
186065
186058
180494
180493
180492
180645
180646
180651
180652
180649
180640
180641
180637
180654
180655
180663
180670
180671
180685
180784
180681
180682
180683
180675
180678
180679
180680
180635
180636
180673
180634
180674
180666
180665
180667
180660
180668
180659
180664
180662
180658
180625
180624
180657
185577
180612
180613
180308
180313
180314
180274
180275
180304
180305
180276
180277
177538
180306
177537
177534
177560
177536
177559
177535
186119
186118
180614
180615
180618
180344
180346
180345
180628
180616
180617
180622
180621
180629
180630
180619
180273
180295
180289
180290
180291
180292
180294
180293
180288
180287
180604
180608
180609
180606
180607
180639
180459
180298
180300
180267
180268
180269
180303
180302
185573
185723
185725
180301
185571
180260
180253
180254
185569
185570
180278
186117
180299
185572
180239
180240
180252
180251
185563
185567
185566
185568
185564
180185
180184
185732
180263
180264
180456
180457
180265
180262
180455
180454
180469
180470
185727
185575
185576
180605
180467
180414
180415
180450
180458
180460
180462
180463
180418
180419
180420
180421
180430
180417
180461
180431
180432
180433
180188
180187
180422
180182
180416
180413
180412
180642
176649
176650
180272
176654
176651
176652
180270
180271
176653
180471
185726
180472
185724
180468
180449
180451
180452
180453
180261
185574
180183
180186
180250
185565
180237
180238
180296
180266
180297
180279
180280
180281
180286
180285
180284
180283
180282
180309
180307
180611
180623
180626
180627
180620
180631
180632
180633
180677
185578
180676
180684
180672
180661
180656
180653
180648
180638
180610
180647
180650
180643
180644
180411
180429
180478
180477
180495
180496
180474
180475
180473
179685
180476
180479
180427
180425
180426
177720
177719
180193
177717
177718
180176
177721
180167
180168
180180
180165
180164
180162
180124
180174
180175
180125
180123
180119
180114
180105
180106
180109
180111
180120
180122
180121
180118
178864
178865
185317
180129
180381
180385
180393
180383
180392
180397
180398
180399
180400
180377
180378
180371
180369
180370
180373
178866
178867
179648
180366
180367
180365
180368
180374
180375
180363
180364
180362
180360
180361
179654
186057
179606
179653
179651
179652
179605
177681
177682
177683
185995
177684
186000
186002
186004
186003
186001
185999
177690
177689
185996
185997
185998
185966
185967
177685
177686
177687
177688
179598
179649
179650
179601
179590
179662
180096
180104
185318
180101
180108
180100
180102
180110
180095
179657
179661
179660
180097
180150
180099
180098
180094
180091
180090
180089
180045
179671
179670
179665
179666
179667
179668
179669
179602
179603
179664
178627
178655
179597
178656
179594
179595
179596
178654
178649
178651
178652
178653
178650
186125
178843
178844
178845
178846
178847
178622
178623
178657
185559
178658
178659
178660
178625
178626
185558
178624
178614
178615
178616
178617
178621
178620
178613
178608
178609
178611
178610
178612
178848
178607
178628
178629
178632
178630
178631
178637
178633
178634
178635
178636
178638
178640
178859
178861
178862
178863
178860
178857
178858
178643
178645
178853
178849
178851
178852
185748
178646
178850
178856
178644
178641
178642
178639
186126
180088
180087
180064
180065
180063
180066
180092
180093
180086
179663
179659
179658
180116
180115
180126
179591
179592
179593
179604
185561
179599
180083
179600
180082
177691
177692
177693
177694
179655
179681
179680
179678
179679
179677
179703
179674
179672
179684
179673
179682
179683
179675
179676
179706
179705
180376
180379
179704
180407
180396
180395
180401
180402
185968
180391
180386
180170
180169
180387
180388
180181
180127
180173
180390
180394
180389
180382
180380
180372
180128
180384
180130
185562
180084
180085
180112
180107
180103
179656
180113
180117
180163
180152
180135
180148
180151
180153
180146
180166
180160
180159
180161
180192
180132
180131
180133
185382
180134
180144
180143
180158
180157
180156
180155
180149
180147
180145
180139
180140
180141
180142
180137
180138
180136
180154
180190
180191
180179
180171
180172
180403
179686
179687
179692
180466
180464
180465
179700
180408
180501
179694
179696
179697
179699
179698
179695
179693
179688
179689
179691
179690
177552
180317
177553
177554
177555
180310
180312
180311
177556
177558
177557
175072
175073
180051
180052
180077
180079
180080
185749
180070
180068
177530
177531
180069
185670
180067
180071
178854
178855
180072
180073
185560
186127
186128
186129
180078
185671
180075
178824
178825
180074
180042
180043
180076
180041
180044
180047
180048
180046
180049
180056
180055
180059
180062
180081
180060
180061
180057
180058
180053
180054
180050
178826
