3916
75635
75642
75641
75636
75637
56906
56907
76328
76329
76330
78568
76332
76331
76326
76324
76321
76325
76319
76317
76318
76320
76281
76282
76675
76741
76742
78161
76731
78557
76279
56989
68892
76336
69140
69141
76723
78570
56988
76096
76097
76098
78396
78397
76068
76077
76078
76079
76080
76093
76095
76094
76091
76092
76090
76076
76278
76740
79043
78676
76743
76739
76738
77921
77933
77932
77929
77931
77930
77926
77928
77927
77922
77925
77924
77923
78304
78303
74683
76277
78554
78556
78555
78162
76733
76734
76735
76732
76307
76312
76309
76306
76304
76305
76310
76311
76314
76315
74682
76089
76087
76086
76084
76085
76088
78395
76031
76274
76177
76183
76020
76021
76038
78394
76027
76023
76028
76032
76082
76081
76029
76030
76066
76070
76071
76024
76022
76009
76044
76045
76046
76726
76744
76727
78927
76724
76725
76072
76073
76042
76043
74805
78390
75994
75995
76001
76004
76002
75997
76003
75996
74806
78391
78392
78393
76005
76016
76006
76018
76007
76008
76017
76083
76075
76729
77596
77615
77969
77968
78576
78578
78577
72027
72028
76577
76578
74778
76576
76289
76290
76284
76285
76275
76283
76276
76674
78579
76287
76294
76293
76295
76298
76299
76300
76302
76301
76296
76297
76286
76288
76280
76322
76323
76327
76313
76308
87361
87359
87360
87358
87356
87357
87433
87451
87448
87450
87449
87456
87442
87453
87455
87454
87443
87441
83957
83958
87438
83961
83959
87440
83960
87439
87436
87437
87447
87457
87354
87353
87464
87465
87468
87466
87467
87477
87351
87352
87350
88151
88152
88166
88165
88150
90823
87432
87336
87363
87393
90822
87337
87338
87427
87428
87429
87340
87342
87343
87344
87346
87345
87341
87347
87348
87431
87339
87394
90824
87474
87475
87430
87476
87349
87355
87434
87435
87362
87418
87388
87387
72029
78675
76316
76710
72030
78222
78223
76341
76709
78929
78928
76730
76074
76303
76334
76337
76344
76343
76340
76338
79410
69644
76053
76669
76670
77606
78156
78039
76052
76063
76668
76064
76067
76069
78246
78247
78353
78252
78253
78257
78259
78256
78258
78249
78251
78250
78248
78254
78245
76065
78255
76350
73142
76346
76347
78784
76354
76353
76351
76352
73141
73143
76348
78787
78789
78790
78788
76349
77384
77382
77381
78101
76355
78785
78786
76356
76357
78108
76358
69149
76342
78226
78228
78227
78569
78242
78243
78237
78244
78236
78239
78241
78240
78224
78225
87205
87204
87496
87483
87495
91241
91242
91245
91276
91243
87493
87494
87203
87365
87364
87370
87366
87367
87369
87368
87452
87446
69150
69297
69300
69555
69636
69322
69323
70233
78398
70232
78558
69812
70041
69301
70230
69215
69321
69580
69214
78238
69658
69657
69805
87398
56995
56994
76345
87396
87397
87380
87379
87378
87392
87377
87376
87375
78047
78048
87381
87382
87410
87412
87413
87414
90813
87404
87400
87415
87417
83914
83915
87416
87399
87401
87402
87386
87411
87372
79411
87374
87373
91583
76335
76339
77608
79408
79409
87403
87385
87383
87384
87371
87395
91620
87444
87460
87463
87461
87462
87482
87469
90830
87471
87473
87472
87470
87445
87458
87507
91861
87459
79580
79785
90677
79786
79784
79611
79689
79790
79789
79665
79664
79788
79894
79895
79893
79888
79858
79859
79882
79884
79887
79886
79885
79883
79860
79881
79857
79798
79666
79863
79667
79787
79660
79593
79600
79616
79617
79627
79618
79619
79610
79584
79583
79582
79620
79608
79609
85733
85734
79581
79889
79890
79892
79891
79324
79325
79326
79406
79327
79328
79329
79331
79330
79332
79770
79771
90915
79772
79333
79334
79335
79765
79778
79774
79775
79776
79777
79773
79766
79767
79768
79341
79342
79571
79579
79561
79562
79563
79570
79566
79567
79569
79568
79564
79565
79572
79577
79578
79573
79574
79575
79576
79556
79612
79336
79769
79337
79338
79339
79340
79308
79780
79950
79961
79962
79963
79980
79948
79401
79400
79949
79779
79979
79357
79359
79758
79759
79760
90916
90917
90918
90919
90920
90921
90922
79761
79762
79763
79781
79361
79360
79764
79358
79310
79783
79311
79782
79312
79313
79402
79403
79404
79405
79309
79396
79391
79393
79395
79394
79392
79421
79422
79424
79423
79425
79399
79370
79438
79472
87542
87543
79471
79439
87531
87537
87535
87536
87532
87534
87533
87538
87539
87540
91186
87541
91185
79430
79431
87530
87529
87528
91500
91501
91498
91499
80074
80081
80082
80102
80100
80101
80099
79989
80098
80126
79988
79419
79418
80075
80084
80083
79414
79415
79416
79412
79441
79413
79442
79429
79428
79426
79427
79437
84858
79433
79434
84859
79435
79436
80076
79417
80077
80079
80078
80080
80127
80073
79440
87524
91503
91504
87525
87526
87527
91505
91507
91506
79443
79432
79477
79478
79479
79480
79475
79476
87497
87498
87499
87503
87505
87506
87501
87502
87500
87504
87515
91862
87516
87517
87518
79444
87559
79445
80442
80444
87190
87191
87189
87513
87514
87560
87562
87187
87186
91240
87188
87486
87487
91239
91304
91238
87489
87490
87491
87492
87488
91279
87192
87557
91342
91379
91380
91476
91381
91477
91563
91564
91565
91566
91475
91382
91378
87485
87484
87193
56967
78102
56968
56969
56970
79270
79267
87184
91337
91338
87185
79287
79268
79269
79285
79384
79446
79385
79386
79387
79388
79389
79286
79383
79369
79371
91269
91270
79377
79379
79380
79381
79382
79376
79374
79375
79372
79373
79378
80443
84899
91347
80450
80451
91615
91616
91618
91617
80466
80464
80465
80463
91745
91746
80462
80452
80453
80454
56909
56910
56912
56913
56915
56948
56951
56949
56950
56952
56944
56943
56953
79249
79250
79251
79252
56975
56976
56947
75787
75791
75792
56961
56962
56965
56972
56974
56977
56979
79237
56966
56964
75884
75904
75881
56960
75903
75883
78098
75900
77338
77339
77346
77345
78099
78096
78100
75790
75785
75789
75895
75896
75786
75899
75894
75898
75901
75902
77347
77342
75833
75821
72057
72058
75827
75828
75829
75830
75831
75832
75822
75897
75784
78095
78094
78097
75882
56959
75788
75783
56958
75781
75782
75707
75730
75776
77331
77330
77332
77334
77348
77333
77335
77337
77336
75722
75778
75780
75779
75777
75729
78218
78217
79090
79089
79092
75734
75731
79091
75732
75733
79298
90617
79302
84710
90619
90618
79301
79300
79303
90621
84852
90620
79299
84853
84854
84855
84856
84857
91774
79304
79320
79307
91773
79306
79305
56971
56973
56980
79315
91479
91480
91263
91481
91488
91489
90640
89478
91271
91482
91484
91485
91487
91274
91275
91486
91272
91273
79284
91264
91478
91483
91249
91250
90528
90529
91251
91257
91258
91259
91252
91253
91254
91255
91256
91246
91248
91247
91490
91491
91492
91268
91267
91493
91494
91265
91266
89491
89492
90526
90527
91260
90888
90889
90887
91261
91262
89490
90886
91184
91353
91360
91361
91359
91356
91496
91495
91358
91357
91355
91497
91352
91354
79354
79355
79356
79353
79390
79397
79398
79318
79321
79322
79319
79407
83968
83969
84848
79323
79350
79351
79352
79231
79500
79499
79498
79496
79497
79256
79232
79230
79259
56982
56983
79492
79491
79493
79494
79495
79553
79554
79587
79588
79589
79601
79605
79606
79753
79756
79754
79755
79254
79253
79264
79266
79265
80429
79289
84850
84851
79290
79291
80427
80428
79238
79239
79240
79255
90895
79241
79242
79243
79607
79602
79757
79344
79346
79347
79345
79348
79349
84849
79343
79560
79559
79544
79585
79296
79262
79263
79295
79235
79227
79228
91857
79229
79225
79258
79246
79247
79248
79244
79245
79257
79236
79233
79226
79260
79234
79261
79590
79591
79297
79586
79604
79555
79603
79545
79558
79546
79547
79548
79557
79549
79550
79551
79552
83950
89044
83951
89043
87624
87622
89046
87623
87625
87626
87627
87628
87629
89045
87630
87631
88230
87632
88241
88278
88279
88280
88281
88239
88237
88276
88246
88215
88214
88238
88242
91777
88243
88244
88245
88240
87633
87634
88282
88286
91582
88287
91532
88288
87636
88283
88275
88274
88284
88285
88393
88273
87635
88231
88232
89005
89006
88227
88228
89007
89012
89013
89040
89009
88235
88236
89008
88234
88229
89010
88233
88226
88267
88398
88269
88395
88396
88270
88271
88272
88394
88268
87637
89052
91309
91531
91310
91311
91312
91313
91441
89055
89048
91439
89056
91440
89049
89050
89051
91533
91307
91308
91442
91443
91530
91436
91437
91434
91435
91386
91387
91385
91438
91383
91384
89053
89054
87638
80479
87616
90157
89014
89068
90158
89067
90149
90150
90152
90151
80580
83860
83861
83976
83975
80586
90931
80570
80571
80585
80643
90142
80587
80588
80590
80589
80591
80592
90143
83967
83974
90144
80572
83966
89066
89124
89123
90860
89065
89016
89017
89038
91739
91740
89035
89036
89037
89033
89032
89031
91372
91371
91742
89025
89026
89027
89028
89029
89030
89024
91375
91374
91376
91744
91743
91373
89018
89019
89020
89021
89022
89023
89034
91741
89015
89058
89059
89057
91314
87618
87619
87620
88289
87621
87615
87614
87612
87613
84713
84712
87610
87611
87609
87604
87605
87606
87607
87608
84711
87603
87588
87587
87586
87585
87549
87550
87551
87584
87589
87577
87578
87582
87593
87594
87595
87581
87596
91138
87597
87617
87602
87598
87599
87601
87600
87509
87510
87558
87561
87511
87576
87575
87508
87512
90816
87579
87580
87548
87583
80480
80538
90153
90154
90156
90155
80539
80540
80552
80579
80597
80578
80604
80603
80605
80602
80601
80606
80607
80576
80577
90943
90944
90945
90946
90947
90948
90949
91683
80531
80532
80596
80558
80534
80566
80533
80567
91377
80535
80536
80494
80493
80492
80491
80559
80564
80565
80562
80563
80560
80561
80541
80542
80543
80544
80545
80548
80549
80546
80547
80550
80551
80481
80482
80484
80483
80485
80537
80486
80487
80490
80488
80489
87545
87572
89011
87573
87574
87569
87556
87547
87570
90815
87571
87552
87553
87554
87555
87546
87479
87478
88224
90834
88225
90831
90833
90832
87568
87564
87565
87567
87566
87563
87480
87481
80445
80446
87591
87592
80447
80448
80449
80477
80478
80497
80498
80499
87590
80500
80501
80456
80496
80457
80458
80476
80475
80471
80472
80473
80474
80470
80468
80469
80467
80495
61185
61187
77605
75698
63823
63824
75696
75697
75695
62706
62707
61186
75701
75702
75700
76055
61867
61868
76056
63771
63774
63772
76057
76062
63819
63820
76058
63947
63948
65566
64383
76060
76061
73666
76420
73665
75699
75692
76054
75691
62393
62394
75690
75685
75684
75686
75687
75689
76487
75688
76047
76049
76048
76051
76050
75632
75633
75662
75658
75660
75661
75848
75906
76666
75923
75921
75919
75920
75922
75930
75928
75924
75925
75929
75917
75912
75918
75934
75937
77343
77355
77356
75935
75893
75891
75892
75876
75885
75887
75890
75888
75874
75875
75859
75857
75858
75864
75871
75862
75865
75863
75866
75872
75867
75873
75877
75878
75870
75886
75931
75939
75943
75944
75951
75948
75949
77385
75952
75954
75957
75956
75958
75961
75960
75962
75963
75947
75945
75942
63770
63755
63756
63768
63769
69645
63821
63822
76488
76700
76702
76704
76701
75938
76698
78230
61188
69642
69643
61189
75682
75680
75674
75675
75676
75677
75678
75679
75667
75666
75669
75671
75670
75672
78584
78585
78586
75663
75668
75664
75665
75673
75693
75959
75955
75953
75964
75965
75946
75941
75940
75950
75889
75932
75936
75933
75856
75855
75854
75853
75851
75852
75911
75926
75927
75681
75905
75907
75908
75913
75915
75916
75914
75845
75846
75850
75909
75847
75849
75843
75844
75622
75623
75703
71520
71667
71521
76059
71783
73049
71782
75694
75879
75880
77358
77359
77360
77363
57284
57314
57315
57291
57294
57285
57272
57273
57283
77380
77364
77361
77362
77344
77357
77365
77368
77367
77366
77371
77369
57342
77370
77373
77378
57316
57317
57341
57356
77372
57480
77377
57405
57586
57366
57422
57365
57379
77374
77375
77376
75910
56978
56981
79314
79317
83973
83972
80430
80128
80130
83883
80129
79292
79294
90622
90623
90624
84714
84715
90625
84897
79288
84898
79293
79104
79316
83970
83971
91770
91351
91350
91349
91348
91343
91344
91772
91771
79743
79900
79745
79746
79747
79744
79876
79846
79847
79845
79844
79842
79820
79814
79815
79817
79819
79818
79816
79813
79831
79843
79838
79848
79926
80404
91555
80405
91556
91859
91557
91558
91552
79834
79835
79833
80030
80032
80033
80034
80035
80031
80036
80037
80021
80022
80023
80016
80019
80018
80020
80017
80028
80029
80025
80001
80002
80007
80008
80006
80010
79871
79873
80012
80013
80015
80014
79849
79851
79852
79853
79854
90913
79855
79856
79823
79824
90914
79825
79822
79864
79867
79836
79837
79866
79826
79827
79828
79868
79869
79865
79850
79874
80004
80005
90906
90911
90912
90909
90910
90907
90908
79998
79987
79986
79999
79984
79985
79977
79960
79958
79959
79957
79967
79981
79968
79969
79966
79964
79975
79994
79995
79970
79976
79971
79993
79972
79973
79974
79992
80060
79951
79952
79953
79954
79955
79965
79956
79983
79978
79982
79997
79872
80003
80000
80026
80027
79996
80024
80009
80011
91554
79832
79897
80072
80178
80175
80176
80177
91473
80109
80108
80305
86197
86198
86199
86200
86201
91474
80308
80306
80307
80106
80105
80104
80065
80066
80119
80120
80121
80183
80122
80123
80124
80182
80125
80118
80038
80040
80117
80115
80116
80114
80049
80050
80110
80111
80112
80113
80051
80052
80053
80054
80048
80042
80043
80044
80045
80046
80047
80041
80039
80097
80068
80069
79990
80061
79991
80067
80062
80064
80063
80304
80107
80055
80056
80057
80058
80059
80406
91580
91578
91579
91553
80407
91860
79927
91932
79829
79839
79830
79810
79812
79811
79841
79840
79918
79921
79922
79917
79916
79914
79915
79913
79937
79938
79936
79905
79906
79907
80210
80209
80245
80243
80244
80237
80236
80235
80249
80250
80318
80251
80252
80315
80253
80254
80303
90923
80233
80218
80217
80216
80215
80255
80314
80259
80256
80257
80258
80313
80229
80228
80238
80241
81054
81053
81338
81336
81365
91468
81366
81337
91469
81052
81251
81252
81364
86210
86209
80196
80198
86208
81057
81058
81056
81754
91472
81756
86186
85832
85834
85835
91467
85833
81758
81759
86184
86185
81757
86187
81755
81055
80197
80240
80239
85831
80230
80231
80232
80220
80211
80207
80206
79799
79800
80205
79801
79804
79928
79933
79939
79934
79929
79932
79909
79930
79931
79805
79806
79908
79807
79808
80204
79809
79896
79802
79803
80221
80222
80223
80224
80242
80225
80226
80200
80201
80202
80309
80203
80227
80199
80248
80247
80234
80219
80212
80246
80213
80214
80208
79904
79910
91636
91638
91637
79911
79912
79903
79902
79919
79935
79920
79901
79821
79420
80070
80169
80168
80398
80412
80411
80410
80413
80415
80998
81008
81016
80997
80992
80988
80989
80918
80915
80917
80916
80393
80394
80919
80371
80373
80920
80366
80365
80372
80369
80367
80384
80385
80389
80390
80391
80397
80403
80402
80396
80392
80395
80990
80388
80386
80171
80170
80172
80173
80383
80368
80351
80352
80374
80376
80375
80311
80338
80341
80340
80339
80343
80349
80353
80348
80344
80342
80336
80334
80345
80346
84900
80190
80192
80191
80337
84902
80335
84901
80185
80184
80186
80187
80188
80189
80195
80166
80164
80179
80333
80181
80180
80332
80331
84904
80330
84903
80174
80089
80090
80091
80092
80093
80095
80094
80096
80085
80087
80088
84907
84908
84905
90929
84906
80086
80324
80359
80358
80361
80362
80363
84911
80364
84910
80356
80360
80510
80926
80935
80947
80949
80951
80952
80954
80943
80944
80945
80930
80931
80929
80928
80927
80950
80906
80911
80910
80953
80974
91648
80973
91646
91645
91644
91647
80965
80964
80962
80963
80961
80985
81018
81019
80986
80993
80994
80987
80984
80983
80977
80956
80955
80978
80966
80967
80968
80969
80970
80972
80971
80912
80913
80908
80933
80934
80909
80907
80948
80946
80932
80508
80327
80328
84909
80357
80329
80325
80320
80322
80326
80155
80157
80158
80516
90928
80514
80515
80513
80323
80156
80321
80511
80512
80159
80165
80194
80193
80312
80310
80377
90930
80378
80350
80354
80355
80347
80370
80387
80914
80408
80957
80409
80167
80071
79467
79363
79362
79368
79365
79367
79366
79364
79468
79473
80455
80461
80502
80504
80505
80506
80507
79470
79469
80459
80503
80460
79474
79466
79458
79459
79460
87519
79461
79462
79463
79464
79465
87544
79457
87520
87521
90927
80137
80319
80163
80162
80161
80154
80131
80136
80132
80153
80103
80160
80517
90924
90926
90925
80138
80139
80140
80135
80133
80134
91858
91502
87522
87523
80518
80519
80520
80521
80522
80523
91577
91576
91613
80528
80524
91612
80525
80526
80527
91614
79456
79448
79449
79452
79453
79451
79450
79454
79455
79447
80509
91619
80530
80529
80921
80923
80924
80925
80922
80938
80942
91726
80939
80941
80940
80936
80937
91470
91471
81071
80631
91466
80632
80633
80634
91465
80615
80613
80635
80637
80636
80614
81094
81095
80618
80617
90678
80619
80623
80620
80622
80621
81081
81082
81099
81147
81178
81148
81149
81152
81153
81150
81151
81146
80612
80610
81100
81154
81158
81159
81177
81213
81214
81212
81167
81166
81165
81089
81210
81211
81091
81090
81117
81209
86353
90933
86354
86355
86394
86352
90934
90935
90937
90939
90938
90936
90940
91396
80629
81073
80975
81105
80976
81074
86215
81075
86216
81076
86217
86218
86220
86224
91395
86221
86223
86222
86219
81072
80959
81119
84822
84823
84821
80991
81012
81013
81014
81015
91641
91643
91642
81010
91640
81009
81011
84824
91639
80979
80981
84820
80980
81021
81125
80982
81103
81120
81104
81101
81121
81124
81030
81022
81023
81024
81025
81026
81118
81027
81028
81029
81122
81123
80958
81017
80960
81102
81107
81106
86214
86229
86227
86228
86225
86226
86247
81207
81206
81160
81161
90932
81162
81157
81078
81077
81093
81155
81116
81208
81092
81088
81114
81115
81109
81192
81220
81222
81224
81223
81221
81194
81195
81193
81199
81200
81201
81198
81248
81249
81250
81244
81243
81247
81235
81236
81233
81234
81232
81242
81218
81241
81108
81219
81112
81113
86407
86408
86410
86409
81225
81226
81228
81238
81239
81227
81110
81111
81168
81169
81170
81171
81172
81173
81176
81174
81175
81156
81083
80626
81096
81098
90941
81097
90942
80624
90679
80625
81079
81080
80627
80628
80611
80616
80630
80260
80262
80280
80279
80271
80270
91649
80269
80267
80268
80266
80264
80265
80263
80272
80278
80276
80277
80274
80275
80273
80281
80317
81771
80282
80283
80295
80284
80286
80293
80294
80291
80292
80287
80288
80290
80289
80285
80316
80261
80414
80302
80400
80401
80382
80379
80380
80381
80299
80297
80298
80296
80300
80301
80399
59653
78219
78221
78220
78926
73627
74423
59654
76184
76185
76186
76191
76192
76193
76194
76195
76175
76176
81032
81033
81035
91782
81036
81240
91778
91781
91779
91780
81037
81040
81020
81038
81039
81034
81230
81231
81229
86797
91783
86796
91784
91786
91785
84287
84286
87946
91787
87945
91788
81245
81246
84288
84289
81237
81031
57658
57659
75408
75373
75385
75386
75388
75422
75428
75432
77354
75431
75574
75585
76703
75577
75580
75440
75575
75581
75584
75583
75834
75835
75627
75838
75841
75842
75868
75620
75621
75624
75625
75626
75619
75618
75617
75601
75603
75615
75616
75599
75602
75643
75647
75648
75654
75657
75653
75652
75656
75683
75640
75638
75639
75655
75651
75650
75645
75646
75644
75604
75649
75597
75598
75594
75595
75600
75592
75596
75613
75593
75591
75589
75566
75564
77327
78575
75555
75553
75554
75558
75559
75573
75572
75606
75607
75611
75569
75430
75568
75556
75557
75420
75418
75416
75548
75550
75414
75415
75417
75570
75571
75412
75614
75549
75551
75552
75561
75562
75563
57733
75587
75586
57725
57726
75539
75540
75542
75541
75560
57695
57696
75413
75565
75567
75590
75588
75547
75612
75609
75610
77351
77353
77352
77350
75582
75802
75804
75811
75837
77349
75840
75861
75860
75825
75826
75818
75817
75816
75805
75813
75812
75814
75819
75820
75823
75824
75801
75798
75799
75797
75800
75806
75815
75836
75807
75808
75810
75809
75839
75803
75793
75794
75795
75796
75438
75439
75769
75770
75437
75748
75760
75763
75771
75773
75772
75775
75766
75774
78266
75765
75767
75768
75759
75757
75755
75752
75753
75743
75751
75742
75745
75744
75740
75739
75737
75736
75718
75717
75713
75711
75355
75346
75344
75352
75354
75380
75393
75397
75398
75425
75424
75390
75391
75389
75423
75392
75383
75378
75374
75377
75364
75351
75375
75349
75350
75348
75343
75335
75342
75334
75331
75336
75337
75338
75313
75314
75339
75330
75323
75324
75326
75327
75328
75322
75319
75320
75308
75321
75356
75357
75358
75359
75360
75361
76665
75362
75366
75369
75400
75372
75401
75405
75406
75407
75409
75410
75403
75404
75411
75402
75367
75368
75370
75371
73855
75307
75310
75311
75316
75315
75309
75317
75318
75312
75332
75333
75325
75347
75329
75376
75382
75379
75353
75341
75340
75345
75710
75712
75738
75381
75720
75384
75394
75395
75396
75741
75749
75747
75754
75764
75756
75758
75762
75761
75750
75746
75427
75399
75435
75434
75578
75579
75605
75608
75576
75436
75433
75429
75426
75421
75387
75365
75363
75419
75543
75544
75546
75629
75630
78583
78582
75869
56931
56933
56936
56937
56934
56935
56932
77600
56928
78595
56929
78949
78948
79109
79108
79119
79120
79121
79169
79167
79168
79166
79165
90902
90903
90893
80426
80424
80425
90894
79170
79173
79174
90900
90901
79181
79179
79180
79941
79940
79187
79188
79189
79194
79195
79190
79191
79192
79193
79196
79211
79212
79206
79207
90896
79203
79202
79201
79199
84825
85730
90905
85731
85732
79687
79688
79699
79696
79681
79682
79698
79678
79697
79716
79717
79718
79705
79703
79720
79731
79732
79730
79729
79752
79706
79707
79728
79726
79749
79750
79721
79727
79735
79748
79736
79751
79734
79877
79878
79879
79875
79880
79861
79862
79870
79742
79738
79725
79724
79740
79668
79669
79670
79671
79656
79654
79655
79672
79673
79657
79739
79658
79659
79643
79644
79645
79646
79714
79713
79719
79712
79651
79652
79674
79675
79115
79116
79114
79637
79638
79639
79640
79156
79155
79137
79138
79793
79794
79795
84839
84837
84838
84836
84831
84832
84833
84879
84834
84835
84830
84878
84880
84826
84827
84828
79133
79134
84829
79135
79512
79518
79520
84847
79521
84846
79519
79508
79509
91548
79510
91187
91547
91188
91189
91190
91546
90675
90674
79516
79515
79524
79523
79522
79525
79529
79513
90891
79482
79502
79504
79503
79541
79625
90676
79626
90892
79531
79543
79630
79596
79597
79598
79599
79631
87753
79595
79628
79676
79677
79594
79592
79634
79635
79661
79663
79662
79636
79142
79141
79542
79615
79539
79538
79532
79533
79535
79534
79536
79537
79528
79527
79540
79129
79130
79614
84860
84864
79923
79924
79792
79797
79613
79131
79140
79632
79633
79629
79530
79501
79481
79526
79517
79506
79514
90890
79483
79484
79485
79486
79487
79488
79489
79490
79505
79507
79511
79128
79132
79796
79791
79925
79139
79136
79157
79642
79158
79641
79653
79647
79648
79649
79650
79622
79621
79722
79623
79723
79737
79741
79733
79624
79710
79709
80437
84890
84891
84893
84892
79708
79701
79223
79222
79694
79693
79218
79219
79216
79214
79215
79198
79183
79184
79224
79217
79685
79684
79695
79221
79700
79220
79711
79704
79702
79715
79691
79679
79680
79692
79683
79686
79200
79204
79205
79208
79210
79209
79213
79197
79118
79176
79159
79160
79161
79162
79182
79186
79185
79117
79127
79126
79125
79177
90897
90899
90898
79178
79175
79171
79172
79164
79163
90904
79122
79123
79124
79107
79105
79143
91545
79106
79144
79145
84877
79146
84866
84876
84867
84872
84873
84874
84875
84871
84841
84842
84843
84844
84845
79096
79097
79111
79112
79113
91542
91544
91543
79098
91537
91541
84895
84896
91538
91539
91540
84894
79103
56939
56940
79099
79100
79102
79101
84840
84869
84870
84868
79147
79899
79898
84865
79149
79150
79154
79151
79152
79153
79690
79148
79110
56938
75545
57905
57808
57809
75628
75511
75446
75493
75494
75495
75503
75498
75513
75514
75519
75520
75523
75517
75516
77250
75515
75504
75521
75525
75537
75983
75986
75990
75987
75984
75988
75993
75992
75998
76000
75999
75980
75991
75981
75989
75985
75979
75976
75977
75971
75973
75531
75530
75968
75967
75969
75974
75477
75478
75479
75480
75481
75526
75966
75970
75465
75528
75527
75518
75529
75532
75533
75534
75972
75982
76667
75975
75978
75634
75536
75535
75505
75512
75492
75506
76722
75538
76718
76719
76721
76720
76711
76713
76712
76714
76716
76715
75509
76717
75510
75507
75508
75489
75491
75497
75496
75486
75500
75483
75485
75499
75484
75487
75488
75490
75524
75501
75467
75466
75502
75464
75462
75463
75458
75459
75456
75455
75452
75482
79088
75451
75461
75457
