4015
101611
101618
103075
103077
103078
103076
122632
95831
94763
95830
94764
94758
95833
95832
102574
102579
102581
102582
102580
102576
102577
95951
102578
95950
95952
95953
96141
96156
96246
96247
101856
96243
96157
96155
96131
96132
96140
96138
96095
95844
95845
102272
101758
101759
96096
95847
95848
95850
96100
96161
96162
96163
102778
95855
95851
96167
96168
96169
96177
96180
96176
96178
96179
96175
96194
96173
96122
96153
96160
96196
96197
96199
96198
96200
96203
96201
96202
96280
96282
96204
103175
96205
96283
96284
96286
96295
96296
96298
96303
96297
96299
96300
96302
96301
96281
96285
96159
96261
96279
96154
96259
96260
96264
96258
96256
96255
96146
96109
96111
96147
96150
96149
96151
96106
96110
96116
96112
96113
96114
96115
96117
96120
96105
96103
96102
96104
96108
96145
96101
96098
96099
96107
96158
96152
96148
96118
96121
96172
96174
96165
96164
96166
96171
96170
96119
95846
95853
95854
95849
96097
94555
94556
101852
96624
96641
97174
96623
96640
96639
96622
96621
97072
96558
97071
96557
96613
96618
96620
96614
96617
96619
102660
96615
96616
96608
96546
96544
96545
96547
96609
96278
96548
96550
96554
96555
96319
96549
102751
96553
96552
96325
96324
96323
96551
96322
96321
96313
96315
96316
96305
96309
96308
96310
96304
96306
96312
96307
96314
96311
96317
96320
96318
96277
96263
96257
102872
96262
96556
97034
97035
102753
96250
92876
102871
95996
95995
95998
96006
96049
96050
96052
96235
96236
96237
96238
96240
96252
96245
96254
96253
96244
96242
96142
96239
96241
96139
96143
96130
96136
96135
96133
96126
96127
96123
96124
96087
96125
96000
96086
102723
96007
96134
96092
96093
96128
96129
96144
96094
96091
96084
96088
96082
96083
96085
96090
96089
96137
96055
96053
96054
96234
96051
96008
96047
96009
96046
95991
95986
95987
95988
95989
95971
95970
95972
95984
95973
95974
95975
95985
95976
95978
95992
95957
95958
95964
95959
95960
95966
95961
95955
101971
101970
95949
95954
95947
95948
95956
95946
95945
95939
95940
95943
95944
95941
95942
95969
95967
95968
95979
95981
95980
95982
96018
95977
95990
96003
96004
96001
96002
95983
96005
95999
95997
95965
95962
95963
96081
92877
96636
96637
96638
97169
96287
96291
96293
96292
96294
95864
95858
95865
95867
95866
95873
95872
95871
95857
95852
95859
96182
96183
96185
102988
95863
95861
95860
95862
95856
96184
96643
96645
96644
96647
96648
96649
96650
96651
96661
96668
96666
96700
96701
96773
96774
96778
96780
96807
96808
96809
96835
96836
96837
96839
96853
97045
97046
102777
97047
97049
97062
97067
97068
97138
97146
97150
97151
97152
97190
97183
97196
97202
97203
97206
97205
97204
97201
97200
97181
97182
97185
97223
97170
97184
99583
99584
99585
99586
97180
97189
97148
97149
97139
97147
97137
97093
97085
97086
97092
97094
103101
102634
97091
97081
97089
97088
97087
97084
102488
97083
97082
97076
102350
97066
97064
97073
97074
97080
97078
97079
97090
97077
102992
97107
97059
97058
97069
97070
97063
97043
97044
97075
97061
97060
97048
97050
97051
97057
97053
97055
97056
97095
97097
97098
97100
97099
97101
102991
97108
97109
97110
97111
97112
97143
97144
97140
97141
97145
97191
103192
97192
97194
97195
97106
97105
97103
97142
97096
96896
96893
96891
97052
97054
96847
96883
96889
96884
96888
96898
102779
97104
96897
96899
96900
96901
96913
96916
102156
97014
97013
97006
97004
97000
96962
96964
102987
103100
103099
97003
97002
97001
96963
102626
102627
102630
102632
102633
102631
96977
96976
96975
96971
96944
96970
96968
96969
96965
96966
96960
96999
96961
96974
96973
96972
96998
96995
96880
96902
96911
96912
96905
96909
101818
102489
101817
96895
96910
96908
96907
102490
102493
102492
102491
96878
96986
96987
96996
96997
101967
96992
96991
96993
96994
96959
96946
96958
96950
96951
96920
96947
96948
101819
103098
96949
96921
95901
96743
96742
95899
96741
102320
102321
102352
102351
102355
102353
102359
96740
96739
96745
96744
96749
96730
96750
96751
96755
96857
96858
96862
96869
96870
96871
96860
96875
96877
96879
96881
96758
96756
96759
96757
96859
96765
96764
96762
96763
96760
96761
96867
96873
96885
96886
96887
96868
96874
96865
96864
96866
96863
96813
96812
96806
96814
96815
96834
96840
96845
96848
96849
96844
96811
96803
96802
96804
96734
96733
96796
96799
96726
96797
96731
96725
96722
96727
96723
96718
96719
96691
96695
96721
96694
96738
95894
96683
96682
96677
96676
95890
96737
96674
96675
95889
96678
96679
96681
96689
96687
96670
96690
96692
96693
95887
95888
95886
96669
96684
96672
96671
96673
96686
95885
95884
96655
96656
96654
96658
102496
96653
96665
102497
95877
95874
95876
95875
95883
95879
95878
95881
95880
95882
95891
95892
96680
96688
96717
96716
96777
96715
96720
96724
96732
96735
96801
96861
96805
96753
96754
96736
96729
96728
96746
96752
102495
95893
95895
95896
95897
95898
95900
102755
95908
95909
95912
96922
96933
96935
96936
96934
102620
96923
96926
96930
96938
96940
96945
96937
96939
96943
96929
96928
96924
96925
95914
95907
95915
95913
95916
95911
95906
95917
96931
95910
95905
96919
96985
96957
96984
96941
96982
96978
96942
96956
96955
96989
96983
96952
96953
96990
96988
96876
96903
96894
96904
96906
96872
96882
96841
96842
96843
96846
96890
96892
97102
96856
97038
97040
97042
97039
97041
97037
96855
96854
97036
96833
97033
96831
96832
96829
96828
96821
96822
96823
96824
96825
96826
96827
96785
96786
96793
96791
96790
96787
96788
96783
96784
96817
96818
96816
96781
96782
96820
96819
96830
96851
96850
96838
96852
96810
96800
96798
96795
96792
96794
96779
96775
96789
103202
96772
96771
96704
96710
96766
96767
96770
96225
96232
96233
96290
96289
96288
96228
96229
96221
96219
96220
96214
96212
96193
96213
96216
96218
96696
96217
96662
96663
96215
96187
96188
96191
96189
96190
96207
96206
96208
96209
96210
96226
96192
96211
96227
96230
96231
96223
96222
96224
96705
96712
96713
96769
96708
96709
96707
96706
96703
96711
96776
96768
96714
96697
96698
96699
96702
96657
96664
96667
96659
96660
96652
96646
96186
96181
96195
97193
97198
97197
97199
97208
97153
97154
102369
102624
102621
102623
102622
97173
97440
97441
94636
94635
97176
97177
97171
100727
100933
100728
102364
96979
96980
100676
100610
102162
100612
100675
102161
100611
100672
100680
100679
100691
100689
100692
100706
100708
100711
97031
97291
102168
102174
102175
97030
97286
97290
102169
102166
102167
102165
102164
97262
97287
97289
97292
97310
97312
97311
97335
97334
97314
101821
102619
102494
102618
101820
102607
102611
102608
102610
102609
102625
102612
102615
102616
102617
102613
102614
102628
102629
97327
97322
97323
97328
102784
97325
97329
99649
99650
102752
99653
99656
99658
99659
99655
99654
99651
99652
99661
97332
99660
97333
99662
102177
97326
99647
99648
97232
97321
97319
97320
97302
97303
97317
97226
97217
97227
97218
102404
97215
97214
97209
97210
97211
97163
97207
97158
97159
97126
102063
102064
97127
97155
97156
97160
97157
97166
97167
97168
97273
97274
97267
97269
97283
97294
97295
97297
97299
97300
97304
97306
97298
102754
97280
97279
97288
97278
97270
97275
97276
97253
97254
97255
97252
97265
97264
97263
97249
97248
97247
97243
97244
97245
97022
97257
97028
97029
97258
97259
97260
97023
97025
97024
97026
97011
97010
97007
97008
97009
97020
97021
97012
97019
97015
97016
97241
97242
97125
97123
97124
97121
97120
97122
97132
97130
97131
97128
97129
97133
97134
97115
97114
97113
97119
103097
97116
97118
102368
97117
97135
97136
97161
97162
97164
97250
97251
97271
97277
97268
97266
97219
97212
97213
97220
97165
97221
97222
97216
97301
97316
97318
97228
97324
97305
97296
97313
97293
102170
102171
102172
97344
97345
97340
97339
97346
97347
97352
97353
100726
100724
100725
102360
100730
100731
100729
100714
100733
100735
100738
100741
100737
100718
100719
102357
100721
100722
100744
100745
102358
100747
100746
100752
100740
100739
100717
100686
100688
100687
100683
100684
100630
100632
100627
100682
100608
100694
102160
102159
100685
102145
102144
102143
100671
100624
100674
102150
102151
102153
102152
100673
100693
102155
102154
101847
100669
100618
100616
100614
100613
100617
100623
102142
100715
100716
100720
100734
100712
100713
97348
102173
97261
97284
100723
100707
100709
100710
97032
102163
100690
100681
102147
102149
102148
100670
100677
100678
97172
97179
97188
99582
97187
99564
97178
97186
100742
100748
100749
100952
100743
102363
102362
102361
102128
102129
102131
102130
96604
99186
99187
99189
96635
99207
99210
99214
99216
99220
99221
99567
99219
99228
99594
99596
99597
99603
99604
99269
99607
103030
99323
99325
99324
99326
99327
99315
99319
99320
99338
99339
99336
99337
99341
99335
99308
99304
99306
99305
99318
99302
99249
99301
99299
99296
99244
99295
99297
99303
99298
99242
99277
99279
99278
99231
99230
99232
99229
99238
99239
99245
99233
99234
99240
99235
99236
99237
99246
99241
99243
99247
99248
99309
99310
99261
101958
99260
99262
99263
99270
99271
99272
99313
99316
99264
99268
99254
99255
99257
99256
99265
99252
99250
99253
99251
99227
99226
99223
99222
102722
99224
99212
99225
99211
99209
99258
99259
99300
99307
99321
99311
99312
99314
99322
99317
99267
99266
99576
99570
99595
99571
99574
99218
99563
99215
99213
99208
96633
96632
96634
96625
96626
96629
96631
99188
102649
102650
102651
99281
99280
99184
99185
97175
99217
99605
99606
99565
99590
99591
99613
99617
102803
102804
99626
102796
102797
102798
102799
102800
102801
102802
99643
99644
99645
99646
99616
99624
99635
99625
99593
99592
99587
99588
99614
99615
99619
99618
99642
99612
99611
99609
99608
99601
99602
99589
99581
99578
99577
99579
99598
99569
99568
99600
99599
103031
99610
99580
99566
96627
96628
102811
102808
102807
102805
102806
102810
102809
97315
97350
97349
99674
99677
103201
103200
99675
99663
99664
99667
99666
99665
99657
99668
99669
97229
97230
97234
99620
99621
99622
99640
99628
99634
99639
99641
99638
99632
99629
99631
99630
99636
99637
102259
99684
102378
102379
99633
99627
99623
97235
97238
97240
97239
97237
97236
97231
101972
96521
96522
96525
96523
96524
96526
96559
96573
96588
96599
96603
96598
96596
96600
96602
96601
96590
96576
96579
96575
96574
96589
96591
96587
96586
96577
96560
96538
96528
96561
96529
96527
96276
102643
101508
96506
102638
102637
102642
102648
102645
102647
102646
102856
102644
96504
102869
96505
96532
96535
96534
96536
96537
96539
96578
96583
96585
96610
96611
96612
96580
96605
96543
96507
96508
96530
96531
96584
96581
96582
96542
96540
96541
96533
99080
99086
99191
99192
99195
99194
99193
99202
99154
99173
99155
99163
99157
102859
102860
99156
99159
102858
99158
99204
99162
99203
99205
99206
99190
99200
99199
99201
99198
99196
102888
99197
101004
101005
101002
101003
101080
101118
101123
101136
101139
101154
101158
101159
101149
101148
101143
101145
101147
101305
101304
101146
102137
101014
101144
101142
101028
101030
101029
101015
102365
101013
101012
101128
101127
101010
101011
101124
101126
101125
101130
101129
101006
101009
101141
101140
101150
101153
101155
101160
101161
101164
101156
101163
103009
101162
101157
101138
101152
101134
101137
101133
101135
101120
101121
101122
101119
101007
101008
101079
101081
101088
101110
101151
101307
101306
101855
102138
102334
102133
102132
91991
101517
101519
101540
101542
101550
101552
101553
101565
101568
101567
101569
101566
101560
101562
101558
101529
101528
101526
101961
101527
101525
101523
101524
101522
101303
101375
101368
101339
101364
101340
103010
101369
101370
101328
101326
101325
101300
101298
101301
101302
101299
101367
101366
101335
101362
101363
101336
101334
101249
101968
101172
101250
101248
101254
101255
101285
101286
101290
101289
101252
101284
101287
101291
101292
101293
101278
101294
101295
101521
101276
101277
101280
101281
101506
101503
101507
101504
101505
101501
101500
101499
101498
101497
101274
101273
101271
101270
101269
101268
101258
101256
101257
101240
101243
101244
101265
101267
101261
101241
101242
101239
101165
101166
101238
101259
101235
101272
101496
101502
101260
101275
101266
101262
101288
101263
101264
101282
101283
101253
101854
101247
101245
101246
101171
101168
101169
101332
101333
101251
101297
101296
101520
101279
101516
101559
101564
101551
101549
101554
101514
101518
91992
101167
101170
96490
100945
100941
100943
100948
102120
101960
100940
102119
100946
100947
100960
100964
100966
100962
100963
100958
100969
100956
100955
99682
99737
99678
99681
96493
100936
99925
102146
99926
100937
102125
102124
100950
102127
102126
100949
100951
100934
99679
100935
99676
99680
99740
99742
99741
99671
99718
99719
99720
99724
99726
99725
99727
99728
99732
99733
99731
99729
99730
99723
99721
99722
99700
99693
99691
99736
99692
99752
99673
99689
99688
99672
99690
99694
99717
99670
99743
100944
100957
100961
100959
100942
100939
96492
96491
100938
99734
99735
99777
99779
99906
99911
99910
99912
99921
99913
99923
101068
101094
101095
101096
99947
101099
101100
101101
101178
101179
101184
101177
101173
100049
100053
100052
100051
100059
100048
99954
99946
99950
99945
99944
99942
99920
99919
99902
99929
99898
99900
99928
99901
99897
99930
99943
99955
100054
101176
101185
101187
101182
101181
101175
101180
103079
101103
101174
101098
99953
101097
99924
101089
101091
101090
101102
101092
101074
101105
101083
101086
101084
101087
101082
101078
101075
101966
101965
101076
101077
101000
100978
101111
100998
100999
100976
100975
102330
100968
100974
100954
100973
100980
100983
100985
101963
101964
101001
100984
100981
100979
100982
100953
100967
100965
100971
100977
101131
103003
103006
103005
103004
103008
103007
101132
100972
100987
100988
100995
100994
100986
100990
100992
100993
100991
101063
101064
101073
101065
101059
101060
101061
101062
100989
99914
99776
99783
99775
99782
99774
99767
99768
99765
99766
99763
99761
99764
102467
99762
99769
99770
102468
102469
99771
99772
99773
100970
100996
100997
101070
101067
101072
101085
101071
101066
101069
99922
99915
99916
99918
99917
99907
99890
99889
99760
99887
99759
99751
99747
99744
99745
99888
99903
99904
99908
99909
99781
99905
99780
99778
99746
99685
101093
101112
101190
101191
101192
101194
101193
101237
101117
101116
101114
101115
101108
101109
103002
103001
101107
101113
101106
99859
92102
96475
92103
101973
102332
99714
101974
99860
102331
96494
96496
96495
96520
94633
101975
94634
96685
96747
96914
96917
96748
96918
96981
96967
96915
96927
96932
96954
96606
96642
96607
97017
97027
97065
97018
99866
99864
99872
99865
99870
99871
99875
99876
99877
99879
99927
99895
99892
99899
99896
99893
99886
99885
99863
99862
99861
99715
99707
99708
99753
99756
99754
99755
99758
99748
99750
99749
99705
99704
99703
99709
99710
99711
99712
99825
99699
99697
99698
99695
99686
99687
99696
99683
99701
99702
99706
99716
99757
99883
99884
99891
99869
99894
99878
99868
99867
97005
99713
100161
100162
101660
101659
101658
101561
101573
101570
101571
101657
101655
101656
101653
101563
101572
101574
101645
101575
101576
101668
101667
101665
101666
101663
101664
101661
92372
101662
122631
99784
99789
99810
99811
99813
99812
99826
99828
99815
99814
99785
99786
99788
99787
99790
99818
99819
99822
99820
99961
99962
99964
99966
99993
100003
100005
100006
100510
100511
100521
100525
102372
100515
100526
100531
100570
100596
100591
100595
100590
100592
100597
100593
100588
100589
100585
100587
100584
100586
100581
100579
100583
100580
100541
100582
100539
100540
100535
100538
100534
102374
100565
102375
102377
102376
100599
100563
100564
100551
102499
100550
100545
100544
100543
100518
100524
100520
100523
100530
100533
100532
100522
100516
100015
100016
100014
100013
100012
100010
99990
99989
99987
99988
102795
99974
99973
99935
99881
99936
100018
102793
100032
100036
102792
100035
100037
100039
100040
100038
100060
100062
100536
100542
100063
100065
100064
100549
100034
100033
99882
99977
99880
99971
99972
99978
99975
99958
99968
99970
99982
99995
99979
99959
99957
99956
99874
99960
99967
99873
102794
99976
99980
99981
99983
99986
102853
99984
99985
99991
100027
100028
100029
100009
100007
100008
100011
99994
99969
100004
100519
100017
100061
100537
100552
100562
100571
100575
100577
100578
100600
100601
100574
100573
100572
102373
100576
101838
101839
102498
100528
100460
100527
100529
100440
100513
100507
100512
100437
100433
100432
100434
100503
100504
100002
100001
100502
99999
99998
99997
99858
100429
99852
101959
99845
99844
99846
99850
99856
99855
99849
99848
99853
99854
99857
99996
100431
100430
100435
100506
100505
100438
100439
100517
100514
100509
100508
100000
99992
99965
99847
99963
99821
99931
99934
99932
99933
99940
100021
100022
100024
100023
100030
102791
102789
100031
100026
100041
100043
100055
100057
100044
100056
100058
100047
100050
99952
99949
99951
99939
99948
99937
100045
100046
100025
100042
100019
100020
99941
99938
100560
100067
100068
100066
101424
101425
101210
101426
101209
101423
100566
102787
102788
102790
100568
100569
101466
101467
101471
101578
101579
101468
101470
101463
101464
101469
101472
101580
101581
101588
101615
101610
101589
101620
102479
102483
101860
101861
101616
102477
102480
102484
102485
101617
101587
101619
101621
102478
102481
101624
101622
101623
101599
101595
101601
101606
101602
101603
101600
101593
101590
101591
101584
101585
101583
101586
100561
100559
100558
100557
100555
100556
100553
100554
101104
101186
101183
101188
101196
101218
101219
101223
101220
101225
101228
101233
101434
101436
101433
101438
101432
101431
101427
101429
101430
101428
101435
101230
101232
101231
101229
101853
101234
101440
101451
101453
101511
101509
101510
101513
101515
101539
101541
101548
101544
101537
101543
101545
101546
101547
101605
101625
101628
101629
101631
101639
101646
101647
101643
101627
101626
101557
101607
101604
101612
102482
101597
101596
101598
101594
101495
101592
101492
101582
101857
101490
101491
101486
101489
101534
101512
101531
101532
101533
101530
101485
101484
101481
101455
101476
101478
101474
101477
101465
101461
101457
101460
101443
101442
101446
101445
101447
101449
101450
101458
103017
103018
101459
101473
101462
101444
101475
101454
101480
101456
101479
101487
101493
101488
101555
101556
101536
101494
101535
101538
101482
101483
101452
101448
101439
101441
101236
101226
101204
101195
101203
101202
101201
101227
101208
101214
101216
101217
101211
101212
101215
101213
101207
101206
101222
101189
101200
101197
101199
101221
101205
101198
91962
92054
103022
103023
103024
92052
92032
92090
92080
92094
92111
92108
92848
103025
92114
92121
92132
92144
92211
103027
92218
92219
92220
92145
92291
103026
92221
92223
92225
92222
92288
92289
92294
92293
101379
101654
92300
101380
101381
101723
101738
101739
92352
91964
91968
91970
102117
103020
103021
91984
91969
101962
103019
91965
101382
92348
91966
91967
91998
91996
92020
92349
91997
91983
91993
91995
91994
101378
92024
101376
101377
101652
101374
101372
101373
101371
101365
101351
101346
101347
101349
101352
101350
101357
101358
101355
101353
101354
101055
101315
101316
101321
101320
101314
101319
101342
101344
101343
101331
101338
101337
101327
101329
101309
101308
101311
101330
101310
101317
101318
101313
101323
101348
101322
101345
101341
92115
92131
92133
92141
103029
103028
92142
92027
91974
91986
91985
91975
91963
95752
95756
95779
95754
95753
93145
93146
96434
96435
96445
96450
96452
96461
98995
98997
99003
99004
99020
99021
99030
99031
99036
99037
99040
99041
99057
99058
99060
99061
99071
99072
99073
99122
99123
99070
99068
99069
101936
99112
99113
99120
99114
99119
99127
99126
102367
99118
99116
99117
99107
99102
99104
99103
99100
99099
99098
99097
99090
99091
99092
99115
99066
99064
99062
99055
99053
99051
99052
99067
99065
99063
99056
99054
99059
99038
99039
99026
99027
99029
99035
99034
99028
99032
99033
99025
99024
98998
98999
96464
96465
102586
101922
95994
96441
96439
101807
96442
96437
96424
96438
96440
95993
96048
102575
96456
102963
102962
102964
102995
102996
96458
96455
96457
99019
99017
99022
99023
99050
99044
99045
99048
99047
99049
99101
98003
98017
98021
98022
98087
98089
98086
98095
98096
98100
98098
98102
98103
99093
99094
99095
99096
99089
99088
99087
98108
98107
98105
98106
98099
98104
98101
98097
98093
98092
98083
98084
98091
98081
98082
98079
98080
98011
97978
97351
98067
98078
98090
98094
98085
98088
98023
98019
98020
98016
98015
98005
98007
98006
98009
98010
98013
98008
97992
97990
97980
97979
97976
97982
97965
97977
97964
97960
97961
103049
97930
97931
97983
97985
97986
97989
97988
97987
97944
97948
97994
97951
99012
97996
97995
97999
97997
97950
99007
99011
99010
99009
98993
98992
98985
98984
98982
98981
98988
98987
97939
98990
99006
97937
97935
97936
98977
95804
96448
96444
95792
95787
95802
95803
97945
97933
95789
95790
95786
95784
95798
95799
95795
95800
97909
97914
97917
97915
97940
97942
94625
97947
94626
103037
95801
97934
97941
97925
97926
97932
95781
95782
97908
101746
95783
101744
101745
95778
95761
95785
95796
95797
95757
95762
95758
95767
95772
95776
95788
95791
95793
95773
95777
96422
96430
96426
96427
96419
96417
96418
96415
101809
95766
95713
96355
95710
95711
95705
95695
95696
95694
95489
95708
95709
95712
95771
95770
95769
95774
95775
95768
95763
95765
95764
95805
97938
98980
96449
96453
98983
98986
96454
98989
98991
99008
99005
97949
97946
97984
97943
97929
97928
97966
97981
97991
98004
97993
97998
98012
98001
98014
98018
98002
98000
99046
99043
99042
99015
99013
99014
99018
99016
99002
99001
99000
98994
98996
96462
96451
96446
96447
96436
96443
95794
96433
96328
96334
96349
96351
96352
96353
96357
96359
96361
96416
96421
96423
96420
96374
96373
96431
96428
96429
101754
96372
96371
96367
96368
96366
96346
96345
96347
96336
96337
96365
96364
96360
96362
96363
96354
96358
96356
96350
96335
96333
96338
96425
92035
94346
101437
101224
96041
96249
101969
96248
96251
96265
96268
96271
96274
96275
96487
96489
96488
96272
96270
96273
96068
96269
96266
96267
96067
96069
96070
96065
96074
96077
96063
96062
96064
96066
96019
96020
96022
96024
96025
96027
96034
102141
102635
102636
95494
95495
95703
95704
96348
96332
96330
96331
95701
95702
96326
96037
96039
96038
96040
96327
96042
96043
96339
96033
96031
96032
96036
95698
95699
95700
96035
96329
95697
96028
96026
96023
92036
99128
99130
99129
99131
99132
99137
96466
96472
96476
96478
96479
96480
96482
96477
96481
96484
102873
102875
102874
96483
99074
99075
99078
99079
99082
99083
99084
99085
102884
102885
99138
99081
99183
99180
99181
99182
101756
101757
96393
96399
102883
96400
96404
96409
96412
96467
96470
101813
101815
101814
96469
96562
96565
96592
96595
102857
102659
96569
96570
96566
96563
96564
96630
100546
96567
96568
96597
96571
96572
96594
96593
96411
96471
96473
96474
96408
96410
96403
91971
96432
96369
96375
96460
96459
96030
96370
102882
96382
96394
96398
96392
96383
96386
96387
96388
102521
102519
102520
96385
96078
96080
96079
96384
102523
102522
96389
96390
96391
96075
96073
96071
96072
96060
96061
96076
96059
96379
96381
96344
96044
96045
96376
96342
96343
96340
96378
96377
102870
96056
96057
96058
92419
96397
92418
96380
96029
96341
91972
91973
92423
96463
102583
102584
99124
99125
99121
95404
95456
103121
95457
95476
95478
95477
95459
95458
95479
95460
102639
95674
95673
95675
95676
95678
95677
95684
101926
101927
101928
102554
102555
102556
95692
95691
95685
95686
95690
95689
95706
95688
95681
101923
101925
101924
102557
102559
102558
95683
95487
95693
101929
101840
102994
101841
95680
95486
95488
95448
95449
95635
95636
95642
95643
95644
95645
95646
95647
95682
95450
95482
95481
95483
95484
95672
95485
95679
95480
95455
95461
95462
102866
102865
95451
95454
95453
96401
96407
96513
96511
96515
96516
96512
96514
102855
96503
96500
96499
96501
96502
96517
96518
96519
96510
96509
96413
96414
96468
96406
96405
96402
102641
102640
102854
99328
99329
99331
99513
99509
99514
99512
99515
101833
99332
99334
99518
99340
99516
99517
99519
99524
99521
99520
102863
99333
99330
95342
95343
95347
95351
102533
102532
95349
95348
95382
95384
95399
95400
95406
95408
95410
95439
95441
95442
95412
95413
95405
95402
95395
95398
95397
95371
95368
95360
95364
95365
95362
95359
95358
95357
95355
95367
95370
95374
95373
102534
95369
95354
95356
95443
95353
95366
95372
95403
95411
95409
95407
95401
95396
95394
95393
95440
95437
95436
95391
95390
95389
95434
95375
95377
95380
95378
95376
95379
95386
95387
95435
95392
95438
95388
95385
95383
95381
95350
95363
95361
95352
95346
103244
94753
94754
95241
95240
95237
95239
95236
95238
94749
94750
94752
94751
94748
95242
103245
103246
95287
103103
94757
103102
94761
94759
94755
94760
94762
95293
95295
95296
95298
95924
95925
95926
95927
95928
95931
95932
95934
95938
101930
101976
95937
95929
95299
95936
96010
96012
96015
96017
96016
96014
96013
96021
96011
101816
95467
95474
95473
95475
95492
95491
95493
95470
95471
95465
95469
95320
95324
95327
95307
95318
95317
95316
95452
95314
95315
95311
95306
95304
99499
95305
95312
95313
95291
95285
95286
95289
95290
102535
95294
95283
95282
95309
95319
95322
95325
95326
95330
95466
95464
95323
95321
95490
95472
95468
95329
95933
102563
95922
95923
102565
102567
102569
102566
102568
102564
102571
102572
102573
102570
95921
95918
95920
95919
95297
94756
95246
95288
95300
95303
102113
95302
95301
102864
95247
95265
95267
95278
95280
95284
95281
103174
95279
95275
95276
95277
103193
95273
95271
95272
95268
95254
95255
95256
95270
95269
95262
95244
95243
95257
95258
95259
95251
95250
95253
95252
95261
95260
95264
95274
95266
95263
95245
99482
101608
101609
101614
101649
101650
101634
101635
101636
101637
101641
101648
101640
101642
101638
101651
101633
101630
101632
101613
