2313
114467
114536
114468
114527
114521
114520
114533
114535
114534
114519
114523
114532
114548
114609
114558
114559
114700
114699
115516
114698
115517
114701
115518
114707
115519
115526
115527
115528
115378
115529
115379
115380
116280
115387
115386
115385
115384
115382
115383
115381
115520
115525
115523
115524
115521
115522
114695
114539
114540
114541
116231
114538
114694
114692
114693
114696
114697
114687
114688
114689
114690
115513
115514
115515
115490
115492
115486
115491
115494
115511
115512
115510
115506
115507
115508
115509
115505
115537
115533
115531
116147
115532
116146
115471
115480
115481
115482
115483
115479
116132
116148
116133
116134
116136
116135
116131
116138
114500
114493
114494
114489
116184
114490
116183
114491
114496
114498
114497
114499
114503
114505
114514
114487
114504
114510
114515
114537
116187
114506
114508
114507
114509
114546
116188
114526
114518
114483
114484
114471
114472
114469
114525
114524
114513
114511
116186
114501
114502
114495
114492
114488
114486
114512
115477
116137
116239
116241
116240
115221
115222
116238
116166
116167
115476
115478
115263
115259
115231
115239
115238
115236
115252
115253
115234
115235
116247
116248
115237
116334
115254
115228
115227
115226
115230
115251
116168
116169
116170
115472
115499
115530
115500
115501
115502
115503
115504
115493
115487
115470
115467
115468
116145
115464
115465
115484
114563
114555
114554
114557
114553
114551
114549
114556
115466
115488
115469
115489
115485
114691
114562
114561
114560
114552
114550
114547
114531
114522
114517
114516
114470
114816
114817
115172
115168
115290
115169
115178
115173
115294
115296
115541
115566
115567
115557
115556
115555
115564
115571
115572
115575
115580
115581
115597
115587
115588
115598
116244
115599
115604
115600
115589
115607
115608
115609
115610
115614
115615
115638
115640
116253
115642
115645
115643
115641
115639
115616
115617
115668
115611
115613
115612
115584
115590
115606
115620
115667
115618
115647
115649
116337
115648
115619
115605
115591
115592
115602
115603
116333
115593
115594
115601
115764
115298
115299
115763
115297
115595
115596
115585
115586
115300
115573
115574
115578
115582
116254
115583
115577
115579
115576
115292
115293
115570
115569
115568
115554
115539
115543
115544
115542
115545
116255
115546
116076
116077
116078
115375
115635
115637
116073
115552
115551
115549
115553
115550
115633
115634
115374
115497
115376
115496
115377
115495
116075
115561
115562
116074
115563
115560
115547
115548
115669
115538
115289
115272
115268
115269
115270
115271
115267
115266
115534
115473
116325
116326
115498
115242
115250
115255
115257
115264
115265
115258
115256
116211
116209
115283
115285
115287
115288
115475
115474
116263
116277
116278
115284
115286
115281
115280
115282
116264
116265
115261
115260
116210
115249
115262
115248
115246
115275
115247
115274
115245
115276
115279
115244
115278
115535
115075
115076
115077
115167
115100
115096
115097
115098
115099
115088
115089
115090
115091
115092
115093
115094
115095
115087
115079
115080
115081
115082
115083
115084
115085
115086
115078
115074
115232
115233
115243
115536
115277
115565
115540
115291
115295
115170
115273
115171
114454
114464
114463
114462
114459
114460
114456
114457
114448
114449
115193
116185
114485
114480
115194
114479
115195
114478
115196
116181
115197
115199
115198
114477
116182
114476
114446
115192
115191
114447
114444
114461
115190
114458
114445
114455
114465
114475
114473
114466
114474
114355
114356
114411
114412
114409
114410
114567
114589
116189
116191
116190
114600
114599
114590
114591
114586
114588
114587
114584
114583
114603
114604
114573
114575
114574
114571
114572
114570
114569
116196
114568
116194
114435
114436
114441
114437
114421
114443
114442
114582
114481
114482
114452
114585
114451
114450
114439
114440
114453
114423
115189
114424
115188
114422
114396
114397
114398
114399
114403
114400
114402
114401
114395
114577
114581
114580
114579
114578
116202
116197
116198
116199
116200
116201
116203
114576
114393
114394
114392
114438
114433
116165
114434
115059
115060
115212
115211
115214
116153
115063
115062
115213
115158
115187
115210
115159
115160
115154
115161
115153
115166
115184
115209
115186
115185
115061
115157
116152
115155
115215
115216
115162
115145
115141
115142
115219
115220
115217
115218
115208
115207
115240
115241
116141
116142
116143
116144
115206
115205
115203
115204
115200
115202
115201
115156
115164
115165
115163
92305
92306
92302
92303
92304
92301
95902
92298
92299
95870
92296
92297
92308
92332
92334
92331
92333
92329
92330
92307
92342
92406
92444
92411
92344
92345
92347
92459
92353
92354
92346
92350
92351
94504
94505
94506
94554
94549
94493
92337
92338
92340
92339
94548
92341
103191
103190
92343
92404
92405
92403
92399
92400
92401
92402
92336
92335
94501
94558
92407
92409
92410
92435
92436
92437
92446
92447
92449
92455
92458
92504
92454
92451
92503
92452
92453
92450
92448
92443
92502
92445
92424
92426
92421
92425
92422
92412
92413
92416
92414
92417
92420
92415
92408
92274
92275
92277
92278
94542
94541
94527
94530
94526
92473
94531
94532
94529
94528
94525
92565
92486
92488
92566
92570
92573
92574
92575
92596
92595
92597
92603
92599
92609
92610
92783
94333
92611
92791
92786
92608
92584
92598
92605
92606
92782
101763
92781
92780
92795
92796
103133
92800
92801
92803
92802
92798
92799
92794
92762
92777
92776
92772
92774
92591
92592
92594
92773
92775
92589
92771
92551
92735
92736
92744
92745
92753
92755
92759
92760
92765
92769
92770
102986
102985
103142
103143
103144
103145
92768
92767
92766
92763
92797
102597
92764
92758
92752
92751
92757
92750
92742
92740
92741
92737
92537
92733
92734
103176
92544
92542
92546
92543
92545
92585
92586
92587
101762
92582
103107
92583
94345
102652
92530
92560
92563
92561
92562
92557
92479
92478
92476
92475
92471
92457
92468
92456
92469
92472
92470
92477
92552
92553
92554
92506
92511
92516
92513
92515
92529
92528
92514
92522
92523
92524
92527
92526
92534
92535
92581
92532
92525
92536
92521
92520
92507
92508
92509
92512
92510
92505
92556
92555
92558
92559
92531
92540
92541
92533
92539
92538
101892
92754
92743
92739
92738
92548
92547
92588
92747
92761
92748
92778
92779
92593
92607
92590
92564
92576
92577
92580
92666
92667
92664
92665
92662
92663
94559
92579
92578
92668
92487
92490
92489
92491
92571
92572
92493
92492
92568
92567
92569
92482
92467
92481
94560
92460
92484
92461
92480
92485
92483
101893
92465
92463
92464
92462
92466
102274
92474
92789
92790
92804
92807
101989
101990
115829
115843
115860
92161
92201
92200
92204
92287
115398
115400
115403
115402
115338
115339
115404
115405
115406
115394
115395
115396
115424
116150
115458
116327
115327
115438
115439
115432
115433
115434
115435
115431
115328
115329
115330
115331
115337
115336
115335
115333
115334
115332
116151
115326
115686
115684
115428
115437
115436
115430
115460
115425
115417
115418
115419
115421
115422
115423
115427
115420
115426
115429
115459
115685
116243
115687
116242
115325
115345
115344
115346
115349
115347
115348
115343
115355
115688
115356
115353
115354
115413
115364
115365
115366
115352
115362
115351
115397
115401
115440
115461
115731
115739
115738
115442
115444
115728
115727
115733
115737
115775
115725
115692
115693
115694
115695
115696
115697
115698
115699
115414
115409
115412
115415
115867
115416
115671
115675
115681
115683
115682
115676
115678
115680
115679
115677
115673
115674
115672
115411
115410
115408
115407
115691
115735
92312
115736
92313
92315
92317
92326
92501
115819
115816
115809
115808
115805
115806
115807
115817
115830
92500
92499
92327
92328
101748
92442
92496
92494
92495
92497
92498
92325
92322
92323
92324
92431
92439
92432
92441
92438
101760
92440
92316
92319
92318
92321
101761
92320
92427
92430
92314
92309
92311
92398
92310
115734
115730
115689
115690
115811
115812
115813
115810
115815
115818
115814
115726
115441
115740
115443
115732
115729
115399
92286
92160
115322
115314
115313
115312
115316
115304
115302
115303
115306
115123
115310
115121
115309
115311
115315
115317
115318
115341
115340
115122
115319
115320
115321
115323
115324
115342
115183
115148
115147
115181
115182
115229
115350
115357
115358
115373
115359
115368
115369
115370
115372
115371
115360
115361
115367
115125
115127
115126
115120
115111
115112
115109
115110
115108
115307
115119
115117
115118
115308
115305
115113
115114
115116
115115
115124
92809
92822
92821
92824
103134
103135
103136
103138
103137
103141
103139
103140
92817
92811
92815
92816
92810
92813
116091
116127
92823
92828
92829
102598
92907
92908
92827
92830
92814
92819
92818
92820
92517
92719
92518
115842
115862
115864
116226
115865
116225
115851
115863
115853
115866
115852
115999
116001
116003
116034
116007
116009
116006
116022
116035
116036
116021
116019
116018
116037
116039
116038
116049
116050
116052
116051
116016
116015
116023
116042
116041
116056
116065
106232
106233
105760
105761
116057
105762
105756
105755
106234
106235
105753
105754
105757
105759
105758
106230
106231
106229
116060
116061
116062
116067
116072
116104
116119
116120
116122
116123
116124
116125
116128
116129
116111
116110
116108
116109
116101
116102
116103
116099
116100
116090
116089
116026
116025
116088
116085
116084
116083
116081
116082
116032
116029
116031
116030
116000
116027
116028
116086
116079
116087
116080
115998
92756
92727
92726
92723
92724
92722
92749
92731
92732
92720
92730
103105
92721
92725
92729
116098
116092
116093
116097
116048
116047
116106
116046
116114
116045
116112
116113
116115
116044
116107
116118
116094
116095
116096
116126
116117
116116
116121
116105
116064
116071
116066
116063
106228
116043
116040
116024
105763
116014
116012
116013
116017
116005
115989
115990
115987
115984
116008
115983
115985
115996
116246
115857
115986
115855
115856
115850
115841
115839
115840
115789
115790
115791
115792
115793
115799
115794
115796
115798
115797
115795
115820
115831
115821
115846
115847
115859
116279
115858
115861
115844
115828
115827
115824
115825
115826
115834
115835
115836
115848
115837
115823
115838
115822
115787
115788
115786
115783
115785
115784
115832
115849
115781
115782
115780
115779
115970
115968
115969
115967
105764
116010
116011
116020
116222
115966
115965
105765
105803
116055
116290
105804
116054
105805
116053
105806
115979
105807
105808
115982
105809
105810
115803
115804
115800
115801
115802
105811
115778
115971
115980
115981
115972
115973
115975
115974
115988
116004
115994
115995
115993
115992
116002
116033
115997
115991
115854
115845
115833
92519
105812
115776
105814
115777
105815
115653
105813
116300
115652
115363
115700
115701
115702
115742
115744
115758
115760
115759
115745
115746
115714
115715
115757
115711
115754
115756
115755
115724
115753
115749
115751
115752
115750
115723
115748
115712
115713
115747
115743
115703
115741
115704
115705
115107
114961
115055
115056
115057
115051
115130
115128
115134
115146
116139
115135
116252
115140
116251
115129
115132
116140
115131
115058
115050
115052
115152
116250
115136
115137
116249
115138
115139
115133
114967
114968
115003
115068
115005
115069
114969
115004
115070
115073
115071
115072
115053
115054
114963
114964
114966
114965
114962
114974
114975
115144
115143
115223
115101
115151
115177
115174
115762
115175
115761
115176
115102
115103
115104
115149
115150
115105
115106
115179
115180
115301
115038
115039
114849
114847
114845
114846
91976
114850
91977
91978
114898
114899
114851
114853
114852
114900
114903
114905
114904
114922
114934
114933
114932
114939
114921
114925
115035
115034
114890
114885
114887
114888
114889
114886
114883
114955
114956
115045
115041
92078
115040
92079
92088
92093
92096
92127
102918
115049
115047
92091
115048
92086
92095
114976
114978
115043
115042
114880
114977
114981
114983
114987
114984
114986
114985
114982
114996
114993
114992
114998
115000
115001
115064
115065
115066
115067
114989
114988
114990
114991
114997
114999
115002
114994
92081
92082
92083
92084
92085
115046
92125
92126
103250
92101
92092
92087
92089
92099
103251
103252
103254
92100
114881
114882
114884
115022
115023
115044
92002
92077
115030
92000
92001
92011
92012
92019
92010
92009
92007
92008
92006
92026
102248
92025
92005
92003
92004
102933
102924
102923
102925
102926
102931
102932
102930
102928
102929
102927
103104
102934
102935
92015
92016
92017
92018
91988
91987
102921
102922
102920
102246
102247
92028
92029
92030
92033
92038
92039
102250
102249
102251
92031
92022
92034
92037
92021
102222
92023
102919
91999
115007
115020
115021
116236
115006
116237
114856
114857
114858
114902
114938
114937
114942
114943
114944
115028
115029
115010
115011
114945
115009
115008
116208
114866
114859
114868
114946
114860
114861
114864
114865
114862
114863
114867
114936
114931
114935
115031
115033
115032
114930
115036
115037
115027
115025
115026
114928
114929
114855
115024
114927
114926
114920
114924
114923
114891
114892
114893
116233
116235
116234
114894
114949
114953
114948
114907
114908
114906
114896
114897
114872
114954
114959
114960
114973
114972
114957
114971
114958
114970
114995
114873
114980
114874
114979
114875
114876
114878
114879
114877
114869
114871
114870
114827
114828
114829
114843
114844
114830
114842
114831
114832
114826
115012
114835
114836
114838
114840
114839
114837
114833
114834
114947
114895
114919
114918
114917
114952
114911
114912
114950
114951
114914
114915
114941
114940
114916
114913
114909
114910
114901
114848
114854
114841
119408
119427
119425
119426
119407
119406
119403
119404
119409
119421
119418
119419
119412
119413
119414
119423
119424
119415
119416
119411
119410
119387
119381
119382
119394
119402
119401
119400
119405
119420
119422
119417
115621
115627
115625
115626
115622
115623
115624
115666
115708
115659
115660
115663
115664
115661
115662
115665
115658
115657
115706
115707
115719
115718
115770
115771
115773
115772
115768
115769
115765
115767
115710
115709
115766
115717
115716
115774
115654
115655
115720
115722
115721
115656
92175
92168
92173
92174
92229
92153
92226
92228
92231
92230
100641
100640
102322
92227
92151
92152
92148
92150
92147
92149
92146
92156
92157
92154
92172
92155
92167
92169
92165
92166
92164
92177
92232
92176
92178
92179
92240
92241
92242
92248
92258
92267
92246
92266
92247
92256
92257
92259
92265
92276
92280
92281
94463
94464
94465
94475
94476
94473
94474
94470
95904
97405
97409
97406
94468
94477
94478
94479
94480
94482
94481
94466
92284
92290
92285
94469
94472
94467
94456
94457
94459
94471
94458
94460
94461
94452
94454
94455
94448
94453
94450
94449
94441
94439
92251
92253
92250
92237
92238
92239
100643
94434
94430
94432
94433
94431
94435
94436
94438
94437
94445
102281
94444
94443
94447
92252
92249
94440
94451
94462
92283
92282
92279
94655
92292
92295
92215
92213
92214
92212
92206
92210
92205
92207
92208
92209
92273
92260
92261
92264
92262
92268
92269
92272
94652
92263
92245
92203
92197
92198
92199
92202
92243
92244
92254
92271
92255
92270
94442
92235
92234
92236
92194
92193
92195
92196
92191
92188
92187
92186
92190
92192
92185
103243
92180
92184
92163
92162
92158
92159
92181
92182
92183
92189
92233
114528
114706
114605
114607
114621
114608
116156
114606
114613
114622
114623
114628
114629
114630
114632
114631
114633
114614
114615
116229
114616
114670
116228
114592
114598
114671
114672
114673
114823
114637
114610
115390
115391
115392
115456
115393
114612
114824
115389
114611
114679
114620
114619
114618
114665
116204
114661
114662
114660
114658
116230
114659
114666
114634
114635
114714
114715
115388
114702
114704
114705
114624
114625
114708
114626
114711
114709
114710
116281
116283
116282
114712
116155
114713
116154
114627
114530
114703
114564
114565
114825
114593
116335
114597
116336
114594
114595
114596
114645
114617
114636
114667
114669
114668
114566
114529
