4070
201611
201614
201615
201613
200236
213734
200238
200249
200255
200294
200309
200311
200313
200700
200703
200705
200711
200713
200716
200793
200794
200796
200797
200806
200808
200811
200812
200839
200814
200842
200860
200859
200810
200807
200736
200734
200758
200759
200761
200765
200756
200755
200754
200723
200724
200725
200721
200722
200729
200732
200730
200717
200714
200710
200707
200704
200719
200701
200699
200715
200720
200709
200708
200694
200697
200726
200757
200728
200727
200735
200731
200733
200764
200767
200813
200809
200805
200804
200803
200801
200795
200421
200418
200411
200409
200718
200412
200322
200712
200706
200320
200702
200310
200314
200312
200297
200291
200296
200422
200800
200802
200881
200760
200771
200774
200777
200781
200951
200955
200957
200958
200970
200972
200975
201063
201066
201121
201117
201124
201125
201139
201075
201074
201070
201069
201058
201071
201053
201052
201048
201047
201049
201055
201042
201050
201067
201045
201060
201059
200966
200965
201038
201039
200870
200791
200869
200876
200878
200873
200874
200875
200872
200866
200865
200863
200861
200862
200867
200786
200783
200787
200788
200960
200959
200784
200768
200772
200766
200785
200769
200864
200871
200868
200790
200792
200789
200961
200962
201043
201041
201044
201040
200877
201046
200879
200880
201051
201057
201056
201068
201062
201072
201119
201115
201114
201013
200976
200969
200967
200950
200948
200947
200946
200937
200936
200938
200940
200939
200942
200932
200933
200935
200949
201073
201116
201065
201064
201061
200977
200974
200973
200971
200968
200964
200963
200956
200954
200928
200953
200927
200934
200930
200929
200926
200778
200775
200952
200779
200782
200780
200776
200773
200770
200763
200762
200982
201006
201007
201016
201008
214398
201145
209228
201130
201118
201120
201138
201144
201018
201014
201015
201012
201004
201149
201132
201019
201005
201002
201054
200207
200206
200215
200228
200230
200229
200237
200247
200250
200248
200290
200308
200307
200677
200278
200226
200223
200225
200222
200214
201341
214399
201148
201151
194948
201342
201152
194949
201388
201392
201389
209450
208811
200888
200889
200901
200904
200907
200910
201080
201081
201086
201088
201089
201091
201092
206280
206281
206282
206279
206291
206298
206300
206304
206306
206303
206357
206389
206390
206406
206407
206403
206404
206402
206401
206398
206392
206339
206388
206329
206328
206334
206325
206322
206324
206310
206309
206307
206127
206109
206118
206088
206105
206090
206103
206106
206104
206101
206099
206100
206092
206091
206094
206096
206093
200917
200913
200911
200896
200914
200912
206097
206098
206283
206284
206285
206288
206301
206302
206278
206277
206102
206089
206087
206108
206107
206308
206289
206290
206320
206323
206326
206338
206393
206387
206327
206296
206294
201110
201107
201104
201097
201098
201096
201100
201101
201077
201099
201095
201093
201084
201085
201082
201078
200908
201094
201105
206305
206293
206299
206292
206287
206286
206276
206095
206275
201106
206274
200919
201090
200918
200916
201087
201083
201079
200915
200909
200906
200905
200903
200900
214537
200895
200891
194846
194881
208854
208853
208839
208855
208840
208846
208845
208843
208842
208841
208837
208836
208818
208816
208817
208819
208829
208815
208814
208809
208806
214527
208807
206375
208804
206373
206374
206381
206382
206383
206384
206385
206409
206410
206408
206412
206391
206380
206358
206359
206355
206361
206360
206346
206351
206354
206353
206349
206364
206366
206365
206363
206370
206369
208802
201391
201390
201382
201380
201379
201375
201372
201170
201167
201171
201177
201178
201176
201173
201174
201175
201181
201165
201164
201159
206344
201113
206295
201112
201111
201108
201160
201161
201157
201156
201127
201126
201129
201128
201155
201154
201153
201102
201123
201122
201109
201103
201158
201163
201168
201162
201169
201166
201141
201140
201147
201143
201142
201172
201179
201180
201183
201381
201182
206362
206347
206348
206350
215183
206345
206297
206356
206405
206379
206378
206377
206368
206367
206372
206371
208803
208808
208810
208805
206376
206411
206386
206414
206413
206416
208844
208838
208820
208821
208830
194882
206415
201076
200902
200085
200094
200095
200098
200159
200160
200161
200323
200325
200326
200329
200331
200339
200353
200350
200360
200362
200396
200397
200398
200401
200403
200413
200402
200318
200306
200304
200315
200316
200299
200295
200298
200302
200300
200349
200351
200348
200346
200263
200261
200264
200265
200259
200257
200292
200253
200251
200252
200241
200242
200240
200244
200246
200328
200245
200243
200100
200097
200234
200233
200232
200239
200235
200256
200258
200260
200254
200262
200268
200347
200267
200293
200266
200301
200303
200305
200395
200394
200361
200357
200352
200354
200356
200343
200332
200340
200338
200341
200334
200333
200335
200167
200168
200166
200165
200158
200157
200153
214538
200154
200121
200122
200141
200136
200138
200137
200135
200126
200113
200155
200170
200164
200330
200327
200324
200162
200163
200156
200092
200091
200090
200099
200096
200089
200088
200087
200086
200317
200321
200410
200414
200419
200319
200627
214838
201293
201294
201300
214897
201489
201306
201307
201302
201303
201309
201310
201317
201319
201322
201320
201324
201428
201431
201437
201433
201435
201537
201538
201542
201541
201540
201539
201543
201553
201501
201500
201498
201492
201533
201534
201532
201330
201329
201327
201326
201493
201494
201328
201491
201495
201499
201536
201535
201432
201434
201430
201436
214987
214988
201423
201417
201412
201413
201411
201414
201316
201315
201312
201311
201273
201269
201271
201356
201361
201358
201369
201364
201363
201350
201349
201340
201346
201343
201146
201136
201137
201332
201333
201335
201336
201259
201258
201257
201256
200990
200989
201255
201254
201249
201248
201247
201246
201241
201024
201240
201243
201245
201266
201263
201264
201262
201236
201234
201237
201239
201291
201290
201289
201286
201292
201299
201288
201287
201283
201285
201295
201296
201284
201278
201276
201279
201228
201229
201280
201218
201219
201217
201223
201225
201221
201220
201212
201211
201213
200992
200993
200999
201001
200998
200997
200995
200996
201020
201010
201011
201027
201028
201029
201033
201035
201036
201250
201252
201031
201030
201131
201017
201009
201026
201025
201003
200987
200985
200986
200984
201000
201022
201216
201214
201215
201205
201209
201226
201202
201227
201208
201210
201282
201281
201231
201238
201230
201233
201232
201235
201244
201224
201222
201023
201021
201032
201242
201034
201037
201251
201253
201331
201135
201134
201133
201339
201334
201337
201338
201357
201359
201355
201261
201267
201270
201260
201268
201272
201274
201313
201360
201362
201416
201429
201415
201325
201321
201323
201318
201314
201308
201301
201265
201305
201304
201298
201297
201496
201497
201504
201506
201507
201562
201561
201564
201563
201559
201560
201558
201556
201555
201554
201505
201503
201502
201353
201418
194525
208813
208823
202305
208822
201394
201406
202308
202309
208826
208833
208872
208892
208896
208895
208908
208910
208911
208998
209012
208999
215073
209024
201567
209029
201568
209061
209685
209708
209045
209060
209683
209682
209684
214887
209679
209689
209692
209697
209691
209696
209695
209694
209693
209688
209680
201795
209677
209673
209672
201640
209051
209052
209053
209057
209675
209056
209050
209049
209047
209048
209058
209041
208994
209003
209000
209004
209002
208997
208996
208979
208974
208984
208987
208986
209006
209005
208915
208886
208885
208874
208873
208866
208862
208864
208869
208879
208880
208887
208888
208883
208882
201487
208881
208970
208969
208976
208977
208988
208989
208990
208981
208980
201601
201600
201599
201598
201596
201586
201585
201582
201588
201591
201488
201486
201485
201478
201479
201481
201483
201482
201467
201466
201465
201463
201464
201460
201461
201462
201409
201410
208827
201405
201404
201457
201469
201476
201473
201472
201470
201456
201455
201454
201450
201451
201402
201401
201399
201366
201396
201397
201398
201384
201385
201386
201383
201377
201378
201376
201374
201373
201345
201348
201347
201352
201351
198900
198901
201395
201365
201368
201367
201370
201420
201424
201426
201439
201440
201445
201446
201448
201545
201544
201548
201551
201552
201572
201594
201595
201597
215035
201610
201605
201579
201577
201578
201576
201574
201575
201604
201602
201603
201569
201573
201571
201570
201566
201565
201550
201549
201547
201546
201449
201447
201444
201443
201441
201427
201422
201419
201354
201400
201371
201421
201438
201425
201452
201442
201471
201468
201453
201403
201387
201459
201458
201477
201474
201587
201580
201475
201581
201583
201584
201589
201590
201592
208978
201593
208975
208968
201480
201484
208878
208868
208863
208861
208870
208884
208889
208983
208982
208972
208971
208973
208985
208995
208992
194627
208993
208991
209674
209055
209043
209042
201634
201641
201788
201787
201639
201791
201796
201797
201799
201793
201790
201785
201783
201784
201782
201637
201635
201636
201629
201630
201631
201624
201625
201626
201623
201622
201638
201786
201633
201632
209054
201789
201794
201792
201798
209690
209681
209678
209676
209059
209044
194628
209001
208909
208876
208894
208891
208893
208875
208871
208835
208890
208865
208832
208828
208825
208831
201408
201407
201393
214989
202306
208812
194526
208847
208899
208898
194847
208897
208900
208901
208905
214358
208912
208913
208902
208903
208904
215088
208906
208907
208959
208960
208961
214888
194909
194910
208834
201344
201557
194752
200570
214395
214840
200643
214839
200642
201201
201196
201198
201195
198933
212661
215181
215180
215182
207712
201803
214768
215158
215175
215176
215174
215177
215178
215179
194837
194836
215165
215164
215161
215163
215169
215168
215167
215160
212660
194767
214394
195080
194773
215159
215162
215171
195082
194832
194913
196766
195068
195069
195079
214397
198812
200592
200615
200617
200646
200647
200648
200649
200650
200645
200613
200614
200644
200641
200639
200640
200620
198904
198906
200604
200618
200619
198905
200603
200605
200599
200606
200608
200612
200611
214733
200596
200597
200598
200595
200593
200594
200600
200601
200609
200610
200637
200616
200624
200635
200629
200621
200622
201185
201189
201187
201188
201190
201200
201206
201207
201204
201203
201197
201199
200660
200659
214770
200991
200994
200983
200980
200978
200652
200651
200988
214771
200658
200657
200653
200634
201193
201194
200656
200655
200638
200633
201186
200632
200623
200654
200602
198811
212594
200628
215170
215173
215172
215166
195081
200626
200625
198932
212659
194766
194753
194826
194827
200578
214502
200579
214916
214500
200588
200607
198707
198708
200737
200979
200981
200944
200943
200945
200941
206114
206123
206125
206132
206311
206312
206316
206421
206427
206425
206437
206337
206438
206342
206343
206397
206400
206399
206396
206394
206341
206335
206333
206332
206330
206318
206315
206313
206319
206395
206340
206336
206331
206321
206228
206223
206224
206137
206131
206129
206130
206229
206317
206138
206314
206135
206134
206133
206126
206128
206124
206121
206117
206115
206222
206225
200630
200636
201277
201275
214737
214736
214735
206075
205541
205543
205550
206142
206149
206148
206152
206151
206153
206158
206163
206202
206198
206211
214595
206199
206200
206221
206226
206227
206235
206426
206441
206494
206220
206201
206204
214329
206197
206162
206164
205549
205551
214886
201191
201192
200631
206116
205481
205493
205492
205496
205497
205523
205525
205527
205530
205544
205545
205546
205552
205548
205555
205553
206139
206140
206146
206168
206171
206175
206177
206181
206182
206183
206189
206191
206194
206248
206250
206607
206609
206617
206618
206573
206574
206631
206599
206597
206603
206598
206595
206594
206596
206601
206605
206558
206554
206567
206568
206563
206565
206562
206195
206188
206187
206180
206559
206550
206546
206545
206174
206173
206170
205566
205568
205569
205557
205560
205511
205547
205532
205507
205570
205877
205878
206549
206560
206561
206551
206569
206572
206570
206571
206566
206564
206196
206192
206186
206209
206206
206205
206165
206161
206159
206154
206145
206150
206143
206155
206160
206167
206184
206193
206190
206185
206166
206157
206156
206179
206178
206176
206172
205567
206169
205562
206147
206144
206141
205561
205554
205556
205535
205533
205534
205531
205526
205528
205524
205498
205499
205495
214605
205484
205494
205482
206207
206212
206214
206232
206236
206422
206430
206432
206436
206461
206464
206477
206480
206809
206479
206799
206798
206797
206800
206796
206626
206629
206273
206272
206465
206266
206459
206460
206457
206244
206242
206241
206239
206238
206262
206261
206466
206467
206468
206469
206482
206527
206481
206471
206450
206474
206435
206429
206428
206478
206470
206472
206463
206462
206458
206434
206433
206431
206424
206423
206237
206233
206234
206240
206259
206260
206268
206256
206270
206269
206271
206624
206625
206627
206623
206628
206622
206621
206614
206611
206608
206251
206249
206252
206247
206267
206246
206245
206210
206218
206219
206217
206253
206610
206615
206613
206616
206620
206619
206612
206255
206254
206265
206258
206257
206231
206230
206216
206215
206213
206208
205479
205306
205470
205471
205480
203072
203073
214516
214521
214517
214520
203076
203078
214410
205238
205305
205308
205311
205342
205343
205354
205355
205357
205478
205359
205358
205348
205346
205345
205338
205337
205314
205315
205312
205309
205303
205302
205304
203102
203100
203099
203097
203096
203101
203094
203098
203093
203095
205296
205300
205295
205299
205294
203089
203090
203092
203091
205298
205297
205301
205344
205352
205347
205336
205310
205307
205293
203077
203040
203043
203044
203064
203071
205213
205217
205223
205234
205239
205241
205279
205289
205292
205468
205472
205473
205485
205483
205477
205475
205469
205467
205474
205349
205281
205340
205350
205353
205341
205339
205334
205246
205245
205243
205236
205227
205228
205226
205225
205222
205220
203060
203058
203053
203049
203057
203075
205218
203056
203047
203045
203059
205221
205219
205237
205244
205280
205277
205351
205356
205476
205444
205437
205435
205466
205438
205291
205290
205287
205288
205275
205273
205272
205231
205233
205232
205282
205278
205276
205274
205242
205240
205235
205230
205224
205215
205210
205229
205209
205203
205212
205200
205199
205198
203069
203067
203066
203063
203065
203068
205201
205202
205208
205216
205214
203074
203070
203062
203046
203061
203042
203041
199271
199270
203022
203023
203031
203032
203033
203034
205191
205192
205194
205195
205207
205197
205196
203038
203036
203035
205190
205189
200131
200134
200132
200128
200133
200139
200125
200127
200129
199613
199614
199615
214553
199601
199600
199598
199510
199511
199597
203018
200130
205187
205188
203025
203030
203024
203028
199616
214554
203029
199602
199599
203021
194944
198898
203037
198899
203017
203303
214817
214820
203051
203055
215084
214518
214409
203054
215075
215074
214515
203050
203052
203048
205424
205426
205430
205434
205443
205436
205431
205425
200823
199699
199698
200824
200837
200840
200841
200844
200882
200886
200887
200885
200890
200893
200898
200894
200858
200856
200853
200851
200847
200832
200828
200831
200836
200850
200834
200833
206056
206057
205464
205465
205463
205462
205461
205458
205455
205457
205454
205450
205448
205449
205419
205416
205418
205414
205440
205442
205441
205433
205432
205429
205422
205423
205286
205285
205397
205393
205398
205394
205399
205412
205395
205396
205410
205407
205392
205391
205403
205402
205447
205446
205406
200393
200391
200437
200436
200435
200433
200432
200389
200388
200372
200373
200374
200378
200379
200380
205383
205384
205388
205389
205386
205261
205260
205259
205258
205263
205264
205265
205269
205254
205253
205255
205249
205248
205247
205250
200193
200182
200197
200192
200195
200199
200190
200364
200369
200382
200384
200423
200424
200425
200400
200363
200399
200358
200359
200381
200367
200365
200337
200336
200342
200344
200169
200172
200173
200174
200175
200176
200177
200178
200180
200188
200181
200150
200147
200149
205193
205204
205205
200145
200144
200146
200140
200148
200171
200143
200142
200184
200185
200345
200355
200385
200386
200383
214618
200368
200366
200186
200189
200187
200196
200191
200179
200183
205206
205211
200376
205270
205268
205257
205256
205262
205251
205252
200194
200198
200201
200200
200371
200370
200375
200387
200427
200434
200392
200390
200438
205401
205390
205387
205385
205267
205266
205271
205421
200377
205411
205439
205413
205409
205417
205415
205408
205405
205404
200439
200429
200430
200443
200451
200431
200417
200415
200406
200405
200404
200407
200408
200428
200426
200440
205420
205452
205451
205453
205456
200452
200454
200449
200453
200450
200448
200799
200446
200420
200441
200442
200416
200445
200447
200444
205459
205460
200455
200822
200820
200815
200821
200829
200827
200826
200835
200848
200854
200849
200845
200852
200855
200857
200892
200883
200884
200846
200843
200838
200830
200825
200819
200818
200897
200899
200798
206060
206062
206064
206065
206076
206066
206073
206077
206079
206080
206081
206083
206084
206082
206085
206110
206112
206122
206120
206119
206113
206111
206086
206072
206069
206068
214600
206063
206071
206070
206078
206074
206067
206061
196849
215087
196885
214951
202543
202544
214952
214953
203016
203083
214845
214846
214848
214954
214955
214843
214844
214847
194945
203039
214822
214959
214958
203015
202988
204544
203079
203080
214960
214842
196850
203084
203081
199662
214388
205688
205687
205686
206243
205685
205683
205682
203403
214946
205604
205605
206537
202627
203399
203407
205578
205579
205595
205597
205608
205610
205611
205652
205607
205606
205609
205603
205586
205577
205584
205583
205582
205581
205580
205572
205571
205318
205329
205317
205316
205320
205319
203106
205369
205574
205573
205576
205575
203406
203105
203103
203082
203104
206503
206504
205684
199663
199979
199978
199875
202541
202540
205763
215014
215013
205669
205673
205840
214365
214364
205983
206002
205919
205920
205921
205918
205917
205982
214964
205938
214962
214963
205901
205898
205900
205906
205908
205913
206579
206588
206590
206592
206591
206593
206600
206602
206587
206585
206582
206577
206576
206580
206575
205888
205909
205903
205904
205897
205893
205891
205892
205849
205852
205853
205851
205850
205844
205838
205836
205837
205829
205828
205832
205845
205889
205895
205873
205883
205882
205886
206553
206555
206556
206552
206548
206547
205879
205876
205880
205870
205871
205826
205867
205825
205830
205817
205816
214741
214742
205823
205813
205819
205821
205864
205822
205863
205862
205874
205565
205860
205859
214738
214739
215148
215147
215149
205563
205858
205510
205512
205857
214740
205809
205807
205808
214320
205806
205811
205639
205640
205642
205641
205658
205659
205662
205663
205650
205654
205655
205653
205649
205645
205651
205644
205647
205660
205602
205600
205598
205601
205599
205624
205629
205627
205626
214324
205621
205615
205620
205632
205636
205635
205634
205617
205616
205613
205612
205370
205372
205381
205380
205377
205503
205500
205504
205505
205502
205501
205378
205375
205374
214321
205365
205364
205313
205321
205322
205361
205363
214323
214322
205379
205368
205367
205331
205330
205325
205324
205326
205327
205328
205332
205366
205362
205323
205360
205376
205371
205333
205373
205382
205633
205618
205619
205614
214319
205622
205592
205591
205589
205590
205588
205587
205585
205625
205623
205594
205593
205596
205648
205661
205646
205631
205630
205628
205638
205637
205506
205508
205509
205564
205861
205820
205810
205814
205812
205815
205643
205664
205665
205824
205865
205875
205869
205884
205885
205881
205872
205868
205846
205843
205831
205827
205666
205670
205833
205839
205848
205847
205890
205896
205902
205887
205910
206557
206578
206586
206581
205916
205912
205911
214747
205907
205905
205899
205894
205855
205842
205841
205835
205834
205671
205667
205668
205657
214990
214363
205672
205445
205487
205489
205514
205517
205518
205521
205529
205539
205542
205538
205540
205536
205520
205516
205537
205522
205519
205491
205490
205515
205513
205488
205486
194731
194732
199714
199716
199975
199974
214348
214351
214350
214621
214619
214469
214470
199475
199323
198924
198923
198927
199140
214980
214979
199141
199144
199146
199147
199149
199154
199156
199159
199160
199215
199226
199228
199229
199233
199235
199365
199379
199381
199382
199385
199452
199453
199455
199459
199460
199464
214622
214937
199472
199471
199468
199467
199462
199461
199393
199391
199394
199390
199416
215005
199414
199415
199418
199422
199423
199470
199473
199474
214574
214604
214607
214573
214570
214564
214568
199421
199419
199420
199411
199410
199409
199400
199398
199396
199397
199401
199402
199403
199399
199404
199413
214563
214572
214571
199503
199516
199504
199515
214336
214338
199412
199408
199406
199407
199405
199378
199377
199376
199387
199383
199375
199368
199367
199363
214983
199369
199372
199361
199360
214624
199362
199231
199359
199374
199371
199370
199373
199389
199388
199395
199417
199469
199325
199463
199465
199458
199312
199444
199311
199324
199327
199326
199317
199313
199316
199322
199319
199321
199347
199332
199348
199349
199334
199353
199355
199333
199330
199331
199329
199300
215007
199298
199299
199295
199294
199296
199287
199304
199303
199306
199305
199256
199255
199253
199244
199243
199248
199250
199301
199251
199247
199211
199284
199279
199282
199278
199290
199292
214730
199289
199288
214727
214728
199269
199267
199268
199276
199275
199273
199201
199199
199200
199207
199198
199206
199208
199242
199240
199239
199237
199238
199241
214719
199217
199218
199222
199219
199214
199213
214610
214722
214723
199172
199179
199180
199181
199178
199203
199202
199175
199166
199188
199187
199189
199191
199194
214729
199186
199122
199184
199163
214492
214493
214497
214496
214494
214725
214726
199262
199263
199183
199161
199162
199129
199130
214609
214608
199132
199138
199139
199136
199137
199152
199151
199133
199135
199131
199126
199125
199127
199167
199169
199128
199123
199124
199261
199264
199185
199164
199165
199173
199174
199176
199177
199170
199168
199171
199157
214611
199221
199182
199205
199204
199190
199197
199195
199196
199281
199280
199277
199274
199283
199209
199210
199246
199245
199224
199223
199225
199249
199252
199302
199286
199291
199285
199293
214731
199320
199318
199314
199297
199315
199309
199310
199454
199308
199392
199307
199386
199384
199258
199257
199380
199254
199366
199236
199364
199234
199232
199220
199227
199230
199216
199212
199158
199155
199153
199148
199143
199150
198926
198930
199134
199145
199142
198928
198925
199713
214975
214971
214970
214969
194786
199708
199707
199679
199703
199702
199704
199701
214766
214767
199700
215012
199674
199673
199675
199695
199670
199671
199345
199346
199357
199344
199356
199351
199350
199358
199354
199337
199336
199342
199340
199339
199341
199338
214732
199343
199669
199689
199691
199697
199694
199668
199696
199666
199686
214974
199688
199685
199680
199687
199629
199681
199664
199660
199661
199621
199619
199618
199620
199625
199665
199667
199672
199352
215011
199676
199678
199706
199705
199690
194787
199626
199617
199627
199677
199682
199684
199683
214973
199728
199729
199731
199740
199730
199734
199628
199525
214343
214344
199556
199555
199557
199560
199552
199477
199476
214560
214561
199551
199523
199522
199550
199518
199524
199482
199481
199484
199483
199498
199488
199486
199487
199480
199531
214866
214867
214603
199534
199535
214331
199564
199563
195014
199585
199582
199499
199489
199558
199581
199580
199561
199562
214512
199567
199568
214557
214556
214559
199559
199570
196540
200105
196541
195015
199586
199587
199588
200110
200111
200123
199610
199611
199612
199608
199607
199594
199593
199592
199591
199590
199604
199605
199589
199576
199579
199578
199577
199572
199573
199575
199574
199606
199609
199603
199571
199584
200103
200106
200108
200117
200151
200152
200078
200077
200076
200025
200026
200114
200115
200024
200102
200104
200010
200009
200023
200072
200073
200022
200074
200075
200118
200119
200120
200112
200116
200109
200107
200101
200124
199485
199491
199493
199490
199496
199497
199492
199501
199583
199442
206352
199443
199623
199622
199630
199632
199633
199646
199641
199640
199642
199638
199639
199631
199624
195964
195965
200505
200560
200546
199634
199636
199647
199649
199648
199637
199635
199651
214734
199654
199653
199801
199802
199804
199814
199820
215029
199819
199822
199825
199824
199826
199893
199895
199911
199915
200476
200477
200490
200529
200530
200532
200534
214724
200548
200549
200550
200542
200545
200540
200541
200543
200544
200537
200551
200501
200538
200536
200498
200496
200497
200493
200495
200491
200492
200485
200483
200486
200488
200503
200522
200480
200481
200479
199924
199920
199919
199921
199950
199918
199907
199904
199902
199901
199897
199896
199898
199900
199917
199851
199850
199852
199853
199839
199838
199836
199848
199817
199818
199835
199750
199747
199748
199752
199753
199761
199755
199727
199719
199720
199726
199724
199725
199751
199754
199837
199841
199842
199847
199854
199855
199878
199926
213887
199948
199949
199952
199951
199953
199959
199958
199955
199961
200502
200506
199971
200508
199970
199942
199963
199943
199938
199956
199939
199940
199929
199928
199936
199937
199954
199889
199941
199947
199966
199944
199890
199872
199871
199867
199795
199797
199782
199780
199778
199775
199781
199868
199888
199964
199962
199965
199960
199934
199931
199930
199932
199933
199925
199927
199861
199877
199862
199863
199880
199879
199886
214981
199885
199887
199883
199882
199881
199870
199866
199794
199793
199792
199789
199787
199760
199763
199845
199764
199846
199756
199762
199759
199746
199742
199741
199743
199773
199786
199772
199766
199774
199765
199736
199733
199738
199732
199709
199710
199767
199770
199768
214590
214972
199769
199771
199744
199737
199745
199758
199791
199779
199865
199864
199790
199788
199844
199843
199757
199840
199859
199860
199857
199856
199858
199899
199903
199906
199905
199923
199957
200478
199922
200484
200487
200489
200499
200500
200535
200539
200533
200531
200472
200471
203840
200473
200470
200468
200467
200465
200466
200463
200458
200462
200461
199834
199833
199831
199830
199828
199827
199829
200457
200456
200464
199913
200469
200494
200482
200475
199916
199914
199912
199909
199910
199908
199894
199849
199832
199823
199821
199816
199813
199812
199815
199809
199810
199749
199806
199808
199807
199658
199805
199656
199643
199644
199645
199721
199722
199723
199657
199659
199811
199803
199655
199652
199650
200504
199715
139533
139535
139536
200474
200547
200459
200460
200589
200590
214835
200591
199495
199494
199977
199976
199997
200011
200016
200071
200080
200081
200084
214501
200093
200069
200018
200014
200021
200019
200020
200006
200008
199502
200005
199500
200007
200013
200231
200083
200068
200067
214542
200017
200012
200004
199776
199796
199800
199869
199874
200051
200202
200216
200272
200281
200279
200284
200285
200666
200670
200681
200740
200748
200749
200743
200750
200921
200922
200924
200931
200925
200752
200753
200698
200696
200693
200691
200689
200692
200690
200686
200684
200671
200669
200672
200673
200674
200675
200288
200277
200276
200275
200274
200227
200269
200219
200218
200212
200211
200213
200210
200064
200058
200063
200059
200044
200042
200040
200038
200049
200053
200061
200208
200054
200048
200050
200034
200031
200032
200030
199993
200028
200027
199989
199982
199981
199984
199983
199986
199985
199777
199785
199990
199992
199999
200035
200036
200002
199998
214356
199994
214355
214345
199991
199988
199987
200029
199798
200047
200033
200037
200039
200041
200062
200060
200055
200205
200209
200203
200220
200221
200224
200289
200287
200286
200282
200665
200683
200685
200687
200676
200745
200695
200923
200920
200586
200587
200584
200746
200738
200678
200528
200562
200525
200563
200576
200573
200572
200580
200582
200559
200558
200571
200569
200568
200561
200555
200554
200557
200519
200553
200552
200521
200523
200520
200509
200507
200518
200517
200564
200556
200524
200514
200516
200662
200661
200512
200511
200510
199972
199973
199969
199967
199968
199946
199891
200513
200515
200526
200527
200585
200742
200567
200566
200565
200581
200583
200751
200744
200688
200747
200741
200739
200682
200679
200680
200668
200667
200664
200663
200280
200283
200273
200270
200271
200217
199945
200204
200052
200046
199892
199873
199799
199784
199783
199995
199996
200043
200056
200065
200066
200082
200079
200070
200015
200057
200045
200003
200577
200574
200575
201490
201606
201607
201608
201609
201612
