3961
118252
118255
118256
118257
63067
63068
57680
63016
64458
63003
76011
63001
63002
63005
64450
78166
78491
60466
75253
75254
75250
75251
75659
77757
64451
62998
60329
60330
64452
78301
78302
78667
78666
78669
78668
64455
69296
78170
77646
64454
78665
64453
60465
57681
60301
77725
77643
77644
77727
77726
77759
77758
62999
76025
76026
76039
76040
76041
76971
63004
59114
59115
62692
62693
77851
77859
78173
77853
77854
77856
62572
62574
62582
62695
62694
77858
77860
77857
77855
62573
62571
62702
62701
62911
62970
62972
62934
62971
62982
62932
62908
62907
62904
62903
62905
77745
62897
62893
62922
62930
62931
77744
62933
62935
62938
62936
62937
62940
62927
62923
62924
62918
62917
62914
62913
62912
62915
62920
62919
62921
62896
62895
62687
62688
78338
62680
62673
62679
62902
62906
62909
62910
77852
62697
62960
62965
62966
77844
77846
62976
62962
78434
62964
76961
76962
62696
62686
62591
62689
62590
62592
62663
62676
62678
62677
62649
56886
56887
60451
62995
63029
62996
62997
63074
63073
63075
63072
63071
63066
63065
63064
77848
63060
63062
63063
63061
77564
63042
63040
62772
62773
63038
63039
62766
62765
62764
62703
78504
78505
62624
62691
62623
62622
63041
62963
62967
62969
62987
77842
62989
62986
62985
62984
76562
62983
62991
76563
62992
62968
63070
62988
62993
62994
62949
63018
63021
63009
76012
76019
63007
63006
63008
62950
77740
62981
56880
56882
56881
63010
63015
63017
63019
63025
63026
63027
63028
63024
62990
62974
62975
62977
77064
62973
56884
62979
62978
62980
63012
63011
62959
62946
62957
62958
62943
62951
62945
62953
62954
62956
62941
62942
62939
62944
62952
62955
56883
56885
63013
63014
62947
62948
78446
62928
62929
77741
78459
77742
77743
62737
62767
77845
62781
77847
62738
77843
62780
62782
62783
62775
62768
62769
77840
77841
62777
62776
62770
62774
78764
78765
59108
60912
56851
56852
58527
58531
58535
58539
58530
58532
77491
60916
60917
60920
58540
78380
58541
58543
58544
58545
58542
58547
58637
58645
58646
58647
58648
59104
59106
59107
59098
58636
60793
60791
58634
58548
58635
58546
58524
58538
58520
58523
58522
58629
58630
58633
58641
58642
58643
58528
58234
58233
58227
58226
58224
56853
58228
56854
58229
58529
61123
58225
77490
78171
58231
58230
58232
58235
58236
58534
58533
58526
58525
59094
76897
59095
59099
59097
59100
59096
59102
78694
59109
59110
59111
59239
59101
59103
59105
59215
59216
62578
78696
59218
59217
59220
78695
59228
59219
59676
59774
59677
62625
62626
77746
77747
59647
59648
62557
62559
78360
62558
59230
59669
62545
62546
61004
62961
60996
60994
60995
60986
60971
76911
60987
60969
60980
60979
60981
60983
60984
77755
60982
60968
60967
60924
60925
78355
60926
60978
60927
78435
60985
60999
59229
59773
59785
60285
60286
61058
61204
61145
61139
61000
61001
62916
59786
62664
62665
62667
62890
62892
62900
62901
62684
62683
62682
62681
62668
62669
62670
62671
62672
77506
62661
62646
60417
60418
62650
62651
62653
62690
62652
62654
62662
62584
62580
62585
62586
62583
62643
62642
62636
62655
62644
62656
62659
62632
62634
62635
62637
62629
62627
62628
62575
62576
62630
62631
62633
62577
62579
62645
60427
60428
60449
78433
60431
62647
62648
62660
62658
62657
62639
62641
62640
62674
62675
62685
62891
62894
62666
62638
62560
62566
62581
77863
77861
77862
62611
62612
60970
60990
60991
61019
61020
76912
76914
76913
78354
76915
61021
61023
61007
62551
62553
62556
62555
62562
62564
62565
62567
62569
62568
62570
62602
62603
62604
62614
62615
62616
62617
62613
62610
62607
62608
62609
62605
62606
62601
62599
62600
62621
62563
62561
62549
62547
61006
62554
62552
62548
62550
61005
61022
61018
60976
60993
60992
78293
60977
59233
59235
59236
59240
59237
59238
59241
59666
59667
59668
59671
59662
59672
59673
59674
59772
59675
59664
59665
59767
59768
79094
76472
76473
79057
60274
59242
59658
59659
58965
58966
59371
59398
59399
59400
59401
59404
59408
59407
59546
59549
59545
59553
59555
59578
59582
59585
76968
76967
59720
59726
59729
59728
59731
59725
59886
60177
60178
60180
60184
60186
60200
60231
77648
77658
77657
77656
77649
77650
77653
60217
60218
76690
77654
60225
60251
60252
60259
60260
60261
79054
79055
79056
60256
60266
60270
60271
77661
60287
60288
60289
77662
60264
60211
59757
77602
59742
59769
59701
59699
59700
59698
59702
59705
59697
59689
59739
59740
77684
59712
79039
79040
79041
79042
59713
59744
77681
59743
59746
59750
59759
59756
59751
77682
59760
77683
59761
60209
60213
77651
77652
60220
60221
60222
77655
59758
59755
60212
60204
60203
60215
77645
60248
77640
77660
79045
79046
60214
77659
60205
60206
60191
59752
59753
59748
59738
59736
60189
60190
60193
60192
60199
60187
59732
59735
60188
76972
76970
59695
59694
59707
59715
59711
59734
59714
59716
77639
60207
60201
60202
59747
59754
59749
59745
59737
59717
77680
59685
59687
59686
59688
59696
59741
60210
60258
79053
60315
60320
60316
77672
60317
77671
60318
77670
77663
77665
77669
77666
77668
77667
77664
60314
60319
60246
60313
78164
60257
77673
60241
60247
60306
60309
60239
60244
60240
60242
60245
60304
60243
60305
60237
60230
60233
60232
60250
60196
60198
60195
59910
60181
59903
60197
60194
60228
77674
77677
77678
77679
77675
77676
60238
60254
60253
60255
60226
60227
60224
60219
60223
60208
77641
60216
77642
60249
59719
77647
77637
77638
60229
59718
60185
60183
60182
60179
59733
59904
59885
59906
59884
59902
59881
59899
59587
59883
59882
77634
59588
76965
76966
59583
59586
59721
59723
77636
77635
59722
59724
79038
79037
59730
59727
59708
59706
77685
77689
77687
77688
77686
79036
59584
59580
59579
59581
59554
77690
77693
77692
59692
77691
59691
59693
59547
59548
59550
59551
59556
59552
59678
59679
59680
59682
59607
59690
59608
59681
59683
77576
77585
77584
77574
59616
59613
77578
77579
77580
77570
77569
59593
59592
59605
59603
59602
59373
59591
59589
59606
59203
59621
59622
59764
77586
77590
59762
59763
59765
59766
79047
59771
59775
76691
59777
59779
59784
79058
59780
59783
77698
60268
60267
59781
60265
59782
79052
59778
59776
79051
79050
59770
59660
59663
78697
77749
59657
59642
59641
59234
77754
77753
77751
77752
59224
59639
59637
59638
59643
59644
59636
59632
59633
59634
59650
59651
59652
59635
59640
59661
59655
59656
77750
59619
59600
59601
59624
59625
59620
59597
59598
59596
59595
59599
59594
59202
59201
59590
77573
59604
59617
59618
77571
77572
59612
59611
77583
77694
59614
59684
77575
59615
59610
59609
77582
77581
59413
59412
59414
59415
59409
59406
59372
59232
59543
59544
59223
60278
76474
60280
60297
78167
62925
62926
60279
60281
60272
79048
60290
79049
60277
60273
60291
60282
60284
60283
60300
60292
60294
60293
77695
76688
77697
60298
60276
60275
60269
79059
58771
78364
58772
58773
58774
59019
59040
59042
59047
59048
76526
59116
59117
59124
59123
59138
59141
59178
59179
59180
58960
58959
58957
58955
58954
58912
58913
58907
58909
58911
58910
58956
58958
59140
59139
59142
59143
77587
59147
59148
59149
77588
59150
59151
59168
59183
59182
59185
59186
59188
59374
59375
59376
58964
59379
58962
58963
59197
59189
59206
59212
59231
59222
59196
59195
59221
59176
59175
59174
59177
76524
59190
59173
59172
59163
59162
59161
79087
59160
59156
59158
59157
59154
59153
59152
59129
59128
59060
59127
59056
59053
59054
59039
59055
59078
59080
59082
59081
59085
59070
59072
59068
59071
59067
59062
59063
59003
59004
59064
59000
58996
58997
59006
59005
59001
59002
58991
58989
58990
58998
58988
59031
59030
59028
59029
59035
59037
59034
59033
59026
59016
59014
59022
59015
59021
59024
59045
59052
59046
59049
59025
59018
59012
59011
58978
58976
58979
58973
58987
76893
58972
58974
58975
58977
58970
58980
58981
59013
58982
58983
58984
58985
59023
59027
58986
58999
59065
59066
59073
59010
59009
59007
59008
59076
59074
59087
59088
59089
59075
61049
76527
76528
59079
59069
59032
59038
59036
59050
59058
59059
59061
59083
59084
59134
59133
59136
59144
59135
59166
59155
59086
59159
59171
59181
59170
59167
59164
59192
59193
59191
59213
59631
59211
59207
59210
59208
59214
59194
59200
59209
59198
59204
59199
59205
59187
59184
59169
59165
59146
59145
59132
59131
59130
59126
59125
59121
59120
59137
59119
59122
59118
59057
58908
59044
59043
59051
59041
59020
59017
58757
58868
58869
58870
58879
58880
58881
58883
58894
58898
58926
58961
58949
58950
58951
58953
58952
58901
58902
58948
58900
58896
58886
58888
58890
58891
58893
58786
58889
58878
58784
58780
58779
58762
58775
58760
58761
58776
58777
58767
58768
58785
58770
58778
58783
58887
58885
58897
58925
58943
58924
58927
58919
58921
58922
58923
58920
58915
58914
58871
58876
58877
58874
58899
58895
58875
58873
58882
58884
58782
58781
58872
58764
58847
58916
58928
58933
58934
58936
58937
59344
59345
59349
59357
59361
77566
59364
59365
59367
59386
59383
59389
59395
59396
59521
59523
59526
59527
59532
59538
59539
59540
59541
59542
59577
59537
59518
59525
59563
59564
59519
59558
59561
59562
59559
59570
59575
77565
59862
77563
77562
59879
59861
59852
59864
59873
59872
59880
59877
59876
59867
59868
59857
59855
59856
59859
59858
59854
59871
59912
59913
78811
59869
59870
59853
59875
59878
59874
59568
59510
59506
59565
59557
59534
59470
59533
59528
59530
59516
59340
59392
59393
59514
59515
59512
59513
59338
59337
59336
59339
59448
59450
59464
59469
59529
59466
59463
59446
59329
59444
59445
59327
59328
59331
59332
59333
59318
59321
59323
59330
59335
59390
59391
59388
59322
59294
59278
59292
59288
59293
59299
59316
59314
59315
59317
59449
59447
59334
59517
59468
59494
59493
59505
59507
59569
59572
59574
59576
59571
59863
59860
59573
59567
59560
59566
59535
59536
59531
59524
59520
59522
59397
59394
59387
59380
59381
77568
59377
59362
59378
59363
59382
59384
59385
59359
59358
59360
59319
59302
59300
59297
59295
59279
59296
59348
59347
59343
59282
59341
59273
58862
59275
59280
59274
59272
59276
58860
59281
59277
59298
59301
59356
59350
59354
59355
59353
58947
58945
59351
58944
59352
59346
59342
58938
58946
58939
58917
58918
58931
58940
58941
58942
58935
58932
58929
58930
58861
58848
58859
59271
59270
59269
59283
59284
59287
59289
59309
59312
59311
59313
59308
59310
59262
59305
59260
59261
59256
59248
59252
59254
59255
120111
120109
120103
120102
120101
120100
120096
120093
120095
120099
120094
119548
119547
119580
119582
58834
58835
59243
59245
59244
59266
59264
58856
58855
58851
58857
58845
58844
58849
58843
58824
58828
58831
58830
58829
58832
58827
58826
58823
58825
58821
119577
132388
132387
119576
119575
119568
119574
119567
119571
119569
119570
119578
119546
119566
58796
58797
58810
58837
58795
58809
58839
58793
58807
58811
58840
58842
58841
58808
58803
58805
58806
58813
58804
58812
58814
58817
58816
58802
58800
58798
58799
58792
58801
76898
58791
58794
58819
58818
119573
119572
58822
58820
58838
58815
58850
58852
76522
58836
59263
58853
58854
58833
119579
119545
119581
120097
59258
120108
120104
59253
59251
59250
59247
59249
59246
59259
59304
59306
79033
59416
59417
59420
76529
59442
59443
59419
59441
59324
59325
59320
59326
77567
59303
120113
120114
59257
59290
59291
59285
59286
59268
59267
59265
58858
58846
58866
58867
58756
59366
59368
59369
59370
58787
58788
58789
58790
58675
58721
58745
58748
58749
58754
58863
58864
58865
58755
58692
58691
58696
58695
58689
58694
58693
58688
58750
58751
58747
58753
58752
58765
58766
58769
58742
76523
58738
58731
77526
58707
58732
58724
58739
58725
58723
58727
58726
58718
58715
58714
58702
58701
58706
58708
58709
58710
58711
58733
58741
58740
58728
58744
58746
58690
58743
58717
59952
58704
58716
58719
58720
58722
58713
58712
58405
58407
58423
58424
58425
58705
58426
58729
58730
77525
58758
58763
58759
58892
58903
58904
58905
58906
58677
116574
116576
116579
116598
116601
116602
116607
116701
116702
116704
116609
116610
119512
119558
119559
119563
119564
119562
119521
119519
119517
119518
119520
119522
119515
119516
132317
119557
119561
116608
116606
116605
116600
116597
116575
116572
116573
118393
119551
119552
119556
119555
119554
119560
116706
116707
58332
58333
116778
116817
116777
116809
116816
116814
116815
116812
116813
116794
116806
116807
116811
116824
116823
116808
116810
116753
116787
116792
116793
116784
116783
116785
116791
116789
116790
116788
116762
116763
116760
116764
116755
116759
116756
116757
116758
116786
116754
116738
116749
116750
116761
116765
116766
118430
118429
116767
116768
118311
116769
116774
116772
116770
116773
116771
116736
116737
116740
116746
116732
116739
116725
116726
118425
116428
116427
116431
116429
116430
116434
116743
116744
116742
116745
116741
116779
116747
58370
58371
58372
58373
58375
58379
58389
58390
58419
58422
58697
58698
58700
58699
58703
58665
58672
58673
58685
58686
58684
58682
58681
58680
119553
58678
119550
58676
119549
58657
58656
58655
58651
58649
58652
58346
58347
58344
58349
58356
58359
58660
58661
58666
58668
58669
58667
58662
58663
58362
58361
58352
58353
58350
58351
58341
58340
58334
58335
58336
58342
58343
58337
58354
58418
58654
58364
58360
58358
58357
58355
58345
58339
58348
58653
58658
58659
58679
58683
58670
58671
58664
58363
58421
58417
58420
58396
58397
58394
58395
58391
58392
58393
58416
58387
58388
58380
58374
58338
58650
116534
116821
116822
116819
118397
118396
118398
118399
116805
116804
116802
116803
116800
116798
116799
116795
116797
116796
116514
116515
116516
116535
116517
116801
116532
116820
116530
116533
116528
116512
116513
118439
118441
118440
116780
116782
116781
118418
118419
116752
116748
116733
116734
116730
116731
116735
58674
58687
116529
116531
116536
116571
116555
116553
116554
116525
116527
116526
116563
116562
116537
116538
116539
116564
116566
116583
116623
116622
116625
116619
116620
116626
116657
116662
116678
116665
116680
116717
116850
116909
116912
116917
116916
116856
116853
116854
116913
116915
116911
116724
116914
116721
116723
116910
116855
116849
116722
116718
116720
116719
118379
116666
116667
116712
116713
116714
116715
116716
116709
116705
116708
116703
116700
116604
116686
116685
116697
116684
116683
116693
116695
116689
116711
116629
116688
116630
116632
116661
116627
116631
116628
116588
116589
116591
116592
116570
116584
116586
116587
116593
116594
116596
116585
116599
116690
116694
116692
116691
116681
116682
116590
116595
116603
116687
116699
116698
116696
116663
116660
116624
116568
116569
116565
116567
116582
116580
116556
116558
116557
116617
116616
116618
116621
116581
116561
116559
116560
118310
116577
116578
116710
119528
119588
119587
119611
116918
119586
119584
119585
119590
119589
119543
119541
119540
119542
128734
119534
119535
119533
119544
119537
119531
119536
119529
119527
119565
119523
119524
119525
119526
119530
119538
119539
119532
119598
119596
119597
119612
119623
119615
119622
119616
119620
119621
119617
119619
119618
119626
119613
116889
116890
116891
116892
116902
116908
116903
116907
119583
119657
119659
119660
119672
119669
119667
119665
119666
119668
119656
119658
119625
119624
116894
116906
118454
116905
116904
116895
116893
119733
119671
119673
119670
119708
56843
56844
59509
59511
59837
59838
59825
59826
59823
59822
59827
59828
59829
59834
59841
59836
59835
59844
59833
59831
59814
76954
59840
59839
59812
77561
59810
59792
59804
59806
59803
59805
127512
120139
59789
59787
59479
59788
59793
59796
59799
59802
59808
59809
59800
59801
59797
59798
59795
59815
59817
59816
59497
59498
59499
59500
59818
59501
59495
59504
59491
59487
59490
59488
59482
59480
59481
59496
59489
59485
59484
59794
59483
59478
59477
59790
59791
59811
59813
59832
59830
59807
59821
59824
59508
59307
120115
120116
120117
120118
59423
59424
120120
120122
120129
120125
120127
120130
120133
120134
120137
120138
120136
120132
120128
59472
59471
120124
120126
59475
59476
119767
59473
59436
59474
59440
59462
59486
59459
59453
59458
59457
59452
59428
59439
59438
59435
79034
59432
59451
59454
59421
59422
59430
59431
59425
59426
59427
59429
59461
59437
59434
59433
120123
120119
120121
119766
119765
119787
119790
119797
119798
120135
120131
119799
119894
119896
119903
120140
119933
120141
119936
119932
119902
119901
119892
119890
119897
119887
119886
119878
119879
119883
119877
119731
119781
119780
119776
119775
119784
119778
119772
119769
119750
119747
119746
119770
119768
119713
119718
119719
119715
119714
119712
119717
119771
119773
119774
119728
119729
119783
119782
119785
119793
119779
119777
119751
119761
119762
119794
119792
119791
119884
119889
119885
119895
119893
119900
119800
119796
119795
119789
119788
119786
119763
119764
59418
119655
119759
119760
119757
119758
119649
132318
119648
119646
119650
119651
119652
119653
119643
119644
120112
119610
120107
120110
120106
120105
120098
119594
119593
119592
119606
119608
119609
119636
119642
119637
119633
119635
119634
119614
119628
119629
119736
119735
119737
119745
119676
119711
119710
119709
119674
119734
119744
119675
119627
119632
119604
119602
119603
119599
119605
119601
119600
119591
119595
119607
119641
119647
119640
119630
119631
119739
119740
119742
119741
119738
119754
119749
119752
119748
119756
119753
119755
119654
119645
59455
59456
59460
59492
59465
59467
119743
116901
116954
116956
116635
116614
116615
116645
116649
116652
116651
116833
116847
116848
116673
116676
116672
116846
116668
116671
116843
116851
116852
116884
116885
116888
116897
116900
116899
116949
116951
116955
116961
119664
119661
119663
119662
119698
119699
119696
116960
116958
116947
116945
116969
116937
116936
116935
116938
116941
116940
116943
116939
116928
116927
116926
116925
116880
116923
116924
116920
116922
116932
118238
118240
118161
118241
118165
118147
118159
118141
118140
118133
118139
118131
118137
118138
118176
118169
118167
118166
118168
118170
118183
118126
118059
118125
118058
118081
118086
118132
118087
118090
118096
118146
118149
118145
116870
118092
118236
118091
118235
116859
116858
118234
116842
116857
116864
116866
116878
118378
116874
116876
116868
116865
116867
116845
116860
116869
116871
116861
116841
116839
116838
116836
116837
118225
118226
118227
118228
118073
118069
118074
118071
118076
118067
118064
118066
118065
118088
118077
118063
118043
118045
118044
118049
118036
118046
118047
118068
118070
118050
118048
118223
118224
116642
116644
116825
116826
116828
116827
116641
116643
118034
117924
118035
117925
116640
116830
116831
116829
116834
116840
118231
118229
118072
118075
118232
118230
118325
118326
118233
116862
118094
118093
118095
118080
118078
118079
116863
116872
118148
118144
118134
118097
118089
118082
118083
118084
118085
118135
118136
118160
118150
118239
116933
116921
116873
116919
116877
116879
116881
116931
116930
116929
116934
116942
116944
116946
116957
119697
116959
116952
116953
116950
116948
116898
116896
116887
116886
116875
116882
116883
116844
116835
116832
116650
116646
116647
116648
116636
116637
116639
116638
116653
116658
116654
118380
116659
116669
116677
116679
116674
116675
116670
116655
116656
58536
76887
60770
60771
60781
60833
60834
60842
60843
77253
60858
60861
77539
60859
60860
60862
60864
60870
60871
60867
60872
60873
60890
61032
61045
61051
61044
61052
61053
61054
61057
61124
61128
78365
78501
61088
60888
60885
60889
60903
60900
60907
60908
61037
60901
61038
60902
61039
61040
60904
60905
60884
60883
60881
60880
60882
61147
61190
61148
61125
77836
61126
61127
61087
61041
61050
61122
61114
61115
61116
61117
61121
61010
61009
60961
60962
60964
60966
60963
60965
60958
60944
60941
60943
60954
60956
60940
60942
60952
60960
61036
60955
60957
60953
61043
61042
61046
60959
60886
60887
60898
76946
60897
60899
76543
60895
60894
60896
60891
60868
60869
60892
60893
60932
60933
60936
60937
60938
60939
76924
76935
76940
77612
76919
76936
76929
76928
76934
76926
78177
76941
77629
76925
76917
78366
76939
78176
61008
76538
76539
76901
78055
78049
76921
76932
76931
78054
78050
78051
76944
76937
76945
76938
76943
76942
78053
78046
78043
78045
78044
60997
78379
60998
78056
60945
60946
60934
76920
76907
76908
76918
77611
76930
78052
76922
76933
60948
61120
61002
61003
60947
78427
76923
76927
60935
60931
60930
60929
60857
77541
77542
60849
60852
77535
77630
77536
76612
60848
60850
60851
60829
60828
60827
60928
60826
60823
60824
60847
60818
60759
60761
60762
78119
77545
60765
60766
77543
60764
60773
60768
60769
60774
60741
60743
60744
60739
60738
60737
60767
60752
60753
60751
60750
60755
60749
60733
60734
60729
60748
76948
76947
76949
60732
76950
76952
76951
76953
60710
60731
60681
60684
60708
60707
60716
60795
60798
60796
60805
76542
60799
60802
60800
60801
60806
60807
60804
60808
60815
60819
60820
60814
60754
60713
60722
77547
60721
60757
77548
76687
60756
59227
60822
60803
60720
60719
60717
60797
60700
60794
60714
60705
60704
60702
60694
60693
60692
60675
60664
60665
60672
60673
60674
60682
60669
60670
60667
60668
60629
60627
60628
78040
78042
78041
60725
60626
60617
60620
60624
60623
60622
60618
60621
60619
60616
60625
60666
60663
60662
60661
60676
60691
60690
60689
60688
60698
60701
60677
60678
60679
60703
60695
60699
60718
60715
60712
60706
60683
60680
60671
60728
60709
60727
60726
60711
60735
60736
60730
60742
77544
60772
60763
77546
60760
60758
60816
60817
60825
59225
59226
60809
60810
60821
60830
60854
60853
60863
60866
60865
60841
60846
60786
60879
60874
60875
60876
60877
60747
60785
60878
60746
60778
60777
60784
60789
60836
60844
60790
60837
60838
60787
60788
60779
60745
60780
60840
60845
60839
60832
77540
60835
60831
60783
60782
60776
60775
60740
58537
60685
60615
60613
60687
60686
60856
78181
78180
58549
60696
60697
60792
60909
60910
77495
77496
77497
77498
76902
76903
76905
76906
60923
60918
60919
60921
60922
60855
60813
60911
60913
78733
60812
69881
69882
77499
77592
77494
60811
56984
56985
78458
58506
58511
58503
58505
58504
58501
76888
58568
58570
58572
58575
58587
58586
58624
58574
58573
76686
77589
76685
58622
58631
58632
77501
58625
58627
58628
58626
58623
58620
58621
58517
58510
58516
58518
58495
76481
77633
76419
76418
76480
65291
58468
65292
58467
58494
58521
77507
78350
76680
76681
77513
77512
58473
58471
58472
58493
58490
58489
58464
58488
58479
58484
58555
58551
58554
58552
58556
76890
58553
58560
58567
58613
58614
58615
58607
58605
76894
76895
76896
58606
58604
58603
58598
58599
58596
58593
58592
58594
58595
58591
58589
58565
58566
58564
58562
58412
58430
58563
58428
58429
58415
58414
58411
58410
58406
58413
58427
58597
58431
58432
58436
77516
77519
77517
77520
77518
77522
77524
77523
77521
58440
58437
58442
58441
58447
58734
58735
58736
58737
58967
58969
58971
58602
58968
58446
58601
58443
58445
58600
58448
58444
58438
58439
58433
58434
58409
58408
58403
58401
58399
58400
58550
58398
58483
58482
58475
58476
58477
58462
58461
58474
58404
58435
58590
58608
78367
58617
58618
58992
58619
58993
58995
58994
59092
77505
59091
77500
59090
77503
77504
59093
59077
58644
77502
58640
58639
58612
58611
58609
58638
58588
58610
58616
58578
58579
58582
58583
58585
58584
58580
58581
58559
58561
58402
58487
76889
58557
58558
58480
58481
58478
58463
58466
58465
77509
77508
58469
58470
77514
77510
78357
78359
78358
76518
76519
76521
77511
76520
77628
77627
58492
58509
58485
58486
58496
58515
58512
58577
58576
58571
58514
58513
58569
58500
58502
58507
58497
58498
58499
58508
58491
58217
58218
58219
58220
58221
58222
58223
58519
56870
61030
56871
78429
78428
60611
60612
61011
60614
61031
61028
62595
78430
78432
78431
78361
78362
78363
62594
62588
62587
62589
61029
62593
62598
62620
76559
62618
62619
62597
62698
62699
61130
62700
62704
62705
62740
76560
62739
64561
78445
78444
78443
64562
78441
62771
78442
61129
62596
61024
61025
61026
61027
61016
61017
61014
61015
60949
61033
62722
62727
62735
76561
62741
62743
62742
78448
76973
62725
62724
62726
62723
59709
76974
62736
76975
76976
62731
62733
62732
62734
62728
62708
61182
61180
61184
61181
61131
61132
61135
76545
77837
77838
61136
61183
61192
61191
62729
62730
59710
58037
78389
78537
78535
78536
58296
58297
58292
58294
58295
58300
58321
58322
58323
58319
58320
58324
58325
58329
58328
58331
58458
58453
58454
58214
58213
58212
58207
58205
58211
58204
58206
77529
77528
77530
58455
58456
58457
77527
58451
58449
58450
58192
58199
58196
58198
58197
58200
58201
58215
58216
58210
58208
58209
58452
58326
58327
58284
58283
58280
58279
58281
58285
58260
58262
58259
58261
58288
58286
58289
58287
58290
58293
58253
58251
58249
58250
58247
58237
58239
58238
58240
58244
58242
58243
58245
58246
58252
58241
58255
58256
58180
58181
58264
58270
58272
58273
58267
58268
58266
58275
58186
58187
77531
58202
58203
77534
58191
58188
77532
77533
58190
58189
58184
58185
58183
58182
58265
58248
58258
58254
58269
58257
58278
58271
58274
58282
58301
58277
58299
58276
58263
58291
58312
58309
58313
58315
58382
58383
58384
58386
58317
58318
76469
76891
76892
58377
58376
58378
58368
58365
58366
58367
58369
58306
58307
58381
58385
58316
58308
58304
58305
58302
58303
58314
58298
58311
58310
58330
58038
58459
58460
63020
63022
63023
63031
64500
63033
77850
63032
