3785
104094
104095
104096
103863
103871
103870
103951
103996
103997
103995
104011
104012
104036
104014
104015
104013
104026
104038
104027
104037
104024
104039
104069
104074
104073
104071
104087
104101
104084
104083
104064
104065
104085
104066
104063
104086
104079
104080
104054
104055
104052
104053
104051
104075
104081
104112
104113
104100
104099
104171
104093
104106
104111
104110
104114
104109
104077
104049
104048
104047
104092
104082
104076
104050
104078
104056
104057
104059
104058
104067
104029
104046
104044
104045
104043
104102
104072
104041
104042
104070
104068
104040
104025
104028
104060
104016
103917
104010
103895
103906
103918
103905
103993
103904
103903
103992
103908
103909
103915
113690
103916
103907
103994
103975
103974
103973
103972
103984
103985
103987
103986
103981
104061
104107
104108
105732
105733
105734
105735
104105
103954
103956
103983
105771
112830
112832
112833
112838
112834
112836
112837
112835
112831
105772
105770
112862
112863
112852
112853
112861
112854
112858
112860
112857
110938
110937
110936
110943
103961
103962
103963
103960
103967
110941
103968
110940
103969
110939
103965
103952
103953
103966
103970
103971
103979
105768
103958
103957
103948
103990
103991
103989
103988
103976
103977
103949
103959
105773
103964
112856
110945
112805
112806
112804
112801
112820
112821
112802
112803
112547
112546
112822
112823
112815
112824
112864
112844
112494
112845
112846
112843
112839
112840
112866
113843
112841
112865
112842
112825
112826
113842
112827
113841
112816
112817
112818
112493
112495
112496
112497
112855
112819
105769
112859
103955
103978
103950
103914
103896
103897
103858
103862
103864
103865
103869
103866
103868
103867
110942
103837
103842
103853
103838
113689
103852
103848
103857
116322
116323
116324
103849
103850
103851
103855
103854
103861
103860
103859
103844
103847
103856
103843
103845
103846
104030
104031
104032
104033
104034
103999
104731
104089
104088
104091
104725
104732
104007
104009
104062
104090
104008
104035
103980
104103
105736
105737
104123
104119
103982
104104
104147
104146
104148
105727
105730
104120
104149
104134
104151
104136
104137
104135
104150
112829
105578
105579
109615
109616
109638
109639
109640
109971
109972
109973
109978
110010
109981
110007
110008
110009
109736
109735
113943
109734
109731
109980
109732
109979
109733
109612
109613
109982
113945
109983
113944
109691
109614
33883
33890
112331
107038
107039
107040
110330
110346
110327
110317
107041
110331
110400
110309
110336
110310
110311
108832
108873
108874
108836
108790
108884
109048
109065
109066
110297
110295
110293
110292
108891
108890
108862
108861
108860
108859
110294
110296
108892
108858
108857
108856
109047
109049
109055
109063
109067
109064
110303
110305
110306
110359
110298
110299
110300
110304
110312
110301
110302
110313
109058
110325
110326
109155
110314
109156
110316
109085
110324
110328
110321
110322
110323
109084
109086
109079
109080
109081
110329
109082
109059
109717
109716
109620
109621
113814
109617
109618
110377
109619
110376
109062
108855
109068
108888
108887
108885
108893
108895
108898
108897
108896
108894
108886
108833
108793
108794
108835
108834
108791
108792
109050
113654
108796
108798
108795
108797
109169
110479
110482
109170
108369
108875
108850
108852
108854
108853
109669
109670
113813
108851
109636
113812
109635
109740
109628
109630
109631
109632
109633
109624
109625
109626
109627
109629
116304
109623
109693
109730
109692
109622
109634
108867
109637
108866
108882
109597
108883
108899
108900
108881
108879
108880
108878
108876
108877
108863
108864
108865
108889
109077
109117
109078
110319
110338
110337
110347
110348
110350
110349
110320
110332
110318
106197
109718
109720
109719
106198
106199
106200
106201
106202
110044
110082
110087
110613
110614
110615
110450
110463
110609
110610
110611
113820
110607
110606
110604
110603
110458
110459
110457
110601
110602
110600
110599
110425
110426
110438
110433
110434
110437
110436
110440
110441
110442
110467
110466
110455
110454
110453
110452
110464
110446
110449
110448
110445
110444
110404
110407
110406
110430
110431
110429
110405
110409
110411
110408
110412
110402
110401
110419
110424
110418
110417
110416
110415
110414
110598
110597
113819
110033
110034
110035
109748
109749
109747
110031
110030
110029
110037
110036
110050
110049
110038
110053
109754
109755
109761
109744
109727
109728
109760
109762
109741
109767
109766
109768
109769
109765
109763
110403
110028
109751
109752
109764
109742
109743
113811
109729
113810
109726
109745
109746
109724
109725
109723
109721
109722
106209
106210
106208
106204
106205
106206
106207
109756
109757
109758
109759
110022
109753
109750
110413
110027
110399
110365
110364
109665
109666
110363
110366
110371
110378
110370
110379
110381
110380
110369
110367
110368
110362
109667
109668
110360
110372
110373
110374
110375
110358
110382
110307
110315
110308
110361
110397
110398
110396
110392
110447
110393
110395
110383
110473
110478
110532
110617
110384
110385
110386
110469
110470
110475
110477
110476
110471
110472
110387
110340
110341
110388
110389
110345
110342
110391
110344
110390
110343
110394
110443
110435
110428
110432
110420
110410
110427
110423
110422
110421
110439
110032
110468
110465
110456
110052
110051
110089
110605
110460
110461
110462
110451
110041
110608
110612
110042
110088
110083
110043
106203
106211
103390
110700
110701
110699
110698
110712
110711
110710
110709
110708
110719
110720
110721
110881
110727
110726
110728
110729
110696
109370
109371
109368
109369
110883
110888
110884
110887
110885
110886
110882
106296
110890
110896
110891
110892
110903
110902
110906
110900
110901
110897
110907
110899
110898
116195
110894
110918
110904
110909
110908
110852
110853
106182
110854
106183
110876
110851
110905
110895
110917
110926
110927
110944
110715
110916
110714
110713
110893
106295
106987
106185
106186
110877
110725
110724
110722
110723
110681
110682
110674
110677
110683
110512
110663
110684
110685
103394
103395
110661
110662
110660
110659
110546
110545
110651
110650
110649
110657
110645
110646
110647
110635
110622
110621
110648
110658
110516
110679
110680
110707
110678
103393
110697
103392
103391
110702
110618
110770
111261
110767
110775
110790
110772
110789
110799
110806
110807
110801
110804
110774
110773
110800
110871
110889
110858
110857
116286
116289
116288
116287
110856
110855
110872
110878
110879
110873
113595
110875
113822
110706
110880
113594
110705
110704
110869
110868
110689
110688
110687
110693
110769
110803
110694
110692
113821
110620
110690
110691
110703
110874
110867
110695
110870
110859
110860
110802
110805
110788
110787
110861
113596
113597
110919
110920
110924
110921
110922
110923
110850
110847
110771
110768
110619
103298
103299
103403
110176
110177
110193
111275
111274
111272
110195
110194
111302
111303
111301
111367
111370
111372
111371
110239
111374
110240
111373
111392
110238
110237
110236
110245
111369
111368
111300
110246
110196
111366
110244
110243
110242
110241
110232
110228
110233
110230
110229
110231
110219
110218
110235
110217
110216
110211
110202
110199
110073
110200
110212
110205
110170
110204
110081
110080
110168
110167
110185
110184
110183
110084
110086
110074
110075
110062
110063
110061
110068
110067
110066
110064
110065
109991
109992
109987
109989
109988
109990
110046
110059
110060
110058
109985
109984
109986
110055
110054
110048
110047
110057
110056
110045
110085
110079
110069
110070
110071
110169
110203
110072
110021
110019
110201
110207
110121
110122
110206
110166
110209
110213
110158
110159
110157
110120
110112
110114
110115
110118
110119
110110
110111
110108
110109
110017
110018
110113
110116
110094
110093
110091
110097
110096
110098
110099
110100
110139
110140
110102
110103
110104
110105
110123
110160
110172
110174
110186
110187
110190
110161
110162
110165
110163
110164
110012
110013
110014
110101
110078
110077
110076
110092
110107
110106
110016
110015
110208
110117
110020
110210
110214
110215
110227
110226
110173
110171
110234
110192
110198
110188
110189
110197
110191
110179
110180
103402
103300
110141
110142
111385
111394
111389
111390
111393
111391
109737
110006
109738
110005
109739
109997
109998
109999
110000
110001
110002
110003
110004
33976
113473
113477
113476
113478
113475
33977
33978
33986
113469
113468
113472
113134
113135
113136
113461
113460
113291
113290
113289
113281
113280
113286
113455
113457
113205
113456
113459
113471
113138
113139
113204
113287
113206
113276
113207
113288
113292
113137
103632
103633
113462
113463
113479
113323
113464
113321
113414
113320
113322
113470
113458
103427
113302
113303
113314
113315
113324
113325
113327
113412
113413
113326
113328
113422
113308
113309
113306
113305
113298
113299
113297
113249
113296
113270
113272
113269
113317
113316
113304
113300
113318
113319
113313
113312
113310
113311
113465
113466
113467
113149
113150
113151
113152
103629
103631
109249
109250
109251
113259
113262
113263
113264
113294
113242
113254
103430
113100
113228
113101
113253
113252
113108
113112
103494
103495
103496
113243
103612
103610
103607
103608
113248
113247
113261
113258
113257
112970
112972
112973
112974
112971
113241
113240
113255
113279
113283
113285
113293
109254
113284
113282
113278
113275
113238
113236
113235
113229
113224
113226
113221
113223
113227
113232
113218
113210
113174
113173
113172
113169
113168
113158
113133
113132
112992
112991
112960
112961
112984
112986
113003
113005
113160
113165
113166
113167
113161
113001
113162
113000
113159
113004
113083
113080
113082
112928
113081
112995
112997
112989
112994
112987
112965
112964
112678
112677
112685
112988
112996
112999
112998
113002
112985
112944
112939
112993
113157
113163
113164
113170
113171
113209
113222
113220
113219
113084
113086
112929
112975
112930
112976
112977
112978
113225
113233
113208
113274
113230
113234
113277
113239
113237
113231
112979
109253
113244
113245
113246
113260
113256
109252
103622
103623
103630
103624
103613
103609
113301
113295
103429
103428
33979
113474
33980
112675
112676
112896
112906
112908
112907
112924
112952
113130
113129
113202
113203
113216
113211
113217
113452
113200
113212
113156
113201
113213
113454
113214
113215
103407
103408
111406
111407
111413
103409
111437
111435
111436
111440
111455
111649
111651
111652
111657
111667
111670
111672
111736
111734
111747
111748
112583
112650
112653
112654
112655
112649
112604
112605
112612
112606
112603
112602
112600
112601
112592
112593
113587
113583
112581
112582
112579
111678
112585
112586
111679
111676
111674
111659
111655
111656
111458
111457
111453
111451
111653
111654
111675
112578
111456
112580
112590
112591
112589
112588
112587
112613
112648
112647
112584
111746
111677
111673
111668
111642
111640
111641
111629
111624
111626
111645
111627
111628
111449
111447
111433
111432
111427
111428
111430
111422
111429
111424
111423
111381
111382
111383
111409
111410
111380
111379
111378
111377
111425
111426
111411
111431
111610
111638
111636
111637
111698
111671
111669
111666
111658
111643
111644
111650
111648
111452
111448
111441
111442
111434
111412
111404
111405
103410
103411
111310
111354
111311
111416
111494
111602
111603
111612
111606
111611
111617
111630
111632
111631
111646
111635
111639
111697
111620
111623
111618
111615
111605
111421
111607
111613
111619
111622
111608
111609
111625
111420
111376
111375
111417
111419
111614
111621
111516
111633
111517
111616
111530
111531
111604
111518
111511
111512
111601
111492
111491
111493
111418
111386
111388
111387
103303
113016
113024
113029
113035
113066
113085
113087
113069
113068
113065
113070
113036
113038
113030
103309
103310
113034
113032
113033
113049
113051
113054
113055
113056
113074
113075
113845
113072
113071
113073
113094
113095
113097
113096
113106
113104
113105
113103
113098
112980
113099
113089
113041
113102
113090
113091
113058
113092
113093
113063
113061
113062
113844
113053
112811
113043
113044
113045
113046
113052
113047
112809
113048
112810
103311
103316
103317
103314
103315
103312
103313
103308
103306
103307
103305
113037
113050
113042
113079
113078
113077
113076
113027
113026
113025
113020
113011
113012
112788
112789
113014
103329
103330
103331
103328
103327
112786
112785
112783
112771
112772
112735
113008
113007
113006
113013
113018
112969
112963
112962
112966
112967
112943
112941
112940
112689
112690
112729
112730
112727
112728
112720
112731
112718
112717
112719
112715
112716
112714
112709
112708
112703
113840
112701
112702
112700
112599
103321
112712
112713
112721
103322
112770
112769
112775
112774
103325
103324
103323
112710
112711
112705
112706
112707
112704
112696
112697
112638
112640
112639
112725
112659
112658
112680
112695
112694
112914
112922
112920
112926
112927
112921
112937
112938
112684
112683
112925
112923
112682
112681
103369
103370
112726
112693
112692
103371
112691
112688
103372
112687
112732
112733
112942
112686
112936
112968
113009
112734
112722
112723
112724
112773
103326
112787
112784
113010
113019
112935
112934
112933
112932
112931
113021
112983
112982
112981
113067
113064
113031
113028
113017
113023
113022
113015
103332
103304
112597
112598
103318
112782
112777
112781
112890
112891
103320
103319
112768
112679
112776
112796
105724
105725
105726
105728
112886
112887
112797
111439
111450
111438
111660
111662
111663
111664
111665
111661
112577
112596
112645
112766
112767
112790
112799
112607
112699
112657
112669
112614
112611
112610
112635
112617
112616
112615
112633
112609
112618
113584
113585
113586
112634
113839
112632
112698
112608
112641
112642
112661
112660
112643
112656
112751
112764
112800
112752
112754
112812
113846
113849
112778
112779
112814
112893
112895
112894
112813
112780
111735
111744
111751
112651
112652
111749
110844
104411
104165
104167
110848
104166
110840
110841
110795
110796
110842
113870
110849
110845
110863
110866
110862
110865
110822
110821
110819
110833
110831
110832
110830
110828
112474
112472
112481
110925
110836
110837
112473
110864
110846
110823
110843
110798
110797
110784
110785
110791
110794
110793
110786
111350
110783
110764
110766
110765
110780
110779
110782
110778
110776
110777
110781
110813
110809
110820
110811
110812
110745
110760
110810
110746
110792
110808
103404
103406
103405
111454
111446
111444
110839
111445
110835
112576
112595
112594
112644
112737
112738
112646
112629
112620
112628
112627
112626
112630
112482
112483
112484
112621
112622
112485
112619
110834
105583
111397
111398
111399
111401
111400
111403
111402
111408
110253
110224
110221
110220
110254
110290
110288
110289
110287
110279
110280
110278
110281
110258
110277
110273
110247
110250
110252
113671
110260
113672
110259
110262
110758
110759
110261
110285
110284
110283
110282
110814
110816
110276
110264
110251
110263
110249
110248
110274
110257
110275
110256
110255
111396
110291
110286
111395
110815
105582
110817
112476
112477
111415
111414
112479
112480
112478
110826
110827
110818
113836
105580
105581
111384
110824
110825
110838
113827
113833
113835
113834
113828
113830
113832
113831
113829
110829
103696
103695
111577
111580
111593
111683
111694
111723
111726
111730
112143
112144
112145
112147
112148
112159
112149
111767
111766
111718
111720
111765
111721
111713
111753
111755
111778
111756
111777
111775
111789
111791
111793
112176
112177
111785
112672
112670
112671
112898
112899
112900
112901
111786
111784
112174
111787
111792
111788
111783
111768
111757
111745
111742
111737
111738
111739
111750
111752
111790
111782
111776
111758
111754
111743
111741
111716
111714
111711
111706
111705
111704
111700
111647
111696
111710
111709
111719
111733
111728
111708
111692
111687
111686
111688
111689
111681
111680
111682
111634
111515
111514
111513
113593
111519
111527
111529
111526
111524
111523
111558
111559
111563
111564
111595
111597
112069
112068
112066
112073
111599
111600
111722
112086
112115
112120
111724
111578
111568
111598
111561
111562
111560
111525
111489
111490
111509
111510
103699
103698
111684
111690
111707
111695
111699
111701
111702
111703
111740
111712
111715
111717
112146
111732
112142
111731
111729
111727
111725
111691
111693
111685
111594
111581
111579
111569
111528
103697
105275
105274
111554
112034
112038
112040
112045
111955
111940
111941
111943
111950
111958
112047
112052
112062
112063
112061
112060
112058
112088
112090
112091
112094
112102
112109
112121
112122
112125
112132
112136
112222
112295
112296
112298
112308
112352
112355
112356
112357
112376
112377
112273
112262
112261
112260
112259
112350
112291
112224
112219
112220
112228
112231
112236
112251
112252
112254
112263
112265
112277
112387
112956
112957
112954
112953
112950
112948
112947
112946
112945
112919
112917
112915
112916
112918
112903
112904
112905
112203
112200
112897
112198
112194
112193
112192
112197
112204
112243
112246
112244
112248
112239
112238
112230
112229
112227
112218
112217
112216
112212
112211
112157
112208
112152
112209
112153
112118
112131
112134
112155
112140
112130
112119
112154
112158
112163
112164
112165
112188
112187
112169
112170
112190
112186
112180
112181
112173
112178
112179
112172
111772
111773
111774
111771
111769
111770
111781
111779
111780
111764
111763
111762
112175
112171
112167
112151
111759
111760
111761
112166
112150
112162
112161
112195
112160
112210
112156
112139
112213
112168
112214
112215
112206
112205
112201
112202
112196
112191
112189
112185
112182
112183
112184
112199
112902
112674
112673
112909
112207
112910
112242
112911
112241
112912
112249
112250
112266
112913
112949
112388
112386
112385
112276
112275
112382
112274
112256
112267
112264
112247
112257
112258
112245
112240
112232
112226
112225
112221
112138
112233
112234
112235
112237
112255
112253
112272
112354
112353
112351
112290
112297
112293
112289
112292
112288
112285
112223
112141
112135
112133
112128
112129
112124
112123
112106
112117
112116
112114
112113
112078
112077
112082
112111
112108
112081
112080
112067
112112
112071
112072
112110
112103
112101
112098
112100
112107
112127
112137
112282
112284
112287
112294
112020
112019
112021
112023
112024
112025
112026
112027
112028
112029
112278
112279
112104
112097
112095
112092
112087
111967
111962
111968
111971
111994
111998
111997
112002
112008
112011
112015
112030
112014
112018
112031
112017
111982
111981
111983
112005
112004
112000
111993
111989
111988
111987
111979
111980
111984
112013
112007
112006
112001
111996
111991
111970
111969
111964
111963
111959
111934
111936
111948
111947
111944
111945
111938
111939
111921
111923
111922
111915
111916
111901
111905
111917
112035
111925
111904
111903
111899
111234
111235
111535
111547
111233
111236
111230
111229
111536
113675
111534
111868
111533
111240
111239
111867
111226
111222
111223
111210
111224
111238
111237
111225
111208
111545
111546
111914
111902
111209
111900
111911
111918
111919
111912
111920
111937
111935
111960
111965
111961
111949
111956
111966
111972
111995
111999
112010
112009
112012
112016
112022
112286
112283
112281
112280
112126
112105
112099
112096
112093
112083
112084
112085
112079
112065
111584
111592
112064
111591
112057
111590
112056
112032
112036
112044
112053
112042
112043
112037
111552
111548
111551
111549
111550
111582
111583
111520
111522
111521
111573
111574
111570
111567
111565
111586
111588
111596
112070
111566
111557
111556
111572
111576
111571
111575
111542
111543
111589
111587
111585
112074
112076
112075
112089
112050
112059
112054
112055
112051
112048
111957
111951
111952
112046
112049
111946
111942
111913
111953
111954
111924
112041
112039
112033
111555
111231
111553
111232
105276
105277
111544
105278
33596
111976
111975
111986
111992
112003
111990
111985
111977
111978
110039
110040
110222
110223
110225
110732
110761
110762
110763
110750
110751
110743
110749
110744
110741
110742
110753
110757
110754
110755
110756
110627
110626
110625
110624
110623
110731
110737
110736
110734
110730
110628
110747
110748
110739
110738
110740
110735
110752
110733
110535
110616
110536
110911
110910
110912
110913
110914
112475
116321
112505
112486
112487
112488
112625
112623
112631
112740
112741
112742
112539
112744
112745
112747
112748
112753
112746
112749
112750
112760
112636
112637
112755
112762
112763
112765
112876
112874
112867
112869
112870
112875
112872
112873
112871
112574
112575
112792
112491
112492
112794
112795
112847
112848
112849
112877
112878
112850
112851
112828
112489
112490
112549
112548
112553
112552
112555
112543
112544
112554
112560
112559
112807
112558
112563
112564
112568
112758
112759
112757
112567
112565
112566
112529
112521
112522
112808
112523
113838
112518
112524
112525
112526
112537
112527
112512
112519
112509
112507
112508
113837
112502
112504
112503
112501
112514
112517
112506
112510
112520
112528
112562
112561
112571
112556
112557
112551
112541
112498
112545
112542
112550
112540
112499
112573
112572
112791
112793
112868
112569
112570
112756
112536
112535
112534
112532
112533
112531
112530
112743
112538
112511
112516
112515
112739
112736
112624
112513
112500
103282
109968
110124
110136
110126
110135
110127
110132
110131
110133
110134
109955
110137
109956
110143
110144
110145
110146
110129
109959
109960
109941
109948
109961
110148
111046
111241
111042
111029
111039
111040
111051
111036
111035
111024
111028
105187
105188
109934
111023
111027
111026
109932
109930
111031
109939
110147
111037
109947
109938
109929
109926
109901
109902
109937
109900
109925
109933
109817
109924
109931
109815
109894
109913
109914
109911
109912
109915
109916
109910
109919
109921
109920
109923
109922
109917
109918
109895
109909
109816
105189
105186
111033
111005
111006
103363
103362
103364
105184
111025
111022
111034
111038
111032
111030
111041
109946
109940
109928
109951
109952
109942
109943
109944
109949
110090
110095
109996
109995
109994
109950
103284
109945
109993
109936
109935
109927
109957
109958
109954
110138
110175
110178
110181
110182
111262
111263
111265
111264
111268
111295
111306
111307
111296
111308
111313
111353
111351
111358
111360
111485
111502
111356
111352
103365
111298
111299
103366
111309
111297
111312
111294
111290
111289
111315
111314
111288
111286
111293
111291
111355
111342
111343
111344
111339
111338
111345
111328
111327
111331
111333
111332
111334
111284
111277
111280
111281
111279
111254
111255
111257
111249
111256
111242
111317
111318
111316
111325
111099
111093
111092
111102
111323
111324
111320
111319
111347
111459
111462
111463
111465
111466
111467
111218
111219
111468
111469
111461
103346
111214
111220
111217
111221
111215
111211
111200
111189
111181
111198
111212
111182
111184
111186
113824
111180
111171
111173
111172
111178
111176
111177
111179
111202
111203
111204
111163
111205
111164
111155
111156
111154
111207
111159
111157
111158
111161
113826
111162
113825
111160
111108
111109
111110
111111
111152
111121
111120
111122
111112
111113
111107
111105
111106
111104
111016
111015
111013
111014
111119
111118
111201
103416
111151
111123
110960
110961
110962
110963
110964
110965
110966
110967
111003
111166
110968
111004
111153
111206
103415
111165
103414
111170
103412
103413
111185
111199
111116
103345
103344
111349
103341
111478
103357
103355
111359
103337
103336
103335
111361
103333
111362
111471
111483
111484
111500
111499
111498
111501
111506
111507
111503
111508
111540
111539
111537
111538
111480
111481
111541
111472
111473
103360
103343
103361
111505
111504
116296
111482
111479
111476
111475
111496
111497
111495
111470
103338
103334
103348
111357
103349
103352
111477
103340
103339
103342
111464
111474
111348
103358
111460
111197
111195
111196
111216
111190
111191
111187
111188
111174
111101
111096
111097
111098
111167
110969
111095
110970
110971
110972
111094
111169
111091
110973
110974
111089
111008
111084
111085
111082
111083
111073
111074
111066
111067
111068
111076
111081
111061
111058
111060
111049
111047
111055
111063
111064
111070
111069
111072
110979
110977
110978
110980
110981
111007
111054
110989
110988
110987
110985
110986
110982
110983
110984
111056
111053
111048
111057
111059
111080
111245
111246
111247
110149
110151
110153
110152
110154
110155
110156
109962
110150
111052
111043
111244
111044
111045
111050
111062
111065
111071
111075
111009
110975
110976
111183
111168
111192
111341
111194
111193
111175
111100
111090
111088
111086
111087
111078
111077
111079
111243
111248
111251
111278
111266
111267
111270
111250
111276
111285
111283
111330
111258
111329
111326
111322
111321
111346
111336
111335
111340
103356
111337
103351
111292
103350
103354
103353
103368
111287
103367
111282
111273
111305
111304
111271
111269
111252
103297
111253
111259
111260
103302
103301
109953
110130
103296
110128
113714
110125
109969
103283
103359
111227
111228
109818
109904
111486
111488
111487
111363
111364
111365
103347
111532
111017
111103
111018
111019
112268
113679
112271
112379
112381
112402
112411
112406
112405
112375
112374
112366
112360
112359
112363
112368
112367
112364
112361
112318
112317
112307
112300
112309
112315
112316
112306
112303
112304
112305
112299
112314
112312
112313
112327
112362
112358
112365
112369
112401
112392
112393
112394
113148
113121
113124
113147
113145
113146
113128
113131
113125
113120
113119
113116
113115
112398
113113
112958
112959
112990
112951
112955
112389
112384
112383
112270
112399
112397
113114
113118
113123
113127
113122
113126
113117
112395
112396
112391
112400
112390
112380
112378
112269
33627
112301
33628
112302
112320
112330
112334
112335
112339
112345
112340
112342
112349
112418
112420
112422
112423
113447
112424
112428
112434
112433
112437
112448
112450
112459
112463
112468
113175
113176
113178
113179
113191
113190
113195
113196
113197
113198
113199
113450
113188
113192
113193
113434
113435
113449
113448
112462
112469
112471
113182
113183
112460
112457
112443
112447
112458
113446
112453
113444
113445
113428
113441
113440
113439
113438
113437
113431
112346
112333
112347
113430
112430
113429
112454
112446
112456
112455
113184
113185
113186
113194
113187
113177
113144
113189
113180
113143
113153
112465
113154
113155
112451
113140
112442
113142
112439
113141
112414
112413
112412
112410
112409
112404
112403
112373
112371
112370
112417
112372
112326
112415
112338
112337
112336
112344
112324
112322
112321
112323
112319
112310
112311
112325
112438
112441
112466
112470
113181
112464
112467
112461
112444
112452
112445
112449
112440
112436
112435
112432
112431
112429
112408
112407
112421
112416
112419
112348
112343
112341
112329
112328
112332
112798
112889
113271
105729
112888
112892
112884
112885
112882
112879
112880
112881
112883
104121
104122
105731
113694
110357
110474
110526
110529
110525
110533
110534
110524
110642
110644
110643
110655
110653
110654
110656
110637
110636
110639
110638
110652
110640
110641
110521
110522
110515
113661
110523
