3012
237397
237253
237393
237254
237272
263174
237267
237268
237269
237271
237872
261471
261475
239551
262159
262158
262157
237399
261470
262059
263724
263725
262053
262054
263726
263727
263729
237392
237391
237369
237365
237355
237356
237376
237368
237366
261472
237367
237363
237364
237360
237390
237359
237358
237396
237398
237270
237395
237389
236885
236896
236899
237059
237058
237063
237060
237062
237061
237071
236886
237072
237091
237135
237136
237138
263742
262049
262050
237139
237141
237166
237165
237181
237175
237176
237426
237171
237169
237170
237148
262165
237159
237158
237163
237424
237429
237425
237428
237427
237432
237422
237423
237431
237433
237421
237419
237387
237434
237437
237420
237394
237385
237386
237416
237417
237384
237407
237405
237406
237156
237411
237412
237413
237414
237409
237410
237152
237155
237142
237143
237149
237150
237151
263425
237144
237145
262162
262164
262163
237140
237120
237118
237119
237127
262161
237126
237132
237133
237134
237379
237378
237380
237374
237381
237373
237372
237375
237377
237122
237124
237123
237115
237353
237354
237362
237361
237351
237239
261306
261308
237350
261307
237237
237104
237103
237349
262972
237110
264145
264147
264146
237109
237107
237108
237106
263364
237238
237241
237252
261353
261336
261340
261354
261337
237242
237247
237244
237246
237388
237357
237245
237243
261226
237235
237087
263949
264049
264047
264045
264048
264044
264046
237236
237086
237096
237111
237112
237101
237092
237093
237100
237098
237099
237097
237094
237085
237084
237083
237082
237079
237078
237095
237074
237088
237090
237073
237067
237068
237069
237070
263363
263696
237064
237075
237081
237017
237018
237057
237056
237055
237054
237053
236903
237065
237066
237077
237076
237052
263767
237019
237024
237020
263682
264040
264041
264043
264042
263766
237048
237047
237049
237050
261469
261468
237051
237240
237352
237105
237130
237131
237128
237129
237121
262160
237117
237113
237114
262166
237116
262167
237102
237125
237153
237154
237382
237408
237383
237418
237415
237173
237164
237161
237162
237157
237147
237146
237160
237172
237174
237179
237178
237177
237168
237167
237186
237183
237184
237185
263365
263366
237137
237089
237180
237182
237430
237481
237483
237482
237484
237485
261474
261473
237491
237490
237492
237493
237506
237504
237505
236888
236898
236897
236902
237016
264035
264036
264034
264038
264039
264037
264033
261089
263683
236904
261090
236889
262085
238363
238464
238463
235669
235671
235670
235668
235667
235663
235666
235662
235660
235661
235658
235657
235652
235648
235649
235647
235642
235644
235646
235645
235643
235641
235653
235659
235655
235656
235654
235944
235672
236055
236053
236054
236106
236107
236108
236119
236123
236125
236212
236219
264346
236009
236215
236230
236237
236259
236040
236045
236270
236383
236384
236385
236386
263533
263534
261560
261566
263546
263545
261979
263525
263532
263530
263529
263531
263527
263528
236403
261606
236404
263526
236402
263543
263544
263547
263412
236400
236401
236331
236329
236330
263558
263559
263561
263563
263565
263568
263571
263569
263573
263834
263570
263574
263576
263579
263578
263577
263572
263575
263580
263687
263564
263566
263562
263560
236328
263822
263835
263823
263825
263824
263833
263826
263827
263828
263829
263830
263821
263831
263832
263549
263548
236315
236314
236316
236308
236313
236042
236043
253793
236309
236310
236046
236048
236317
236047
236041
236036
236305
236304
236303
235989
236301
236302
236031
236037
236034
236028
253427
253424
253634
253425
236027
236021
236026
236029
236030
236024
236023
236022
264203
236003
236001
236002
236004
235974
236005
235970
235975
235969
235971
235963
235961
235953
235949
235950
235952
235965
235997
235998
235996
235982
235986
235984
235985
235987
235988
235983
235968
235966
235964
235945
235946
235947
235948
235951
235954
235960
235958
235959
235956
235955
236056
236057
252310
252285
252286
251870
252311
251410
251893
251411
235972
235973
235999
235967
236000
235990
235991
235993
235995
235994
235992
236010
236012
236013
236016
236015
236018
236017
236011
236007
236014
236035
236307
236306
236311
236339
263550
263551
263552
263555
263557
236320
236321
263556
263553
263554
263686
236399
236327
236326
236390
236391
236393
236392
236394
261561
236325
236322
236312
236318
236319
236323
236324
236271
236269
236387
261731
236276
236274
261730
236267
236278
236280
236247
236284
236257
236255
236256
261058
236249
236248
252904
236154
236139
236224
236226
236229
236244
236250
236243
236241
236242
236263
236246
236238
236227
236240
253360
253423
236235
236239
236233
236225
236222
236221
236134
236135
236122
236121
236126
236128
236127
236216
236214
236217
236130
236111
236131
236133
236143
236149
236150
236156
236155
236157
236159
236158
236148
236151
236145
261724
236144
236102
236099
236140
236142
236097
236113
236096
236088
237080
252434
236112
236064
252332
236093
236092
236095
236085
236101
236104
236178
236176
236177
236164
236166
236182
236179
236184
236186
236185
236183
236180
236181
236168
236169
236171
236175
261451
236172
236173
236187
236174
236196
236197
236189
236191
236190
236193
236198
236199
236194
236202
235716
235718
235717
236201
261723
236192
236200
235711
235713
235712
235707
235706
235704
235698
235695
235694
235690
235700
235701
236083
236160
261390
249803
249126
236161
236084
236078
236082
249776
235675
235692
235693
236081
235674
235676
236076
236069
236070
251118
236074
236075
236068
236087
251122
251124
236062
236061
236059
236051
236058
235664
235665
236060
251119
251120
236073
236067
236065
236066
236071
236072
235677
249335
236077
235673
235688
235689
235679
235678
248013
248014
248122
248221
249080
249082
261383
235691
235702
235703
235708
236188
248419
235705
235709
235710
236195
236205
236206
236207
236208
250132
250171
250172
250126
250127
250166
236210
236211
236170
236167
236165
236162
236163
236147
236209
236086
236100
236080
236079
236091
236089
236090
236063
236094
236098
236103
236152
236153
236146
236141
236117
236114
236115
236116
236132
236110
236109
236129
236218
236234
236223
236137
236136
236138
236228
236253
236254
236258
236245
236279
236282
236395
236277
236281
236388
236283
236389
236265
236266
236275
236273
236261
236268
236260
236049
236044
236039
236038
236236
236232
236231
253353
236220
236025
236008
236213
236006
236124
236120
236118
235962
235957
236105
236052
236050
236405
263266
261413
236407
236406
261396
261395
236410
236409
236408
236431
263265
235696
235699
235697
236742
235715
235714
236723
235680
235685
235681
235684
235683
235809
262168
235827
235828
235839
235840
235822
235823
235844
235850
235851
235852
235853
235860
235861
235862
236726
235863
235865
235909
236727
236729
236728
236746
236747
236748
236749
236751
235744
235745
237046
236755
235917
235920
235921
235918
235926
235919
235929
235931
235932
235930
235935
261733
235936
235937
236756
261726
261725
261732
235891
235900
235904
235901
235922
235924
235923
235925
235915
235916
235899
235880
235881
235888
235887
235890
235914
263343
235886
235884
235882
235806
235803
235869
235805
235883
235802
235801
235797
235804
235799
235868
235877
235892
235893
235894
235898
235905
235896
235897
235902
235903
235912
235895
235870
235871
235872
235873
235874
235879
235867
235876
235838
235837
235836
235834
235824
235833
262169
235825
261622
235792
235793
235790
235791
261054
235789
235788
235776
235780
235739
235778
235781
235782
235779
235783
235738
235736
235777
235733
235734
235735
235726
235725
235722
235721
235731
235762
235761
235764
235767
235766
235794
235752
235754
235751
235750
235741
235740
235753
235760
235757
247957
235742
235758
235759
235743
235747
235756
235746
235749
235748
235755
235763
235730
235720
235719
235727
235728
235729
261449
261448
235724
235723
235732
235737
235770
235771
235772
264279
264280
235765
235832
262170
235815
235816
235841
235835
235784
263796
263798
263797
235785
235800
235866
235795
235798
235796
235878
235885
236757
236758
236761
236760
236806
236808
236831
261464
236832
236836
236838
236840
236845
236846
236858
236859
236857
236862
236868
236871
236988
236989
236990
236991
237003
236999
237000
237002
236981
236983
237034
237023
236982
237001
236986
236977
236928
236922
236975
263462
236976
245764
236967
262171
236966
236923
236929
236931
236930
236917
236781
236778
236780
236779
236920
262172
236912
236909
236911
261490
261489
236910
236783
236785
236921
236786
236993
262872
236992
236996
263203
236995
263204
262042
262043
263197
263206
262051
262052
262045
262046
263351
263205
262876
262877
263066
263196
262870
236997
262874
263457
236998
262875
262869
262871
237009
237010
236895
237015
237011
237012
237014
262072
237013
236894
236893
262073
261467
236887
236884
236882
236880
236879
263684
236881
236877
236878
236890
237008
262873
262885
262884
236891
262173
262879
262878
262881
262883
262882
262880
236874
236892
262060
262061
263200
263201
263202
263805
262055
262056
263198
263199
263707
263708
236872
236873
236876
263491
263492
236864
236819
236825
236860
263489
263175
236820
236821
236883
236875
236867
236865
236870
236855
236866
236856
236869
236987
236861
263370
236863
236852
236842
236847
236817
236815
236816
236818
236823
263951
236822
236839
236841
236843
236844
236800
236812
236824
236799
236801
236798
236794
236792
236793
236804
236805
236809
236810
236811
236814
248369
236813
236837
236753
236849
236851
236850
236854
236784
236762
236763
236767
236771
236764
236772
236848
236853
236768
236777
236773
236782
236774
236775
236776
261460
236769
246097
246095
246096
261466
261462
262177
261461
261465
236770
236765
236835
236830
236790
236789
236796
262174
236795
261091
261654
236807
236791
236797
236750
236752
261059
236754
236730
236731
236732
236741
236744
236759
236745
236743
236739
236737
236740
236738
236735
236428
236429
236430
236736
236766
263270
263272
263271
236722
236733
236734
236204
236719
263380
236724
261430
236725
261431
244025
244026
248373
248372
260351
248379
248378
260352
236721
236720
236718
235911
235913
235908
235906
235907
235910
235864
235856
235875
235857
235858
235859
235855
235854
235845
235847
235848
235849
235843
235846
235842
235686
235818
235817
235812
235821
235819
261056
235814
235811
261055
235820
235831
235830
235829
235826
235813
235807
235810
235808
235682
235769
235768
235774
235775
235787
235786
235773
235687
236203
237007
261967
237021
237022
237032
237031
237030
237027
237029
237028
237025
237033
237043
262179
237044
239121
263195
239120
237045
237215
263194
237214
237216
237218
237217
237227
237226
237228
263178
237229
237231
237234
263681
237232
237230
237233
237225
237221
237255
237222
262191
237219
237220
237260
247956
237263
237261
237250
237251
237248
237249
237208
237205
237210
237224
237223
237206
237026
237038
254506
254563
254678
254505
254693
254694
237037
237040
262178
237039
237035
237036
237042
237211
254738
263009
263063
254744
254745
237212
237198
237213
237199
262819
237200
237201
262803
262804
237202
237203
237204
237196
237197
237207
237209
263192
235637
237292
237291
237284
235638
263124
237290
237293
237300
242770
237296
237302
237297
237307
237303
237309
237308
237311
237310
237298
237304
237299
237306
237305
236713
236715
237288
237287
237289
236681
236714
236709
236710
236712
236711
237966
237962
237959
237957
237951
237958
237952
237930
237927
237929
237928
243390
237945
237946
237944
236702
237925
236699
236641
237883
237884
237891
236640
236698
236688
236648
236668
236642
236647
263106
237963
261983
236644
236649
236657
236669
236671
263648
236672
236673
236686
236687
236690
236691
236674
236695
236694
263649
236697
236696
236653
236679
236680
238634
238638
238637
237301
236658
236654
236655
262925
262928
262927
262933
262932
262930
254831
254832
262931
262926
236666
236637
236636
236663
236638
236664
236639
236665
236667
236683
236659
254901
243366
243387
236650
236656
236620
236621
262916
236618
236534
236617
262914
236599
236594
236623
262915
236622
236595
262913
262911
262912
263401
236619
236536
236531
236535
236689
236692
236693
236704
236703
237926
236705
236707
236706
264056
236708
237932
237937
237936
237939
237942
237941
237935
237934
237940
237931
237933
243389
243391
237943
237953
237954
237938
236682
236670
237278
237286
263711
237285
237315
237317
237318
237340
237341
237316
261973
261975
261974
263177
263176
237313
237314
263191
237279
262189
262187
262186
236635
262924
262923
236592
254900
261984
236643
236645
236646
236629
236630
236631
236624
236626
236628
236627
236625
236593
261486
237262
237312
263187
263190
263189
263188
237264
237266
237265
236285
236286
236287
261452
236291
261729
236290
236295
236294
261727
261728
236298
263515
263536
263838
263521
263520
263535
263519
263522
263516
263517
263518
263836
263540
263541
263523
263524
263537
263538
264320
264321
263539
264318
264319
263542
263837
263839
263840
263841
236297
236396
236398
236397
261057
263268
261477
261453
236426
236427
236461
236462
236464
245328
236463
236471
236474
244949
236564
245095
245282
244953
244917
263129
244921
245042
245150
245043
245226
261698
245149
244871
245212
245211
263130
261427
236293
244854
244916
236292
236332
236545
263567
261426
236413
236451
236449
261454
261455
264011
236375
236372
236373
236448
236446
236447
236435
236438
236439
236437
236441
236440
236443
236442
236450
236445
236444
236436
263463
236350
236434
263267
236349
236344
236433
236432
263262
263261
263264
263263
236412
236418
244851
261403
261404
261409
236417
263257
263258
263255
236424
238452
238451
263252
238457
263253
238450
236411
236416
236415
263259
264322
264323
261400
263260
261398
261397
263256
236345
244848
236342
236340
236337
236341
236371
262180
236346
236347
236338
236353
236354
236351
236352
236336
236366
236368
236367
236365
236363
236364
236357
236358
236377
236376
244847
244844
236490
236491
236499
244846
236501
236500
236507
236510
254827
254792
236517
261062
261063
236591
236590
263139
263335
261458
263140
263144
263145
263146
263141
263142
263143
236555
236554
236562
262922
263131
262917
262919
262920
262921
262918
263337
261459
236561
263132
236632
236568
263136
263137
263134
263133
263135
263705
236566
236567
236569
236565
236570
236573
236574
236575
236577
236576
236476
236571
236572
245696
245763
245715
245395
236585
236586
236587
261457
236588
263186
236583
236582
236578
236556
236552
236550
236549
236548
236551
236553
263138
236596
236601
236602
236660
236608
236607
236611
236614
236616
236615
236597
236613
236598
263336
236610
236612
236560
236558
236559
236557
236606
236609
236603
236605
236604
236600
236589
236518
236527
236532
236530
236533
236529
236525
236528
236526
236506
236509
263125
263128
263126
263127
236505
236508
236503
236504
236492
236493
236516
236515
236514
236544
236543
236539
236456
236458
236460
236459
236540
261060
263147
263148
263340
263338
263341
236542
236541
236455
236457
236537
236538
254791
254796
254797
236513
236512
236497
236494
236502
236495
236511
236496
236454
236452
236453
236359
236360
236355
236356
236498
236343
236348
236374
236369
236370
236380
236382
236381
236414
236419
236288
236289
243081
236420
263405
236296
261456
244866
244870
236519
236520
261494
261543
244952
236547
236546
236563
245227
236475
236472
236473
236470
236422
236423
236425
236581
236584
263461
263706
245821
263712
245820
245885
246001
245973
246013
246041
246015
245927
245960
245928
237277
263709
237276
236421
263269
236465
236932
236937
236939
237188
254771
254782
254770
236936
236940
236934
236935
236477
236941
236478
236938
237189
236579
237187
237191
237192
236580
263179
263181
263184
263180
263183
263185
263182
236900
236901
237190
263193
236944
236965
236969
236970
236971
236973
236972
237194
237195
237193
236964
236956
236958
263710
236957
236984
262176
262175
236963
236959
236974
236960
254502
236968
236978
236985
236948
236949
236950
236954
236953
236955
236951
236952
237005
237006
237004
236945
236946
236947
236994
236943
236905
254714
236913
236914
263273
236916
264010
236915
236919
236918
236925
254440
236927
236926
236924
236907
236908
236906
263277
236933
236942
238467
263225
238017
235650
238020
262182
235651
238025
238024
238166
238167
238189
238190
238192
238195
238196
238197
238212
238213
238264
238256
238258
238257
238265
238289
238295
263639
238298
243399
238294
238299
238262
238263
263638
238324
238322
238330
238323
238937
238941
263081
264077
263643
263644
263646
263645
263640
263642
263641
263080
263647
257853
238869
238872
238877
238296
238297
263085
263087
263088
256916
264332
256917
238871
263086
238870
238873
238875
263636
238874
238880
263091
238881
238878
238883
238882
238879
238876
263082
263637
263083
263084
238933
238934
238936
238935
238931
238932
238868
238320
238321
238325
238318
238319
238316
238317
238306
238310
238311
238313
238312
238305
238309
263094
238287
238280
262283
263098
238286
264012
238285
238279
238277
238276
238274
238202
238203
243395
243396
238204
238205
243397
238206
263635
238208
238207
238278
243398
238181
238180
238183
238184
238182
238185
238302
263210
238186
238188
238187
238176
238177
238178
238179
238281
238275
238211
238282
238303
238308
243412
238307
263095
238304
238315
238314
238292
238293
238284
238288
238291
238290
238272
238283
238130
238137
238217
238214
238216
238234
262183
238218
238236
238237
238238
238251
238252
238230
238229
238228
238233
238261
238260
238259
238219
238226
238255
238254
261734
238224
238223
238220
238225
238231
238227
238232
238221
238222
238149
238151
238235
238243
238266
238268
238267
238269
238270
238271
238273
238253
238843
238846
238849
238858
263224
263223
263666
263668
263669
263667
263670
238857
238426
238427
263219
263221
263218
263220
263689
263688
263217
238863
263211
263212
238862
238890
238920
238893
238921
261171
261172
261173
238892
238894
238884
238922
263230
263231
238885
255458
255459
264069
264073
264070
264072
264071
262067
264065
264075
264074
264076
264066
264068
264067
238886
238939
238940
238938
238891
238493
238485
238490
238488
238489
263658
263659
263661
263662
263655
263663
263656
263664
263248
238484
263247
263996
238487
238486
238483
263660
263657
238889
263216
242583
242653
238855
263665
238448
238449
238432
238453
263251
263249
263250
238456
238859
238455
238433
264061
238438
238454
263246
238445
238446
238444
238437
238435
238428
238441
238443
261167
238431
238434
263222
238436
238423
238429
238430
238400
238401
238413
238414
238409
238418
238410
238415
238419
238854
238853
238412
238411
238837
238850
238852
238856
238851
238835
238836
238840
238838
238839
238834
238844
238847
238833
238247
238246
238408
238407
238152
238146
238142
238147
238140
238132
238121
238122
238131
238112
263887
238111
238101
238128
238127
238100
238102
238103
238099
238097
238095
238096
238083
238081
238080
238092
238093
238086
238087
238085
238089
238084
238072
238077
238078
238076
238079
238015
238014
238016
238026
238027
238073
238030
238032
238034
238035
238075
238074
238033
238039
238040
238042
238041
238088
238104
238094
238043
238044
238105
238066
238065
238064
238062
238063
238117
238107
238108
238119
238118
238124
263232
263236
263245
263235
263238
263240
263242
263244
238126
263243
238125
263110
263068
263241
263239
263237
263234
263233
238143
238145
263690
238144
238061
238057
238058
238059
238060
238031
238028
238036
238029
238037
238038
237996
237991
237992
237994
243104
237995
238004
238005
238006
238011
238012
238010
238007
238009
238008
237998
237997
237999
238000
238001
238002
237993
237990
238003
238082
238090
238091
238106
261735
261736
238109
238113
254904
238114
238116
238115
238110
261737
238120
238123
238135
238134
238156
238155
238240
238244
238154
238241
238830
238403
238402
238404
238416
238405
238406
238417
238421
238420
238447
238439
238440
238424
238425
238141
238422
238442
238841
238845
238848
238842
238250
238245
238242
238239
238153
238150
238136
238148
238138
238139
238215
238133
238129
238194
263886
238193
238200
238171
238165
238172
238174
238173
238175
238201
238168
238164
238163
238162
238169
238022
238019
238021
238023
238161
261064
238191
238170
238098
238018
237294
238331
237295
263122
263123
237977
237895
237894
237893
237892
237886
237882
237949
237955
237897
237902
237910
237912
237917
237918
237920
237924
237923
237988
237922
237989
237987
237919
237921
237916
237899
237906
237901
237900
237907
237914
237915
237913
237898
237889
237890
237888
237903
262181
237904
237905
263107
263732
237909
263108
237908
237911
237887
237896
237885
237948
237950
237956
237964
237965
237970
237971
237973
237972
237974
237979
237980
237984
237985
238052
263698
238055
238067
263227
238050
238051
238056
238045
238046
238049
238047
238048
237983
238344
238053
238345
238352
238355
238397
238398
238071
238399
238068
238070
238069
263229
263228
238393
238394
238395
238396
238350
238354
238353
238348
238349
238366
238373
238374
238458
238460
264313
264314
238459
238461
238364
238365
238367
238368
238341
238342
238356
238347
238351
238346
238343
238336
263120
238337
238340
238334
238335
264059
238332
238333
263116
263118
238338
263117
238339
238054
263226
237978
263121
237981
237982
237969
237947
