4034
140247
140268
140270
141580
141594
141596
141907
141919
141923
141925
141908
141906
141588
141593
141587
141579
141578
141575
140269
140266
140261
140265
140248
140212
140430
140431
140432
140441
140445
140447
140449
141873
141880
141912
141913
141917
141936
141939
141938
141930
141931
141933
141932
141928
141926
141909
141879
141878
141877
141867
141864
141865
141576
140271
140267
140258
140260
140255
140256
140257
140254
140272
140443
141876
141875
141915
141914
141910
141937
141929
141899
141881
141869
140458
140446
141916
141911
141883
141882
141872
141868
141866
140450
140448
140442
140444
140436
140434
140433
140259
141927
142017
140262
141572
141582
141591
141640
141642
141647
141920
141921
141918
141646
141635
141595
141589
141577
141641
141637
141636
141632
141631
141592
141590
141571
141569
141583
141584
141629
141628
141627
141630
141633
141612
141610
141608
141606
141604
141603
141605
141560
141558
141597
141599
141598
141601
141607
141609
141586
141581
141585
141568
141565
141567
141566
141559
141557
141493
141544
141554
141486
141485
141543
141491
141492
141487
141478
151603
141475
145411
141471
145412
145410
141470
141474
141473
141556
141547
141555
141563
141561
141548
141549
141550
141551
141562
141564
141552
141553
141573
141574
140264
141570
140263
139794
139869
139878
139881
140151
140158
140159
140199
140241
140246
140157
140160
140179
140178
140221
140244
140245
140236
140238
140237
140240
140239
140234
141539
141546
141545
141541
141538
141540
141542
140231
140233
140228
140229
140142
140225
140138
140137
140136
140139
140131
140133
141476
141481
141483
141484
141482
141480
141479
141536
146855
140232
140143
141477
141469
141468
141466
151607
141467
151606
141465
140128
141456
145302
141458
141461
141457
141453
141445
141448
141447
141446
141450
141451
141452
141462
141444
141449
151666
140571
140569
140074
140072
140073
140075
140050
140071
140080
140053
140085
140065
140063
140064
140067
140066
140061
140059
140058
140060
151766
140048
140043
140040
139808
140030
140028
140029
140037
140036
139968
140035
140054
146998
140056
139987
139986
139980
139982
139983
139984
140014
139994
139995
139990
139992
151861
139989
139993
139953
139951
139952
139958
139957
139956
139948
139947
139946
139945
150680
150725
139921
139969
139971
139972
139973
139940
139938
139937
139933
139970
139935
139928
139929
139963
139930
151894
139961
139924
151605
139926
139925
139917
139913
139912
139936
139931
139927
139919
139916
139918
139817
139818
145096
139819
139943
139820
139826
139828
139920
139944
139932
139922
139941
139942
139934
139939
139950
139949
139821
139832
139954
139955
139981
139985
140031
139966
139967
139977
139974
139976
139962
140033
140032
140025
139975
139804
139803
139979
139978
140026
140027
139806
139805
139810
139809
151909
139807
140038
140047
140052
140046
140039
140055
140062
140082
151864
140051
140049
140042
140041
140070
139811
139812
140567
140566
140568
140572
140570
141443
140076
140077
140081
140095
140094
140096
140119
140120
140124
140129
140104
140123
140126
140122
140111
140105
140110
140113
140112
140115
140217
140024
140106
140098
140020
140057
139988
140017
140018
140016
140021
140022
140009
140008
140007
140005
140003
139852
139999
140001
140002
139996
139991
139830
139827
144924
140034
144914
139848
139849
139847
139844
139843
139839
145712
144370
139838
139840
139835
139833
150580
139836
139837
139825
139824
139823
139822
139829
139831
139850
139851
140000
140006
140004
139997
139998
140015
140019
140023
140011
140107
140109
140108
140103
140121
140101
140100
140102
140099
140069
140117
140090
140089
140088
140086
140068
140118
140093
140092
140091
140097
140127
141459
140141
140132
140130
140125
140135
140134
140114
140116
140140
140218
140230
141537
140235
140226
140214
140216
140215
140219
140172
140169
140168
140165
140164
140013
140010
140012
139872
139871
139846
139845
150584
150583
150582
150581
143901
139834
143900
144823
140147
140148
140167
140173
140171
140213
140227
140224
140223
140222
140176
140175
140174
140154
140153
140146
140166
140144
139873
139865
139864
139861
139862
139867
139875
139876
140149
139874
139859
151723
143290
151602
139860
139855
150669
150665
150658
150666
150664
150663
139856
150662
150585
150667
139863
139877
140145
140155
140170
140243
140220
140177
140156
140150
139884
139870
139868
139866
139795
150395
139788
150614
150627
150633
151728
151727
151726
151948
150681
150403
150685
150683
150684
150686
150687
150652
150688
150689
150691
150729
150731
150728
151887
151770
150661
147001
150650
150654
150639
150648
150638
150637
150630
150640
150628
145285
150651
147000
140292
140291
140277
140279
140286
140275
140278
140283
140284
140281
140274
140366
140367
140368
140384
140369
140196
140386
140209
140385
140208
140188
140206
140195
140203
140204
140211
140205
140210
140249
140201
140202
140242
140197
140198
140163
140161
140162
140180
140182
140183
140184
140185
139895
139903
139906
139902
139907
140191
139909
140189
139905
139908
139899
139897
139892
139889
139883
139886
139882
139885
139888
139880
139857
139858
150675
150674
150673
150672
150597
150600
150601
150670
150676
150659
151600
150598
150596
150593
151769
150594
150624
150632
150612
150587
150586
151768
150588
150606
150607
150609
150608
150595
150591
150599
150590
150589
151841
150592
150602
151724
150671
150400
150399
150401
150677
150678
150668
139879
139887
139898
139896
140152
140181
140200
140186
140194
140193
140187
140207
140192
140190
139911
140282
140276
140273
139910
150690
150660
139904
150653
139901
145286
139900
150396
150397
139894
139893
150402
139891
139890
151725
150631
150679
145284
150682
150636
150629
150625
150626
150613
150611
150610
143291
139796
139789
150615
150617
150634
150635
150622
150641
150643
150656
150695
150707
150709
150708
150710
146930
150734
150737
150739
150743
150745
143650
143649
140302
140289
140288
140290
140287
150742
140280
150735
140285
150744
150736
141818
150740
150741
150716
150724
150748
150753
150747
150751
150750
150749
150719
150720
150721
150726
150727
150718
150717
150723
150746
150712
150715
140299
150752
150713
140297
143651
140298
150754
141819
150738
150733
150732
150603
146929
150646
150647
150730
150698
150696
150697
150699
150540
150549
150700
150711
150705
150714
150706
150702
150548
150551
150704
150552
150553
150703
150543
150533
151896
150542
150531
150532
150541
150535
150544
150545
150536
150526
150525
150534
150537
150620
150621
150693
150642
150506
150618
150504
150616
150497
150500
150503
150507
150508
150501
150499
150493
150491
150492
150487
150486
150521
150520
150518
150517
150528
150529
150516
150512
150513
150514
150519
150510
150511
151949
150480
150481
150515
150482
150483
150478
150479
150484
150485
150490
150488
150489
150495
150498
150604
143292
150505
150509
150502
150496
150494
150522
150527
150524
150523
150530
150550
150547
150701
150546
150539
150538
150692
150694
150649
151911
150657
150644
150655
150645
150623
146999
150619
150605
140251
140252
140250
140253
141806
141922
142010
142016
142025
142028
141924
142014
142013
142011
140044
150722
151751
151750
151753
141996
141993
141962
141961
142098
140045
151757
151667
151668
151755
142019
142018
142020
142022
142029
142021
142012
142023
142090
142102
142092
142091
142099
142115
142032
151628
142043
142045
142057
142061
142062
142071
142080
142590
142596
142619
142628
142750
142753
142762
142790
142797
144809
144816
144817
144811
144810
144808
142800
142799
142789
142763
142792
142798
142866
142755
142805
142685
142632
142684
142686
142682
142672
142669
142668
142646
142641
142640
142638
142085
142634
142635
142636
142104
142103
142083
142089
142070
142067
142069
142078
142093
142105
142084
142082
142639
142647
142648
142681
142680
142671
142670
142623
142620
142622
142598
142589
142599
142081
142077
142068
142065
142063
142066
142600
142674
142631
142630
142633
142791
142761
142754
142752
142751
142748
142629
142627
142621
142618
142597
142593
142591
142588
142079
142075
142076
142074
142064
142058
142060
142053
142059
142072
142583
142587
142592
142617
142626
142746
142749
142786
142788
142796
142787
142760
142759
142747
142745
142738
142756
142757
142743
142742
142740
142737
142741
142739
142723
142625
142614
142594
142581
142576
142567
142584
142566
142564
142624
142616
142595
142586
142585
142073
142054
142044
142052
142056
142055
142565
142579
142582
142606
142615
142613
142722
142735
142736
142605
142580
142577
142563
142042
142051
142030
142031
141638
141648
141805
141817
141849
141854
142047
142555
142558
142572
142570
142571
142559
142290
142288
142277
142284
142275
142273
141861
141852
141857
141860
141859
141839
141831
141846
141845
141828
141856
141853
141862
141848
141844
142276
142556
142557
142049
142040
142036
142046
142038
142041
142026
142037
142027
142024
142015
141807
141651
141850
142035
142034
142033
142048
142272
141863
142039
141855
141851
141847
141816
141808
141650
141639
141837
142255
142261
142299
142307
142470
142475
142483
142484
142488
142517
142525
144478
144486
144523
144532
144534
144533
144531
144529
144522
144520
144519
144484
144483
144475
144394
144409
144456
144476
142523
142522
142513
144457
144518
144524
144525
144488
144489
144490
144491
144508
144509
144510
144511
144507
144499
144495
144494
144493
142546
142547
142536
142537
142548
144506
144498
144497
144496
144481
144482
142530
144492
142544
142545
142533
142534
142532
142531
142516
142526
142529
142528
142519
142515
142520
144480
144521
144487
144485
144479
144477
142527
142524
142518
142514
142489
142485
142486
142487
142502
142503
142504
142505
142506
142535
142510
142538
142541
142550
142551
142553
144513
144548
144549
144550
144516
144515
144517
144790
144784
144785
142778
142771
142768
142766
142765
142724
142540
142764
142543
142554
142776
144504
142767
142769
142777
144783
144505
144514
144547
144512
144501
144500
142552
142542
151734
144502
144503
142549
142539
142508
142507
142499
142500
142509
142725
142726
142727
142732
142718
142719
142728
142730
142731
142733
142721
142611
142612
142610
142578
142575
142573
142601
142603
142569
142561
142568
142560
142562
142050
142574
142604
142729
142720
142609
142608
142607
142602
142331
142320
142332
142333
142334
142330
142329
142328
142324
142325
142326
142319
142286
142318
142316
142315
142314
142322
142321
142313
142279
142269
142270
142280
142274
142271
142268
142267
142281
142282
142283
142285
142287
142317
142323
142327
142289
142293
142291
142292
142294
142495
142501
142494
142498
142497
142496
142493
142492
142491
142490
142478
142311
142312
142302
142301
142309
142263
142257
142265
142266
141858
141841
142264
142278
142310
142477
142482
142476
142474
142481
142480
142512
142511
142521
142467
142449
142448
142386
142385
142377
142376
142241
142240
142232
142231
142185
142184
142186
142242
142243
142378
142387
142471
142306
142479
142472
142468
142304
142303
142298
142260
142250
142249
142259
142175
142181
142177
142178
142182
142176
142161
142160
142153
142151
142152
142168
142166
142170
142154
142169
142171
142174
142245
142188
142187
142233
142234
142295
142252
142253
142248
142247
142246
142251
142244
142296
142473
142469
142308
142305
142300
142297
142262
142258
142256
142254
141840
141829
141830
141838
142744
142775
142783
142785
142794
142795
144806
144807
144815
142758
142734
142770
142773
142780
144786
144803
144804
144824
144825
144787
144796
144798
144799
144802
144812
144813
144814
144805
144801
142793
142784
142782
142774
144789
144788
142781
142779
142772
196289
196293
196294
196296
196295
196309
196310
196319
196320
196322
196327
196387
196386
196326
196323
196308
196304
196303
196305
196299
196291
196300
214631
196321
196325
196307
196306
196290
214486
196297
195374
195376
195379
195504
195508
195509
195511
195514
195513
195524
195534
195540
195535
195528
195533
195530
195520
195525
195529
214487
195512
195526
214489
195506
214630
195378
195510
195515
195516
195519
195482
195481
195474
195473
195475
195507
195476
195472
195505
195377
195375
144472
144530
144535
144608
144610
144613
144615
144616
144636
144641
144648
144646
144621
144642
144640
144638
144637
144635
196698
196699
196700
196696
196697
196704
196703
196346
196693
196691
196688
196687
196686
195575
195573
195574
195579
196338
196342
196343
196348
196357
196358
196359
196368
196408
196426
196611
196423
196425
196610
196424
196421
196420
196405
196406
196404
196395
196391
196390
196388
196389
196330
196329
196353
196352
196350
196337
196332
196302
196331
195564
195562
195559
195560
195561
195550
195548
195547
195546
195537
195521
195558
195542
195541
196298
195543
195563
196301
195565
196351
196340
214466
196354
196419
196422
196407
196361
196349
196356
196355
196341
196347
196339
196334
196333
195570
195580
195576
195571
195555
195567
195554
195566
195583
195572
195557
195556
144630
195581
144631
144598
144601
144599
144600
144632
196690
196344
195582
196345
196360
196694
196692
144643
196695
196689
144639
144634
144633
144618
144603
144602
144614
144617
144619
144620
144624
144675
144674
144538
144537
144539
144678
144540
144541
144542
144682
144543
144685
144544
144704
144557
144706
144558
144708
144559
144710
144560
144712
144711
144556
144555
144554
144546
144545
144528
144527
144526
144612
144611
144607
144609
144536
144474
196324
196328
142465
144391
144396
144404
144406
144407
144413
144412
144452
144451
144450
144443
144441
144444
144449
144446
144570
144572
144571
144329
144331
195502
195501
195549
195545
195498
195544
195536
195497
195496
195493
195495
195499
195494
195500
144332
195503
144330
144325
144324
144322
144318
144435
144437
144438
144439
144433
144434
144432
144429
144400
144399
144398
144397
144426
144427
144425
144423
144428
144431
144436
144421
144327
144323
144326
144328
144333
144569
144445
144442
144440
144430
144403
144402
144410
144447
144411
144405
144401
144392
142466
144334
195552
195553
195551
144588
144629
144589
144584
144587
144586
144590
144591
144580
144593
144597
144596
144582
144595
144605
144606
144604
144473
144471
144469
144468
144583
144467
144576
144579
144575
144574
144573
144577
144448
144465
144460
144454
144455
144461
144458
144459
144416
144415
144414
144408
144393
144453
144466
144463
144462
144464
144470
144594
144581
144592
144578
144585
195480
195491
195488
195492
195486
195487
141421
144224
144239
144243
144244
144245
144253
144254
144259
144255
144250
144236
144235
144342
142423
142421
142411
142412
142403
142392
142394
142393
142410
142407
142408
142414
142418
144340
142417
142416
144231
144230
144228
144232
144229
144227
144225
141439
141440
141431
141433
142406
142389
142388
141432
141441
141442
142413
142390
142391
142409
142415
144341
144234
144233
144248
144247
144246
144240
144226
144223
141423
141434
141435
141436
141437
141438
141429
143307
143306
141428
141430
141427
141426
141425
141424
151608
141422
142238
142373
142380
142440
142455
142458
144378
144379
144374
144380
144381
144383
144390
144395
144389
144388
144387
144385
144377
144376
144424
144422
144420
144419
144418
144417
144367
144366
144368
144354
144358
144359
144361
146403
144360
144363
144356
144357
144353
144355
142432
142433
142459
142430
142450
142452
142451
142437
142438
142436
142435
142405
142401
142404
142424
142427
142431
144339
144349
144344
144345
144364
144289
144294
144288
144293
144310
144307
144313
144309
195483
195479
195471
195468
195478
195477
195467
195469
195350
195354
144306
144300
144303
144304
144291
195470
195355
144319
195489
144308
144305
144296
144311
144312
144315
144320
144321
195490
144314
144292
144287
144252
144258
144249
144251
144343
142422
142428
142402
142396
142397
142398
142400
142399
142382
142369
142426
142425
142429
144352
144346
144347
144365
144348
144295
144316
144317
144369
144373
144371
144372
144384
142463
142443
142447
142445
142444
142384
142383
142375
142442
142446
142462
142457
144382
142461
144375
144362
144386
144351
144350
142434
142460
142454
142456
142453
142441
142439
142381
142379
142374
142372
142239
141086
141085
144269
144270
144271
144272
144338
144273
195349
195465
195466
195346
195464
195463
195335
144260
144261
144266
144274
144268
144217
144215
144216
144262
144221
144222
144219
151936
144220
151877
144237
144238
144241
144242
144275
144280
144281
144301
144302
144298
144282
144283
144286
144285
144284
144279
144278
144210
144211
151876
144208
151945
144213
144206
144207
144212
144205
144218
144214
144256
144257
144209
195345
195344
144299
144297
144276
144277
144267
144263
141089
141088
142162
142163
142203
142226
142227
142235
142236
142353
142352
142367
142371
142370
142395
142362
142360
142361
142368
142366
142363
142349
142223
142224
142221
142220
142201
142351
142350
142237
142229
142230
142183
142180
142228
142225
142222
142202
142179
142355
141104
142189
142190
142192
142195
142196
142200
142199
142218
142219
142216
142217
142354
142358
142359
142357
142356
142343
142344
142348
142337
142339
142340
142341
142338
142213
142214
142209
142208
142207
142211
142206
142205
141170
141169
141171
141355
141359
141373
141376
141416
141412
141377
141378
141379
141380
143298
141371
141374
141362
141357
142335
141372
141360
141361
141358
141356
141354
141151
141153
141154
141158
141157
141172
142204
142212
142342
142336
141375
142347
142346
142345
142215
142210
142198
142194
142164
142158
142150
142147
142146
141741
142144
142145
142143
142197
142193
142159
142157
142191
142156
141152
142155
141150
141736
141740
141744
141738
141737
141742
141745
142148
142149
141746
142165
142167
142172
142173
141776
141774
141771
141766
141765
141767
141768
141773
141775
141770
141769
141743
141460
151983
151974
151975
151976
151914
151915
151916
146582
151961
151960
151872
151883
151884
151885
148162
151982
148163
151971
151970
151882
151895
146470
141502
147004
141503
141505
141507
141524
151827
141525
141509
141508
141506
151938
151939
149274
149287
151903
151902
151865
151867
151868
151672
151869
151962
151905
151940
151941
151908
151907
151963
151906
151904
151870
151871
149796
151965
151964
149784
151927
151834
151833
146995
151932
151933
151934
146996
146997
151835
151842
147003
151811
151928
151810
149904
149905
149916
147002
149783
146923
146924
149273
141504
141501
141500
141498
141464
141499
151881
151866
151873
146679
146471
141463
141510
141512
141514
141667
151830
151829
151828
141531
141532
141535
141672
141777
141780
141782
141785
141800
141802
141809
141811
141812
141815
141843
141813
141842
141814
141804
141649
141810
141792
141793
141795
141824
141827
141826
141825
141835
141834
141833
141832
141772
141763
141762
141761
141764
141759
141753
141758
141757
151610
151609
141685
141686
141750
141751
141722
141723
141755
141721
141710
141711
141709
141708
141665
141664
141681
141680
141656
141749
141666
141683
141687
141693
141754
141752
141756
141760
141820
141790
141791
141788
141786
141779
141678
141673
141677
141689
141691
141695
141696
141690
151678
151819
151822
141669
141654
141657
141655
141653
141682
141684
141688
141676
141675
141671
141679
141692
141694
141821
141823
141794
141789
141787
141803
141801
141799
141784
141783
141781
141796
141645
141625
141644
141643
141619
141617
141618
141620
141616
141623
141614
141613
141602
141600
141529
141523
141521
141522
141611
141622
141634
141621
141626
141624
141778
141674
141615
141530
141534
141528
141527
141533
151821
141670
141668
141526
141652
141513
141511
141836
140303
140304
140377
140393
140396
140424
140466
140473
141889
141893
141905
141904
141903
141900
141885
140475
140440
140437
140395
140391
140390
140372
140387
140371
141901
141950
141951
141890
140480
140478
140469
140463
140462
140421
140404
140405
140378
140379
140423
140470
141891
141894
141892
141884
140479
140474
140472
140465
140464
140422
140397
140394
140392
140382
140381
140380
140383
140388
140389
140439
140456
140457
141870
141874
141898
141934
141935
141897
141896
141940
141902
141895
141886
140476
140461
140460
140459
140455
141887
141888
141871
140452
140451
140438
151818
140435
151979
141472
141488
151601
151899
151898
148199
151900
151901
141518
141519
141517
141494
141495
151880
141496
141490
141489
141497
141516
151285
141515
151825
151826
141520
141099
141149
141101
141103
142142
142141
141732
141733
141735
141739
141719
141718
141715
141714
141734
141102
141148
141100
139797
141013
141057
144290
146938
141031
141032
141041
141120
141134
141138
141319
141324
141340
141344
141387
141389
141393
141402
141403
141404
141408
141409
141419
151935
141420
141418
141415
141414
141413
141392
141391
141345
141343
141326
141342
141363
141364
141365
141369
141370
141411
141366
141353
141349
141348
141347
141165
141161
141162
141168
141096
141097
141098
141094
141087
141093
141090
141084
141069
141062
141067
140778
141066
140781
141071
142140
141731
141730
141713
141712
141706
141705
141702
141725
141724
140753
140770
140776
140773
140771
140766
141049
140772
140768
140751
140752
141663
151929
141700
141697
141698
141699
141660
141662
151612
141659
140777
141703
141701
140779
141727
141728
141704
141707
141729
140780
140774
140775
141063
141061
141065
141076
141082
141081
141080
141145
141142
141146
141159
141136
141140
141122
141118
141079
141078
141042
141039
141038
141073
141060
141058
141046
141044
141045
141047
141048
141051
140767
140765
140759
140764
140769
140750
140749
140748
140743
140747
140746
140683
144191
140680
140679
140681
140685
140735
140740
140734
140732
140737
140755
140739
140754
140724
140708
140725
140758
141010
141009
141011
141008
141012
150398
141016
141018
141023
141027
141028
141106
141112
141124
141129
141309
141313
141327
141336
141337
141338
141339
141381
141396
141397
141401
144194
141399
144202
144203
141394
141395
151729
141308
141307
141306
141300
141295
141294
141288
141292
141291
141304
141303
141271
141289
141265
141264
141268
141277
141283
144184
144188
146856
146857
144189
151858
151859
144190
144187
141285
144182
151946
144183
144180
144181
151947
151761
141274
141272
144179
141260
141281
141275
141267
141266
141262
141261
141191
141190
141236
141235
141227
141225
141230
141231
141239
141286
141240
141233
141243
141244
141245
141250
141251
141247
141219
141217
141214
141211
141212
146943
141210
141229
141218
141209
141207
151879
141222
141221
141223
141187
141188
141182
141184
141183
141185
141253
141254
141255
141181
140857
140858
140856
140854
140847
140848
151762
151763
140843
140844
140853
141173
141175
141176
140948
140952
141192
141193
141196
141200
141198
141197
140973
140977
140972
140958
140965
140969
140971
140974
140967
140966
140950
140951
140949
140945
140934
140944
140943
140841
140840
140839
140835
140834
140830
140831
140932
140931
140928
140930
140929
140939
140936
140941
140938
140954
140899
140905
140901
140902
140904
140915
140916
140897
140882
140895
140890
140889
140892
140893
140891
140812
140816
140815
140811
140809
140810
140887
140885
140862
140863
140871
140864
140867
140880
140875
140876
140883
140874
140878
140877
140593
140584
140583
140873
140868
140592
151926
140591
140866
140869
140865
140589
140590
140587
140588
140585
151878
140565
140586
140861
140799
140888
140886
140872
140881
140870
140884
140879
140594
140614
140900
140898
140896
140937
140894
140927
140829
140817
140836
140933
140935
140940
140942
140956
140957
140970
140975
141195
140968
140953
140947
141174
140946
140851
140846
140845
140842
140852
140849
140850
151840
140860
151806
140859
140855
141177
141180
141179
141202
141203
141194
141201
141199
145124
140987
140990
140986
140991
140984
140981
140983
140994
140982
141110
140961
141105
141022
141021
141020
140923
140926
140925
140959
140976
140979
140964
140962
140955
140924
140919
140918
140917
140912
140911
140910
140914
140913
141014
141002
141017
141001
141003
141006
141004
140997
140999
140719
140713
140715
140716
140717
140998
140721
140720
140722
140706
140705
140699
140700
140662
140703
140660
140731
140730
140659
140671
140673
140674
140672
140670
140664
140634
140663
140665
140666
140635
140637
151937
140638
140652
140653
140633
140651
140650
140628
140627
140626
140625
140645
140649
140647
140692
140696
140697
140695
140694
140693
140604
140605
140621
140623
140714
140908
140624
140622
140619
140615
140617
140616
140613
140612
151765
140606
151764
140607
151893
140609
151892
140602
151891
140603
140601
140600
151890
140595
151889
140596
140579
140580
140582
140646
140643
140641
140640
140639
140576
140575
140581
140574
140573
140578
140577
140608
140610
140611
140620
140618
140597
140599
140598
140691
140690
140689
140644
140642
140648
140632
140631
140630
140636
140656
140655
140661
140654
140658
140657
140701
140707
140698
140710
140711
140712
140709
140718
140995
140996
141000
140909
140906
140907
140903
140920
140921
140922
140963
140960
140985
140980
140989
140978
141178
141204
141206
141205
141208
140993
140988
140992
141213
141215
141246
141242
141232
141228
141224
141234
141189
141186
141256
141258
141259
141257
141273
144186
144185
141284
141282
141279
141278
141269
141263
141226
141237
141238
141280
141270
141290
141287
141241
141249
141293
141299
141301
141305
144192
141302
141385
151748
141382
141384
141332
141331
141329
141330
141317
141312
141311
141131
141126
141127
141115
141116
141109
141108
141114
141132
141328
141315
141297
141335
141298
141296
141252
141316
141248
141314
141220
141310
141216
141130
141128
141125
141123
141113
141111
141107
141029
141026
141019
141024
141015
141007
141005
140726
140727
140728
140757
140729
140756
140723
140702
140704
140738
140736
140733
140675
140676
140678
140677
140668
140667
140669
140548
140549
140684
141661
141658
151611
140682
140742
140686
140687
140688
140744
140745
140760
140741
140763
140762
141043
140761
141059
141036
141034
141141
141075
141074
141056
141050
141052
141053
141064
141083
141068
141070
141072
141095
141077
141143
141147
141144
141160
141346
141163
141164
141166
141167
141352
141351
141322
141350
141321
141367
141368
141410
141417
141407
141406
141405
141390
141400
141398
141386
141388
141383
141334
141341
141333
141325
141323
141320
141318
141139
141137
141135
141133
141121
141119
141117
141040
141035
141033
141030
141025
144337
141054
141037
141055
144776
139798
144204
140309
140308
140301
140300
143909
140319
140400
140401
140416
140425
140508
140510
140530
141947
141953
141954
141956
141957
141960
141979
141976
141992
141994
141995
142001
142006
142007
141999
141990
141986
141985
141987
141977
141964
141974
141966
141958
141949
141946
140535
141963
141965
141967
141747
141983
141982
141973
141972
141969
141971
140542
140538
140540
141970
141748
140539
140541
140536
141968
141981
141998
141997
141980
141978
141975
141959
141955
141948
141952
140531
141943
141944
141945
141941
140477
140525
140471
140429
140428
140420
140399
140403
140316
140315
140313
140314
140317
140398
140419
140468
141942
140529
140534
140533
140532
140523
140522
140521
140537
140505
140504
140502
140506
140491
140489
140355
140348
140338
140340
140488
140483
140484
140487
140501
140496
140513
140498
140497
140499
140511
140514
140517
140526
140515
140512
140495
140410
140493
140415
140414
149310
149313
151986
140370
140333
140332
140331
140330
151777
151778
151773
151772
140323
140322
140320
140481
150469
140412
140482
140344
140341
140342
140411
140407
140408
140321
140413
140409
140494
140486
140485
140345
140343
140346
140339
140336
140337
140354
140492
140490
140500
140503
140509
140516
140518
140528
140527
140524
140507
140467
140427
140426
140418
140417
140406
140402
140312
140318
140311
140310
140347
150813
150809
150810
150807
150808
150815
140363
146969
146968
151981
151978
151977
150765
140356
140364
140352
140357
140353
140351
140350
140349
143860
151817
140335
140334
150812
150811
150806
150805
150804
150803
140543
140552
140786
140794
140801
151874
151875
150826
151897
151925
146936
140791
140792
140790
140789
140787
140783
151614
140782
140784
151657
151824
140819
140820
140822
140818
140821
140824
140825
140837
140826
140838
140827
140828
140832
140833
140814
140808
140807
140806
140800
140796
140555
140554
140545
140546
140547
151665
140550
140557
140558
140559
140560
140562
140563
140564
140556
140561
140797
140798
140813
140805
140804
140803
140823
140802
140795
140793
140785
140553
140551
140544
149164
