3728
255137
255139
236032
236033
235981
255138
255140
255141
255142
255143
255172
255173
257574
255175
262004
262005
262461
262456
255363
255180
255174
262435
255170
255179
262554
262552
262553
255178
255359
255358
255361
264182
255360
255168
255169
255167
255165
255164
255161
255144
255145
255147
255146
255148
255149
262444
262441
262443
262442
255151
262935
255150
255152
255160
255099
255127
255153
255069
255128
255130
255129
262335
262332
255131
255133
255134
255068
255067
255096
255091
255093
255092
255095
255102
255103
262934
255119
255126
261616
255107
255113
255105
255114
255115
255110
255109
255108
238829
238828
255112
255116
238904
238861
238864
238865
255120
238860
238905
262350
255111
255101
255098
255106
238823
238824
255117
255118
255100
255094
255071
255097
255166
255154
255155
255157
255159
262351
262352
255171
262445
255156
262440
255132
255135
255136
254941
254942
254944
254947
254949
254948
254945
254950
254953
254954
254955
254951
254978
262477
254979
254981
254983
254982
254985
254984
254980
254986
262908
263346
263345
254958
263347
263348
263349
254957
261066
261068
261067
263350
254952
254956
254961
254959
254963
254966
254967
254992
254993
254998
255005
255006
255010
255077
255081
255082
255084
255083
262481
255079
255080
255076
255078
263449
255075
255007
262937
255011
255013
255016
255017
255018
255313
255312
255314
255315
255316
255345
262474
255344
255352
255124
255121
255125
259407
259406
262478
255162
255163
262479
255122
255123
255014
255015
255085
255087
255086
255009
255008
255012
254999
254994
254991
255036
254965
254964
255038
255039
255040
255052
255053
262354
262353
264258
255050
255049
255046
255047
264205
255048
255062
255051
262346
255063
255061
255043
255044
255065
255090
255073
255088
255089
255057
255059
262347
255064
255060
262357
262358
262359
262355
262356
255056
255055
255041
255070
255042
254988
254987
254962
255032
262331
255033
255029
255030
262344
262341
262342
262345
262343
255034
255037
255027
255035
255026
254960
255024
255025
255186
255187
261148
261160
262668
261159
261655
262657
262678
262670
262679
262669
262671
262665
262672
258686
262666
255188
262667
258685
257892
262682
263811
262680
262681
257891
257872
257889
262697
262698
262694
262696
262695
264199
264201
264200
262692
262693
257870
257869
257868
257867
257865
257856
257866
257871
257864
257857
257858
257854
257855
262868
262865
262867
262866
257894
262699
262683
262684
257873
257890
262677
262673
262674
262675
262023
262024
258702
262664
262661
262662
263714
262663
258703
258704
262659
262660
264196
264195
264197
262676
262700
258740
258741
262658
258742
264198
258743
258744
258745
258746
258859
258848
258855
258856
258858
258861
258747
258857
258860
258865
258816
258871
258870
258850
258851
258790
258802
258803
258811
258819
261645
258808
258821
258820
258815
258822
263717
258814
258813
258825
258827
263719
258826
258824
258823
258794
258799
258801
258800
263352
258818
258795
263428
264315
263429
258792
258793
258798
258797
258785
258786
258787
258796
258779
258780
258699
258847
258846
258698
258781
258783
258782
258778
258697
258696
258695
258693
258694
258784
261272
258776
258775
258771
258774
262027
262028
258772
263070
263069
258773
258777
258791
255338
258805
258806
258807
263718
258809
255339
264327
258810
258789
258788
258812
258817
258748
258854
258852
258853
258849
258739
258706
252851
261149
261162
262688
261161
261150
261151
257896
252852
257897
262687
257901
257902
257906
257907
264202
257908
257913
257909
257910
258700
258712
258701
262686
257893
258707
262685
258705
258708
258714
258710
258726
258727
258711
258749
258709
257911
258715
257903
257904
258716
261636
258717
258722
258725
258723
258724
258720
258713
257882
257895
262815
238924
238942
257859
257860
255279
255280
255320
255321
255299
255298
254935
254972
254973
254974
254977
255208
255216
255215
255257
255293
255296
255295
255297
255304
255305
255303
255306
255337
255332
262007
255335
255334
255333
261545
255331
255288
255291
255301
255287
255289
255290
255286
255283
255262
255261
255282
255281
255223
255221
255222
255355
255231
255229
261546
255228
255245
255243
255246
255247
255252
255253
255336
258804
255248
255249
262006
255238
255236
255237
263303
263302
263304
262026
255192
258690
258687
258688
258689
261653
258691
255191
255233
255232
255234
255204
255239
255203
255205
255202
255197
255194
255193
254975
254976
255184
255185
255183
255198
255206
255199
255200
255224
255226
255225
255201
255227
255195
255189
255196
255190
255235
255241
255242
255240
255244
262003
255219
255218
255217
255211
255213
255212
255255
264193
264194
255260
255220
255263
262476
255250
255251
255329
255330
255292
255302
255300
255294
255284
255285
255209
255210
255214
255254
255207
255341
255342
255000
255002
255001
255267
255276
255270
255271
262475
255003
255275
262483
263450
262482
262485
262484
255004
255274
255308
255343
255322
255325
255328
255340
255326
255324
255323
255307
255278
255272
255277
255268
255256
255258
255259
255327
255310
255311
255317
255346
255347
255349
255350
255351
255353
255318
255348
255319
263293
255309
255273
255269
255266
255354
255357
259136
259140
259142
263289
263285
263286
263288
263287
259141
259125
259126
262533
262532
262534
259143
259186
262525
262530
262526
262529
262528
262527
259145
259144
262531
259137
259138
259139
263291
263290
263292
259220
259278
262614
259221
262617
262615
259251
259252
263295
263294
263964
264263
259253
259255
263358
259250
259256
259257
259254
259288
259247
259248
259262
263301
259260
259261
259263
259264
259265
259266
259181
259185
259240
259241
259319
261175
262576
261174
259320
262194
262195
259328
259317
262016
259330
262574
259329
259333
259332
259334
259331
259327
259326
259325
259321
259324
259322
262013
259318
259323
259316
259184
259234
263313
259233
263314
259229
263315
259228
259230
259235
259231
259232
259246
259245
259242
259237
259218
263305
259236
259182
262486
236826
259376
259378
259398
259400
259404
259403
259399
259401
259402
259405
259397
236827
262018
262608
262025
259377
259379
259423
263000
260684
259422
259413
262999
259411
259410
259409
259408
259393
259826
259828
259827
259830
259829
259808
263022
259800
259807
259806
259798
259799
259801
259394
263741
262210
262211
259795
259797
263017
259412
262607
259391
259392
263007
263008
263738
263768
263769
259383
261647
263739
259390
259389
259385
259386
259388
259315
259387
259314
259299
259311
259763
242744
259762
259287
242745
259312
259794
259309
259313
259310
264226
263012
259300
263744
261428
261429
262300
261446
261980
261447
263011
259289
259290
259296
259295
259301
259303
259293
259294
259305
259304
263339
263354
263355
259381
259380
263356
263357
262021
262022
259306
259291
259292
261270
261271
261169
249771
259352
259351
262609
259349
259350
249765
249766
259347
259346
259348
259344
259342
259345
259341
259268
259267
259337
259338
259339
259340
259335
259336
259271
259270
259276
259277
259275
259273
259274
259272
259343
259269
259258
259259
259297
259302
263353
262910
259308
263010
259307
259384
259382
259298
257843
257842
259189
259054
259071
259009
259068
262726
259067
259080
259063
259085
259093
259091
262616
259222
259224
259223
262618
262619
259225
259226
262621
259082
259083
262623
262624
262625
262626
259219
262627
259216
262622
259088
259217
259092
262620
259086
259089
259090
262634
262635
259060
259084
262656
262655
259070
259188
259072
259069
259073
259074
259077
261163
262629
262628
262631
262630
262717
262632
262633
259163
259215
259159
262715
263308
263310
263309
262714
262716
259164
261069
263307
263306
259158
259156
259157
258943
258942
258936
258937
262719
258933
258931
258932
258938
258940
258939
258929
258927
258923
258886
258882
258885
262743
262745
262744
258884
258903
262739
262741
262740
262737
262738
262731
262732
262734
262733
258768
258770
262032
262033
258769
258982
258986
258979
258981
258980
258984
258985
258977
258976
258978
258983
262034
258731
258718
258719
258737
258738
258947
258987
258734
258735
262031
258733
258732
258736
258730
258756
258767
258729
258728
258930
258935
259065
258905
262746
258934
258904
258907
262720
262722
262721
262725
262724
262728
262730
262729
262727
262742
258906
259012
262749
261166
258941
261164
261165
262718
259076
259087
258894
259227
259249
258928
259146
236716
240587
240589
259127
259129
255356
259128
259131
259130
244782
259135
259147
259132
258926
258925
259134
262703
258840
258844
262702
258924
258839
258838
258831
258832
258912
258913
258920
258921
258922
258915
258911
258916
258918
258843
258842
258919
258910
258908
258909
258899
258900
258902
258917
258901
258892
258891
258893
258877
258876
258887
258896
258890
258889
258830
258828
262701
258829
258834
258836
258837
258845
258835
258841
258888
258874
259746
258873
258866
258867
258869
258864
258752
258878
258751
258862
258863
258868
258875
258897
258895
258898
258914
258833
259133
240588
236717
258881
258883
258123
258124
258125
262103
258126
259003
259004
259005
259024
259025
259027
263460
258208
259030
259032
262789
262113
262114
259031
262102
262791
262792
259039
259037
259038
259034
259029
259035
259094
259098
259100
259099
259097
262651
262652
262653
259096
262654
259036
262650
259095
259119
259120
259570
259107
259101
259105
259017
259021
262751
259020
262643
262644
262648
259033
262649
259026
259028
259061
259103
259104
259106
259102
259062
262642
263453
262638
262639
262641
262640
259108
259109
259111
259110
259113
262611
259112
259116
259122
259123
259124
259607
259597
259608
259598
259121
259114
259115
262610
259040
262793
259042
259043
263049
263050
259045
259584
259589
259585
259044
259569
259590
259583
259582
259571
259572
259117
259568
259579
259578
259581
259580
259041
262906
263051
263053
263052
259434
262890
262894
262893
259427
259118
259013
241021
262750
241013
241014
262753
241025
241026
240997
241030
241034
241031
264265
264264
240998
241019
241022
262748
262752
259015
259014
259011
259018
259023
263342
259055
262645
262646
259058
262647
259057
259056
259059
259047
259046
259050
262012
259051
259052
259053
262637
263422
262011
259049
262636
259048
259064
262691
262690
262689
259010
259016
259019
259022
258988
259243
259282
259281
259284
259286
259285
259244
259280
262613
262612
263296
263298
263297
263300
263299
259279
259283
259750
259751
263015
263014
259752
259753
263016
259171
259172
262502
262504
262503
262501
263278
263280
263279
263282
263281
263284
263283
262505
259148
262704
262705
262706
262707
262709
262708
259150
262710
259149
259155
262711
259154
259170
262008
259173
262493
262495
262491
262494
259183
262492
259174
262497
263720
262496
262499
262498
262500
259179
259180
262487
259178
259177
259175
259165
263316
263311
263312
259176
259153
259160
262713
259168
259169
262712
259151
259152
258750
258760
258879
258880
258763
258764
258766
258765
258758
258755
258759
258762
258753
258761
258754
258757
262747
262029
262030
257861
262863
262864
262833
262832
262834
262836
262837
262856
262855
262853
262854
263713
262850
262851
262852
262848
262849
262846
262847
262838
262839
262845
262843
262844
262840
262842
262841
261152
261153
262857
262858
257863
262859
262862
262861
262860
257862
257880
257878
257881
257879
259362
259363
259364
259366
262604
259365
259367
259370
259368
259369
264151
259375
262606
258078
261635
257960
257961
258065
261637
258077
258079
258080
258108
258109
258110
258076
258070
258071
258072
258094
258096
258095
258093
258097
258099
258105
258107
258114
258116
258120
258113
258997
258998
258996
258103
258100
258090
258087
258089
258084
258086
258088
258115
258112
258117
262095
258104
258102
258106
258101
258098
258091
258092
258073
258067
258064
258066
258063
258074
262090
258068
258069
258075
258111
258180
258182
258181
258192
258118
258119
258122
258121
258179
258183
258188
258189
258185
258187
258186
258184
258191
258193
258172
258171
258173
258168
258169
263317
258170
258165
258159
261646
262089
261639
258160
261640
258161
258162
258137
258139
258138
258175
262101
258174
258142
258151
258152
258143
258141
258136
258190
258163
258164
258166
258167
259001
259002
259007
259006
258176
258199
262763
258200
258203
258201
262762
258202
263455
258177
258178
258196
258197
258204
262757
262758
262761
262760
262759
258198
258205
258194
258195
258206
258209
258211
258210
258229
258231
262794
262795
258230
258232
258234
259424
259425
259426
258233
258235
258248
258207
262806
262807
262809
262808
262828
262824
262826
262825
262827
262817
262818
262823
262820
262822
262821
244102
262811
262813
262812
244084
243830
243829
262810
244157
244545
244680
244668
244681
244667
244699
244813
244692
244781
263612
244691
244694
244687
244685
244688
244690
244689
244682
262835
244686
244816
244814
263733
244104
244684
244683
244103
244679
244665
244408
244534
244417
244421
244418
262805
262816
262801
262802
257887
257898
262086
262087
257962
257899
257900
262035
257963
257888
257964
257967
257974
257973
258021
258022
258024
258026
258028
258048
258049
258031
258030
258006
258004
258027
262078
258944
258945
258721
258946
258948
258953
258019
258018
258017
257905
258023
258020
257971
257972
257966
257965
257970
258016
262814
257876
257877
257874
262830
257875
239177
263963
239175
262829
239176
257917
257883
257924
257927
257885
257925
257929
257940
257939
257938
257928
257926
257886
257884
257930
257932
257933
257919
257922
257921
257923
257946
257947
262797
257937
257941
257935
257936
257934
257952
257949
257943
257945
262091
262092
262755
257944
257951
257950
257942
263323
262831
257948
257953
257955
257980
257979
262079
257989
257990
257999
262080
257995
261155
261154
257968
257994
257978
257969
261157
257993
262082
257998
257957
257984
257983
257985
257981
257982
257988
262081
257977
257975
257986
257976
257987
257956
257954
239183
257920
263331
257918
257931
262798
257916
257997
262084
258003
239122
239125
239127
239129
262784
239128
239130
239145
239147
262783
239146
239151
239152
239153
239156
239155
239154
239195
239199
262775
262776
262768
262777
239201
262769
239200
262767
262100
239204
262766
258131
262765
262770
258133
258132
258129
258140
258130
258127
258128
262788
262771
262772
262773
258134
258135
239193
239194
262786
262785
239197
262779
262781
262780
262778
240598
264192
240599
240614
239196
262782
239123
239126
239190
263809
257958
257959
258007
258001
258005
258008
258002
262083
238901
238902
238903
238906
238912
261168
264063
238923
238925
238926
264060
238927
238930
263097
264015
263096
263101
263430
263099
263100
238928
238929
263652
263653
263102
239028
239173
239174
262799
262800
238943
238944
263329
263330
257915
263962
257914
239029
263328
239026
239025
239027
239024
239023
238916
238915
238913
238914
259439
259457
259453
259458
259459
259461
259460
259456
259454
259455
259435
259436
261508
261497
262206
262204
259452
259451
259448
259450
259449
259444
259440
263054
259437
259441
259438
263055
4156
4155
4152
6420
4154
4188
257715
257717
257716
257725
257724
257712
257737
257713
257730
261076
261078
257701
257710
257711
257709
261074
262369
261075
262368
257696
257694
257693
257695
257733
257735
257736
257740
257741
262377
257734
257739
257738
257731
257803
262465
257802
257788
257796
257795
257789
262372
262370
262374
262373
262375
262378
262376
257794
262997
260829
262998
260824
260825
262960
262961
257778
257784
257783
257786
257781
257687
257697
257698
263436
257686
257688
262381
262380
262379
257773
262993
257772
257776
262994
257685
257691
257648
257646
257645
257644
257641
257642
262365
261084
262366
257667
257668
257670
257673
257664
262360
262364
257679
263274
257683
257690
262361
257689
257682
257684
257678
257665
257666
257669
257636
263275
257635
257662
263464
257663
257657
257656
257659
257660
257661
257653
257602
257680
263276
257681
257603
257652
257654
257655
257658
257651
257598
257599
257597
257596
257595
257633
257632
257630
257634
257647
262431
257785
257775
257777
260822
262996
263728
262995
260823
263006
263361
260826
260827
260830
260831
260843
260834
260828
260835
262992
244849
244850
257787
257792
257793
257797
257798
260833
263359
260832
257732
257727
262371
257728
257780
257779
257782
257692
257676
257677
257700
257704
257705
257706
257707
257702
261072
257703
261073
257729
257718
257719
261080
261077
257723
257721
257720
257722
257708
257714
257699
4153
4268
4266
4267
18
6362
19
4301
4307
4313
4315
20
22
4321
4303
4320
4244
4304
4322
4243
4238
4242
4241
4239
4240
4233
4232
4229
4231
4228
4230
21
4323
4324
4234
4236
4265
4299
4262
4264
4261
4226
4227
4249
4221
4255
4256
4222
4257
4258
4251
4254
4259
4269
4270
4271
4310
4311
4318
4319
4353
4349
4350
4351
4352
4356
4354
4355
4357
4358
4359
4360
4361
4362
4365
4366
4367
4363
4364
4394
4396
4398
4400
4401
4399
4397
4395
4298
4347
4388
4389
4391
4402
4390
4393
4392
4387
4379
4380
4377
4381
4383
4382
4378
4385
4386
6465
4384
4371
4372
4296
4295
4285
4283
4284
4278
4282
4281
4279
4286
4368
4370
6402
4369
257742
257804
4219
4220
4276
4288
4280
4290
4329
4326
4328
4327
4292
4330
4331
4332
4334
4333
4289
4287
4277
4260
4272
4273
4275
4325
4312
4291
4339
4345
4340
4341
4338
4216
4213
4214
4212
4210
4211
4245
4246
4209
4187
4237
4198
4199
4200
4201
4207
4208
4205
4197
4202
4203
4204
4215
4218
4217
4191
4189
4192
4194
4193
4190
4159
4157
4158
4160
4161
4162
4163
4165
4164
4167
4171
4172
4173
4177
4182
4183
4181
4174
4179
4180
4175
4185
4225
4250
4223
4224
4176
4178
4196
4195
4166
4168
4169
4170
4184
4186
4206
4293
4294
4297
6470
4346
4348
4344
4342
4343
4336
4337
4335
4317
4316
4274
4309
4252
4253
4247
4248
4235
4263
4314
4302
6464
4305
4306
4308
4300
5821
260981
260974
260744
260973
260741
260743
260742
260975
260976
262971
261425
260978
260982
260979
260980
260750
260748
260749
260746
260747
260752
260753
260751
260754
260756
260755
262959
260739
236979
260939
260806
262958
236980
260805
260807
262955
260808
260809
260811
260810
260816
260817
260818
260820
260821
262965
260819
260813
260938
262967
262966
262969
262968
262970
260729
260780
260781
260779
262929
260783
260784
262938
262939
260814
262956
260728
260736
262945
262947
262946
262944
262949
262951
262953
262952
262950
262948
262954
260735
260730
260732
262943
260893
262942
260686
260687
262599
260685
260688
260791
260792
260812
260936
260731
260738
260740
260745
260733
260737
260734
260757
259361
259372
262591
262589
262590
259371
259373
259420
260617
262600
262602
262601
259374
262020
262019
262605
260616
260683
259421
259419
260674
260682
260693
260690
262603
260689
260692
260691
260681
260673
260656
260664
262568
260663
260665
260708
260758
260759
260712
262561
260711
260723
262560
260722
260724
260725
262558
262557
262559
260777
260778
260776
260727
260714
260716
260718
262555
260717
260720
260721
260726
260713
260697
260698
260699
260696
262565
262563
262564
261095
261096
261097
260676
260715
261101
262556
260700
260701
260710
260719
262562
260678
261652
260709
260761
260679
260706
260707
260703
260704
260705
260695
260694
260702
262567
260675
260680
260677
262566
5706
5695
5707
5696
5708
5724
5704
5709
5705
260943
260942
260940
260904
260804
260803
260800
260802
260801
260907
260937
260941
260905
262990
260769
260767
260768
260771
260772
260773
260774
260782
260770
260641
260642
260646
260645
260653
262572
262569
262571
262570
264246
264247
264248
260654
260655
260659
262538
262539
262535
262536
262537
260661
246486
263650
259209
262540
259208
259210
259211
259213
259212
259206
262588
259196
259207
259192
246487
260629
264245
260640
260644
260643
257767
257768
257769
257770
257771
257774
235938
235939
263362
263722
260648
260650
263723
263800
260649
260652
260651
260660
260657
260658
260662
260627
260647
260636
260637
262547
260633
260638
260632
261547
262010
262009
260639
260628
260634
260631
260621
260630
260622
262546
260618
260619
260626
260623
257756
260625
264183
264185
264187
264186
264184
257753
257755
257751
257754
257758
257759
257760
257752
257764
257761
257762
257763
257765
257766
262957
257750
257749
257747
257748
257746
260635
260624
239291
255362
239292
257744
257743
257745
239577
239584
260837
262991
260670
260668
260671
260672
260894
260667
239578
239761
239762
260787
260789
260790
261098
260797
260796
260798
260799
260785
260775
260766
260760
260666
260669
260762
260763
260764
260765
260788
260786
259203
259204
262578
262577
262580
262579
262582
262581
259353
262575
259354
259355
259358
259418
262017
259417
259416
262592
262594
259360
262593
259356
262596
262595
262597
262014
262015
259359
259357
262598
259414
259415
262573
259190
259193
260620
262545
262544
262551
262541
262543
262542
262550
262548
262549
259191
5733
5734
5748
260964
260960
262983
264342
262989
260963
260961
262982
260935
260957
260962
260958
260934
260959
260931
260933
260955
260932
5746
5747
260951
262984
262985
262986
260949
262987
260950
260948
260928
260929
260945
260944
260930
260908
260906
260909
260903
260924
260925
260927
262978
260920
260921
262981
262979
262980
260919
260922
260923
260917
260918
260953
262977
260954
262975
262976
260956
260965
260968
260969
260970
261025
261024
261027
261036
261037
263441
263443
261044
261043
261038
261048
261051
261049
261052
261050
261022
261053
6228
6227
6232
6231
261045
261047
261046
261033
261035
261032
261034
261029
261031
261028
261030
6225
6226
6230
6229
6256
6252
6253
6254
6257
6255
6233
6251
6237
6250
6215
6213
6214
6216
6218
261041
6222
6360
6219
6223
6221
6217
6224
5737
6234
5775
6235
5774
5778
5779
5780
5773
5768
5771
5770
5739
5735
5736
5738
6220
261042
261026
261039
261040
261023
261001
261007
261006
260995
261013
261018
261020
261021
261016
261017
261019
262472
260997
260998
260994
260992
261014
260990
260991
261009
261012
261010
261015
261011
260985
260869
260868
260867
260993
260875
260883
260884
260989
260986
260987
260885
262467
260977
260983
260874
260882
260880
260889
260888
260887
262973
260881
262198
260886
260879
262974
262962
262963
260878
260842
260840
260841
260895
260793
260795
260838
260839
260896
263997
260794
260836
260844
260845
260876
263439
260877
235927
235928
260890
260892
261005
262463
262468
262464
260870
260871
257824
257825
257823
260872
260873
260988
260996
260999
261000
261002
261003
261004
261008
262469
262470
262471
239241
239240
239286
255019
263881
260967
260891
260966
262964
261099
262196
261100
260913
260916
260915
262941
260914
260897
260899
262940
260898
260900
260901
260910
260911
260912
260902
260926
5749
4373
4375
4376
4374
257829
257834
257827
257826
257821
257822
262480
257820
257819
257812
257815
257816
257817
257813
260865
260866
262473
260863
263445
263444
263446
263447
263448
260864
260862
260861
260860
260856
262197
260855
260859
260847
260857
260858
262466
260853
260854
260852
260846
260849
260851
260850
257805
238955
239192
238956
238954
236019
238908
238960
238907
257809
257808
257807
257810
257799
257806
236020
238957
239191
239131
260848
263442
263438
263440
257800
257811
257814
255176
262430
257565
262340
262406
262339
262401
262402
262405
262337
262403
257567
262338
257566
257576
262404
257575
257577
257569
257570
262426
262407
262410
257579
262408
262409
255177
262333
262336
262334
262429
262428
262184
262427
257578
262438
262439
257581
262457
262454
262453
262450
262451
262449
262448
262447
264181
262446
262001
262000
262455
257580
262458
262460
262459
257584
262462
257583
257757
262390
262392
262391
262452
262394
262393
262396
262395
262432
262397
262434
262433
262437
262436
257587
262400
257588
257618
257619
257620
257616
257626
262382
262384
262383
262362
261087
262363
257624
261088
261086
262398
263435
263437
262385
262386
262387
262388
262399
262389
263432
263434
263431
263433
257611
257608
257609
257612
262367
257610
257604
257591
257590
257592
257572
257589
257573
257621
257571
257605
257606
257607
257617
257585
257586
257615
257582
257613
262412
262411
262414
262413
262416
262418
262417
262415
262420
262419
262425
262421
262423
262422
262424
257593
257594
257600
257622
264178
264179
264180
257623
257601
257629
257639
257637
261079
261082
261085
261083
261081
257640
257638
257643
240527
258959
258958
258058
258059
258964
258965
258963
258966
258967
258990
258993
258971
258999
258972
258975
262096
258973
258974
258970
258968
258969
259000
258991
262094
261156
262093
258995
261158
258994
258992
258085
258081
258082
258042
258044
258045
258060
258055
258053
258054
262036
257850
258960
257851
262037
258057
258056
262040
262038
262070
262071
262074
262069
262076
262075
262077
258949
258955
258957
258951
262047
258950
258952
258954
262065
262048
262058
262063
262064
262057
262066
262068
258051
258038
258039
258040
258036
258043
258015
258011
258010
258009
258013
258012
258014
258034
258035
258050
258032
258033
262039
258041
258037
258083
258062
258061
258962
258961
258956
240528
240531
240535
240536
262088
240537
240557
259008
240558
240529
258989
240530
240559
240567
240532
240561
240560
238328
238326
238329
238327
254911
254912
254914
263093
263089
263090
254922
254908
254923
254927
254928
263214
254925
254929
254968
254969
254970
254971
264334
264333
254930
254932
254940
254939
263213
254931
254936
254934
254933
254917
254916
254938
254937
254921
254920
254918
254919
255182
255181
254926
254943
254924
247321
247322
261071
261070
254909
263092
254907
254910
263215
254946
254913
259194
259197
262518
262519
262514
262515
262517
262516
262508
262510
262511
262513
262512
263721
262509
262586
262587
262506
262507
259198
259201
259202
262585
262584
262583
259199
259200
262490
262488
262489
263451
259195
262521
262520
262523
262522
262524
263452
