3941
92992
92993
95755
97876
95729
95728
103047
95742
95739
95740
95737
95741
95743
95750
97862
97863
97861
95749
97860
95748
95751
95747
97864
97867
97895
97871
97870
102552
102553
97873
97872
97897
97896
97894
97866
97865
97874
97875
97901
97967
98060
103048
98062
98065
98061
98063
98064
98069
98070
102539
102538
98071
98075
98068
97974
97972
97970
97971
97969
97968
97952
97953
97955
97956
97918
97919
97954
95725
95738
101900
102454
102455
101902
101899
101901
101903
97746
102453
97747
97795
97796
102456
102457
102458
97902
97903
97898
97890
97888
97892
101896
97891
97893
98026
98028
98029
98031
98034
98035
98036
98037
98046
98047
98048
101824
98052
98032
97851
97850
97854
97868
98033
98030
97889
97899
97900
98153
98156
98242
98245
98248
98246
98255
98253
98252
98243
98054
98251
98247
98244
98055
98059
98256
101825
98257
98339
92170
92171
102536
98053
97910
97904
101898
101897
102537
97906
97905
98038
98039
98040
98042
98041
98057
98110
98111
98077
98076
98074
98109
98066
98072
98073
102560
98056
97342
97343
97959
97958
97923
98112
98343
95523
95554
102459
95524
95191
95187
95185
95186
95332
95331
102116
95248
95249
95189
95190
95207
95205
95192
102114
103195
103194
95333
95415
102115
95414
95334
95336
95338
95340
95341
95421
95419
95416
95420
95417
95418
95422
95423
95424
95425
95426
95427
95431
102543
102544
102546
95429
95430
102545
102547
102550
102548
95433
95432
102551
95611
95234
95235
101752
95621
95623
95624
95625
95638
95629
95626
95630
95656
95664
95666
95631
95720
95632
95668
95716
95721
95714
95715
95667
95670
95669
95665
95660
95654
95661
95663
102542
95662
95651
95652
95618
102541
95617
95615
95612
95613
95614
95527
95616
95526
95555
95525
102540
95650
95657
95653
95627
95628
95655
95622
95619
95637
95639
95641
95640
95620
95610
101743
101753
95659
95658
95671
95780
97907
97912
97913
97921
97922
97920
97927
97957
97963
97962
97973
97975
97877
97911
97916
95445
95444
95446
95447
102549
95633
95634
95337
95345
95328
95335
95339
97924
95177
95178
95222
95233
95232
95229
95231
95228
95226
95223
95224
95204
95203
95206
95209
95198
95227
95225
95230
95559
95583
95586
95723
95726
95731
95732
95736
97857
95608
95609
95604
95607
95727
95730
95724
95722
95603
95596
95601
95600
95602
95605
95606
95591
95599
95580
95581
95597
95598
95592
95587
95588
95590
95589
95584
95585
95582
95560
98044
98045
98239
97852
94843
103181
94844
98249
98250
97855
97856
98051
98049
98050
97842
97821
97822
97841
97843
102122
103233
97817
98027
97807
97806
98024
97886
97732
97731
97727
97728
97726
97725
97808
97810
97812
97814
97840
97818
97819
97813
102487
97809
97811
97835
97836
97837
102466
97848
97834
97833
98241
98240
98237
98236
98238
98233
97830
97831
97827
97824
97801
97803
97825
97802
97823
98234
97832
98235
97829
97828
97826
97804
97720
97729
97730
97885
97733
97805
97815
102121
97816
97820
97849
97839
97853
97838
97847
97844
97846
97845
98152
98146
98149
98150
98151
97887
97884
97883
97880
97882
97878
97879
97881
98025
95193
95194
95196
95197
95199
95200
95202
95201
95195
92702
92703
94870
94867
94872
94873
94874
94868
94869
94409
94864
94871
94880
94881
94882
94895
94894
94896
94897
94900
94901
94903
101914
94902
94950
94943
94941
94944
94939
94945
94935
94936
103166
94932
94934
94899
101906
94938
102179
94933
102047
94928
94893
94937
102893
94931
94890
102894
102896
102048
94929
102280
94884
94940
102890
102891
102892
94942
94947
94892
94891
94883
94877
94879
94878
102895
102603
102602
94885
94886
94887
101977
102282
102279
102278
94862
94863
94859
94856
94858
101904
102349
94857
101905
94860
94861
94865
94866
95143
95144
95146
95147
95145
95122
95123
95124
95126
103118
95125
95140
95151
95216
95217
95528
95530
95538
95539
95569
95570
95571
95573
95574
95575
95576
95544
95572
95558
95557
95556
95552
95551
95536
95550
95533
95535
95537
95534
95532
95531
95504
95501
95503
95502
95505
95499
95500
95520
103122
95517
95518
95521
95548
95514
95515
95522
95516
95507
95510
95511
101917
95512
95513
95506
95509
101806
95508
95498
95519
95549
95553
95546
95540
95547
95541
95542
95545
95561
95562
95563
95543
95215
95214
95210
95150
101910
101909
95496
94951
94953
94955
94958
101916
101915
102734
97433
95529
102354
101912
102769
101913
102118
94952
94954
94904
94875
94876
95497
94898
95121
94819
94821
94822
94825
94827
102346
94823
94824
101911
94826
94820
94818
95119
95117
95118
95120
94408
94920
94921
103179
95021
95001
95020
94998
94997
94990
94987
94986
94996
102998
94983
94984
94975
94976
94978
94973
94977
102997
94713
94972
94714
94974
94715
94710
94716
94711
94712
94717
94999
95000
94988
94989
94706
94705
95023
95022
95024
95026
95086
102319
102341
95164
95087
101751
95165
95176
95162
95161
95163
95184
95188
95115
95113
95114
95116
101792
95110
95108
95109
95112
95107
101918
95106
95100
95088
95089
95098
95102
95101
95104
95075
95072
95073
95074
95068
95067
95070
95069
95071
95103
95105
95111
95097
95095
95096
95085
95083
95079
95046
95078
95081
95076
95045
95041
95042
95043
101919
95033
103148
95035
95034
95039
95047
95048
95050
95052
95054
95051
95065
95064
95063
95057
95056
95059
95058
94731
94733
94734
95055
95038
95036
95037
94729
94730
94728
94723
94724
94725
94732
94735
94736
94745
94744
94746
94743
94741
94740
94739
94747
94738
94742
94737
95060
95062
95061
95066
95040
95049
94721
94722
101750
94726
94727
95032
94981
94979
101803
101804
101805
94982
94980
94985
95053
95044
95082
95175
95158
95182
95183
95221
95220
95219
95218
95179
95174
95173
95171
95170
95169
95211
95212
95213
95134
95159
95167
95154
95153
95157
95155
95093
95092
95127
95128
95132
95141
95142
95149
95135
95130
95091
95094
95084
95090
95029
95031
95152
95129
95131
95136
95133
95168
95160
95180
95181
95172
95156
95077
95028
95027
95137
95139
95138
95148
94967
94707
94702
94708
94709
94966
94969
95006
95018
101907
95017
95009
95010
95012
95015
95013
95014
95016
94970
94991
102604
94993
94992
94971
94995
95005
94994
95003
95004
95011
102318
94968
94807
95002
94806
94803
94815
94816
94814
94804
94810
94817
94808
94809
94797
94800
94802
101908
94801
94798
94799
94805
95019
95025
95030
94795
94793
94794
94697
94791
94796
102733
102732
103120
94792
97427
97426
97430
97431
97432
97428
97429
97435
97436
97444
97437
97438
103265
103266
97469
102335
97470
97476
97479
97446
97484
97447
102347
102785
97471
97480
97482
97483
97485
97486
97491
97490
97481
97488
97736
97737
102747
102762
103267
102742
102763
102766
102765
102767
102764
102741
102743
102739
102740
97666
97667
102348
97738
97413
97415
97424
102046
102044
103264
102045
97421
97422
97423
97455
97425
97414
97416
97417
102043
97474
97475
97478
102961
97472
97477
102109
97463
97473
97489
97492
97495
97494
97456
97391
97532
97534
97533
97538
97539
97452
97460
97500
97501
97545
102514
102516
103149
103150
102515
103170
97544
97543
97624
97623
97546
102098
102112
102903
102111
102442
102110
102904
101984
102905
97536
97535
97537
97453
97493
97496
97497
97499
97551
97550
97498
97547
97548
97549
94539
98294
98232
98293
98295
98297
98296
98298
103000
98291
98286
98287
98285
98225
98292
98230
98224
98226
98227
98228
98213
98207
98212
98208
98203
98201
98217
98216
98222
98282
98288
98283
102993
98277
98280
98279
98305
98306
98307
98270
98308
98309
98320
98315
98318
98319
98560
98563
98559
98562
98314
98313
98312
98317
98561
102527
102843
98302
98300
98272
98271
98273
98274
98268
98265
98264
98275
98223
98193
98194
98263
98189
98191
98220
98190
98154
98176
98177
98188
98192
98136
98155
98184
98260
98259
98262
98181
98258
102736
102737
98261
98180
97642
98178
98167
98169
98168
98171
98172
98183
98140
98141
98138
98139
98165
98161
98162
97611
97617
97620
97619
97612
97613
102108
97641
97645
97643
97647
97644
98254
103180
97618
97640
97614
97601
97615
102841
97579
102842
101737
97580
97616
97599
97597
97588
97589
97590
97593
97594
97595
97596
97591
97592
97568
97569
97602
101894
102851
97575
97576
97578
98130
97629
98131
98132
101895
98121
98122
97564
97574
97559
97557
97558
97561
97560
97556
97554
97552
97553
97487
98119
97785
97555
97563
97562
98120
97632
97628
97608
97603
97605
97609
97581
97582
97600
97577
98129
97573
97572
97571
97565
97566
97567
101988
97587
97586
97584
97585
97583
97570
97604
97598
97606
97607
97610
98135
98133
98134
98166
98170
98164
98163
97622
97621
98179
97646
98185
98182
98137
98187
98186
98266
98267
98299
98303
98304
98301
98269
98278
98276
98281
98221
98215
98214
102852
98199
98198
98200
98196
98195
98202
98158
98204
98157
98160
98197
98159
98205
98206
98209
98218
98219
98284
98290
98289
98229
98231
94540
102846
102845
98173
98175
98174
97541
101822
101996
101985
97630
97631
102099
102906
102748
103263
103262
102102
102103
102100
101986
101987
102101
102105
102104
102908
102907
102909
97634
97637
102107
102106
97635
97636
97639
102738
97638
97784
97786
92653
92654
92655
92658
92661
92659
92660
93245
92657
92394
92393
92397
103109
92395
98449
98450
95841
103225
103226
95842
103249
103248
103163
103162
102665
102666
102667
102668
97540
92396
94577
94578
94579
94592
93246
92642
92641
92648
92649
92650
92622
92643
92644
92645
92646
92647
93247
93248
94917
94916
103153
103154
94906
103178
94905
97392
94911
94909
94910
94912
94913
94915
94914
94922
94926
102049
94923
94925
94963
94965
94964
94962
94959
94956
94957
94948
94949
94924
94919
97394
97367
102091
97397
97396
97377
97393
97378
97366
97375
97364
97361
102082
102081
103152
102084
102083
102085
103151
102087
102086
102088
97365
97390
103167
102345
97464
97466
102096
97627
102517
103169
103168
102050
102051
97465
97529
102097
102900
102902
97530
102901
102060
97459
97458
97462
97468
97461
97467
97457
97454
97420
97418
97419
102276
97402
97403
97404
102073
97410
97411
102518
97395
97398
97399
97400
97401
97412
94492
97443
97445
94494
94495
94496
98043
94497
94499
94509
94498
94500
94510
94514
94511
94484
94483
94488
94491
95903
94562
94565
94563
98115
101789
98116
100615
100635
100634
100418
100609
99738
100413
102708
102710
102709
102712
102714
102713
102711
99739
94490
94489
94568
94570
94569
94572
94571
94574
94573
94576
94575
94485
94651
94642
94648
94649
94650
94486
94487
102756
97523
97524
103160
103161
103159
103164
103165
97525
97526
97531
103171
103172
101983
97527
103156
103155
97519
97520
97517
94580
103157
103158
102068
102066
97518
94581
102067
102069
97385
102070
97384
102071
97383
102072
97386
97528
97389
97379
102077
97381
97380
97382
102076
97388
97387
97376
97513
97514
102062
97512
97515
102057
97516
97374
97368
97371
97370
102059
97510
97509
97511
102760
97372
97373
97369
102897
102898
102078
102079
97505
102058
102065
102061
97506
94507
92355
94520
94521
94567
94566
94515
92357
92359
92360
94561
92371
101749
92383
92382
92385
92618
92640
92392
92390
92391
92388
92386
92387
92389
92617
92616
92373
92612
92615
92613
92614
92374
92365
92366
92369
92368
92363
92364
92375
92384
92379
92381
92367
92370
92362
92361
92358
92356
92378
94522
94523
92377
94519
94518
94517
92376
92380
92619
92620
92621
92623
94502
94503
94508
94516
94513
94512
91981
97776
97778
97779
97787
97788
97789
97791
102840
102839
98142
98126
98143
98144
98145
98128
98127
103106
97783
102524
97782
97781
97508
97780
102731
97771
97772
97742
97745
97751
97750
97740
97739
102761
97734
97735
97749
97753
97754
102757
97764
97765
97774
97767
97766
97768
97770
97769
97797
97798
97800
97799
97723
97721
97722
97711
97712
97694
97714
97718
97724
97717
97719
97715
97716
97713
97690
97689
97691
97699
97700
97707
97708
97794
97703
97706
97705
97704
97679
97678
97677
97760
97758
97757
97676
97675
97669
97668
97662
97661
97654
97655
97650
97651
97652
97653
97680
97673
97683
97684
97687
97688
97696
97695
97697
97674
97682
95595
97681
103177
95594
97671
97658
95593
95567
95568
97649
97648
97656
97657
97663
97670
97672
97701
97702
97698
97692
95746
95744
95745
97693
97710
97709
97793
97792
97762
97761
97759
97763
97659
97660
102053
102052
102916
102917
102745
102899
102746
102054
102056
102055
97756
97748
97755
97743
97744
97741
97502
97503
97504
97507
96497
98125
97790
97775
97777
96498
97773
97752
91982
97542
102662
102664
102663
98451
98453
98454
103269
103268
98452
98461
98462
103261
98465
93209
98458
98459
98460
98515
98518
98521
98522
98524
98523
93216
93223
93258
93259
101997
93256
93260
93257
93261
93267
93284
102671
102672
102674
102812
102813
102814
102815
93265
93263
93264
93266
93578
93577
103116
93582
103117
93583
93584
93586
102670
102669
102696
102694
102685
102684
102683
102682
102681
102686
102695
93302
103129
103130
103131
103132
93304
93303
93301
93285
93286
93300
93255
93250
93249
93251
93254
93252
93253
93262
102673
103147
93213
93215
93211
93212
93214
93218
93281
93225
93226
93224
93229
93230
93287
93283
93282
101993
101994
93288
93227
102277
103242
103241
93228
93621
93220
93217
93219
98520
98525
98519
98483
98516
98517
98506
98479
98504
98463
98464
98466
98474
98478
98481
98473
98480
98471
98472
98470
98475
98484
98476
98477
98510
98530
98455
98457
98456
98467
98468
98469
98482
93210
93305
93315
101995
93314
93221
98527
93222
93231
98526
98541
98535
98540
98534
98542
93276
93600
93280
93309
93615
100755
100757
100756
93278
93279
93234
93233
93232
93235
93236
93237
93240
93243
93244
93291
93290
93289
102687
93292
102229
102230
95718
95807
95808
95806
102240
102003
102241
102004
102235
100619
100620
100626
102236
102237
100631
100633
102238
102239
100622
100621
100628
100629
100625
102233
102234
102006
93242
102002
102680
102677
102678
102679
95719
102284
93298
93299
93329
102285
102286
93297
93377
93378
93385
93373
97665
97664
98644
97449
102223
97448
93374
102675
102676
103198
103199
103197
98798
98799
97450
97451
98557
98638
98633
98635
98637
98636
98634
98628
98551
98558
98556
102009
102008
98555
98553
98554
98549
94961
95208
95166
98513
94960
95292
95310
95308
95344
95080
95099
94927
94720
94918
94908
94930
94719
94718
94701
94693
94694
98552
102010
94695
94699
94696
94700
94946
98642
98643
98210
98211
93238
93239
93241
98550
101999
103227
103228
102000
103229
102001
98528
102661
98529
98548
98546
98547
98537
98539
98536
98532
98531
98533
98538
98514
98508
98505
98507
98123
98498
98499
102689
102688
102691
102690
98503
98502
98500
98501
98311
98310
98494
98493
98489
98495
102844
101742
98497
98496
98492
98491
98488
98485
98487
98490
97626
101998
97633
97625
98486
102525
98316
98124
98512
98543
93296
93294
103128
93293
93295
101844
101845
93592
93271
93591
93268
93270
93269
101767
102706
102707
102338
102337
102386
102289
94446
93272
93594
100700
100701
100751
100736
100750
100732
93593
93596
101867
101868
93277
101773
93601
93599
93602
93598
93595
93597
93275
93274
93273
102288
93587
102381
102382
102383
102384
102385
93626
93622
93637
93635
93644
93646
93662
100758
93661
93645
100759
93636
93620
93619
93618
93312
93310
93311
93306
93308
93307
93313
93625
93319
93320
101981
101851
93627
93629
93639
93638
102014
93666
93667
102020
93640
93647
93664
93663
93665
93642
93641
93643
93688
93628
93337
93335
93333
93334
93336
101768
101848
102231
102024
93332
93321
93317
93316
93327
93326
93325
93323
93324
93328
93623
93624
93630
95930
95935
102273
93689
93690
95564
95565
95566
95577
95687
95578
95579
93322
94630
94638
94646
94644
94643
94641
94640
94639
93318
98584
98322
98583
98586
98323
98585
98587
98591
102561
98581
98596
98621
98622
102735
98616
98646
98649
98647
98321
98511
98545
98544
98509
102847
98566
98572
98574
98575
98576
98577
98573
98578
98589
98588
98590
98565
98568
98564
98567
98569
98571
102999
98570
98579
98580
92851
98685
98692
98694
98695
98691
98697
98724
98727
98728
98735
98770
98771
98778
98851
98853
98852
98860
98856
98859
98866
98867
98868
98869
98870
98871
98872
98909
98873
98844
98846
98848
98849
98891
98890
98839
98836
98837
98838
98835
93371
93369
93370
98833
98832
98829
98831
101769
98828
98830
98825
98823
98822
98821
98818
98817
98819
98736
98737
98733
98729
98730
98738
98820
98742
98743
98824
98776
98774
98741
98739
98740
98826
98827
93367
93365
93368
93364
93361
93358
93360
98816
93362
98815
98813
98808
98807
98812
98809
98811
98793
98790
98791
98794
98801
98804
101933
98814
101932
98800
101920
102562
98792
98797
98723
98796
98719
98716
98714
98712
98713
98717
98721
98709
98720
98732
98706
98708
98704
98702
98699
98698
98678
98701
98705
98677
98679
98688
98689
98681
98671
98403
98669
98399
98400
98664
98665
98666
98667
98668
98396
98401
98394
98397
98398
98416
98419
98418
98680
98420
98683
98684
98686
98687
98446
98417
98682
98422
98423
98424
98414
98413
98411
98421
98406
98405
98407
98404
98384
98383
98388
98389
98390
98391
98372
98373
98412
98408
98410
98409
98415
98393
98395
98326
98336
98338
98600
98602
98614
98615
98618
98629
98659
98662
98661
98658
98656
98655
98654
98653
98652
98651
98650
98624
98623
98626
98630
98625
98627
98631
98632
98657
98620
98617
98609
98610
98607
98608
98611
98597
98335
98332
98329
98330
98592
98593
98594
98582
98331
98328
98325
98595
98613
98604
98612
98605
98606
98673
98674
98672
98603
98601
98598
98599
98337
98333
98334
98327
98324
98402
98670
98675
98676
98619
98700
98703
98707
98711
98710
98660
98715
98718
98722
98789
98788
98663
98810
98806
98795
98805
93359
93363
93366
93372
98847
98840
98841
98845
98843
98842
98834
98854
98855
98857
98858
98862
98861
98850
98775
98768
98767
98750
98757
98748
98693
98751
98726
98766
98769
98756
98752
98734
98731
98725
98696
98690
92852
98443
98444
95809
102526
98377
98430
98434
98433
98427
98426
98435
98438
98428
98429
101827
98445
98358
95810
97858
98354
98357
98356
98355
97869
97859
98361
98362
98117
102585
98365
98366
98367
98370
98371
98382
99342
98381
98437
98436
98439
98442
102978
102980
102979
102977
102981
102973
102972
102974
102970
102976
102971
102975
102968
103234
103235
102969
100070
100071
98368
98353
98351
98118
99353
98369
98378
98379
98380
98058
98340
98342
98345
98346
98349
98350
98344
98114
98113
98348
98347
98359
98360
98341
98352
98363
98364
102275
99139
99140
99143
99142
99141
99109
99110
92013
99133
99111
99105
99106
99108
92014
99134
101829
101830
99145
99135
99146
99151
99343
99351
99352
99354
99355
99350
99356
99349
99347
99346
99348
99345
99344
99152
99150
99136
99144
99147
99148
99149
99153
98440
98764
98441
98763
98787
98783
102960
98447
98749
98448
98754
98762
98755
98753
98780
98779
98747
98746
98744
98745
98784
98772
98773
98782
98781
98777
98758
98759
98761
100069
98765
100074
100075
100076
100077
100078
100085
100086
98760
98785
98374
98375
98376
98425
98387
98392
98431
98432
102780
102781
102782
98385
98386
92428
101755
98928
92728
92711
92550
92704
92549
92788
92787
92812
92847
92846
98937
98933
99450
102783
99451
98927
98921
98926
98920
98922
98929
98935
98936
101846
98963
98964
98962
98960
92434
98889
98887
98888
98879
98914
98918
98917
98916
98913
98910
95733
95735
102587
98925
98923
101935
98924
98919
98912
98911
98880
98865
98863
98864
98885
95734
92433
92710
92746
98883
98886
98971
98972
42213
100189
100176
100173
100171
100169
42214
42247
100164
100165
100163
100172
100174
98965
100160
98934
98882
98884
98915
100130
100131
98786
41930
94538
41931
41932
49813
49852
49853
49880
49891
49988
49807
49809
49810
49811
49808
94086
94537
101676
101693
101683
101680
101681
101695
93545
101702
94535
94536
101694
101689
101698
101709
101711
101713
101715
101716
101718
101720
100378
100377
101717
101705
101706
101708
101714
101704
101696
101685
101724
102750
101697
101684
101686
101690
101688
101707
101712
101710
101703
101682
101672
101670
101673
101671
101675
102036
101679
101699
101701
101700
101677
101678
101669
94087
102035
101674
93546
92429
98970
98973
98975
98976
98974
98961
98874
98875
98878
98877
98881
101931
98876
93350
93352
93353
102007
98640
102226
98641
98645
94601
94607
94609
95811
94604
94603
94602
94600
94605
94606
93376
94608
100703
102693
98803
98802
102692
102011
93405
93418
94627
94629
94628
93417
93419
93421
93429
93431
93444
93443
93445
93503
93505
93507
93556
93563
93562
93564
102037
102749
102703
102704
102040
102705
102038
102039
93565
102041
93566
93567
93568
102042
93570
93571
93574
98953
98956
98968
98969
102030
98955
98954
98952
98950
98951
98966
98967
98958
98932
98900
98899
98903
98904
98908
98942
98957
98947
98959
98946
98944
98949
93559
98945
98943
93555
93561
98905
93552
93551
93550
98894
98895
98896
98893
93533
102033
93531
93532
93535
93534
93542
93543
93544
93536
93553
93557
93504
93540
93541
93437
93438
93433
93434
93416
93415
93436
93525
93527
93529
93537
93538
93539
93528
93526
103040
93413
94614
94657
94616
94617
94623
94335
94336
94613
94654
94653
94341
94343
97408
97407
94342
94615
94618
94619
94621
94622
94620
94624
94656
94658
94662
94659
93524
102032
93432
93530
93547
93548
93549
93554
93558
93560
98941
98907
98938
98906
98901
98940
98939
98902
98898
98897
98930
98931
98948
93573
93572
93569
93522
93523
93506
93502
93442
93435
93441
93440
93439
93430
93414
93427
102034
93428
103039
93406
93407
94340
94338
94339
94337
93411
93412
93409
93408
93356
93357
93410
93354
93355
93351
98892
98648
98639
103196
93420
93423
93425
95428
102702
95463
93424
93487
93494
93493
93495
93497
93496
93501
93492
93491
93489
93426
93498
93500
93508
93521
93520
94085
102244
102245
94084
93499
93330
102016
102017
102224
97686
97685
101771
101772
101774
101775
102225
101691
101692
102486
93346
101770
101776
102005
93657
93658
94069
94070
94071
102029
94072
94073
94075
94076
94077
94078
94074
94080
94082
94081
94083
94079
93485
93481
102028
93482
93517
93519
93516
93511
93510
93513
93518
93512
93514
93515
93484
93509
93480
93479
93483
93660
93691
93655
93340
93649
93648
93654
93659
93656
93653
93633
93634
93338
93339
93341
102023
102022
93342
93343
93344
101921
93650
93652
93651
93347
93349
93348
93476
93475
93472
93473
93474
93471
93453
93449
93451
93461
93448
93450
102287
102701
102025
94632
93452
93454
93470
93345
93616
93617
102015
94631
93331
93375
93383
93379
93380
93382
93387
93386
93381
102228
102227
103127
93384
102915
93393
93395
93396
93399
93402
93398
93394
102913
102912
102914
93397
93455
102019
93456
93457
93462
93463
95717
93464
93467
93468
93477
93478
102026
102027
93465
103038
93469
93490
102242
102336
93488
93486
93422
93460
93466
93459
93404
93401
93403
93400
93458
93389
102018
93388
93392
93447
93446
93391
102013
102697
102699
102700
102698
102012
102232
93390
92070
92066
92057
92056
92067
102187
92068
92065
92055
92053
92051
92050
92045
92048
92047
92042
92044
92043
92049
102188
102189
102190
92041
92046
92040
92063
92064
92071
102186
92069
92076
102182
92109
92122
92124
102183
102193
102207
102208
102211
102212
102210
102209
94415
102213
102215
102214
92123
102184
102185
94414
92112
94364
92113
92134
92135
92136
92138
92217
92224
92216
103253
92137
92143
92140
92139
94413
94416
102342
101790
94417
94418
92097
92110
102181
92098
92104
92105
92106
92107
92129
92128
92130
92060
92058
92061
92059
92062
102191
92116
92117
102192
102194
102195
102196
102197
102198
102199
102200
92074
92118
94370
94369
94368
94367
94374
94371
94422
102204
94373
94372
102203
92119
92120
102205
94375
94378
102936
102937
94376
102939
102938
102940
102946
102947
102206
102941
102942
102943
102944
102945
92073
92075
92072
91979
94398
94399
102952
94400
94401
94397
94387
94396
94388
94393
102216
94392
94391
94385
94386
102243
102031
103257
103256
94365
94366
94349
102178
94661
102176
94660
91989
91990
94394
94395
94410
94406
94407
94389
94390
102953
102954
91980
102951
102949
102950
102201
102202
94381
94380
102948
94379
94384
94419
94420
103258
103230
103232
103231
103255
94421
94404
94412
94411
94785
94786
94781
94783
94782
94784
102955
94423
102343
102344
102911
94424
94425
94426
94427
94428
94429
97354
94836
97355
97358
97362
97363
97360
97356
102074
102075
102080
102529
97359
94841
94842
97357
94838
102217
102218
101978
101980
101979
102219
102220
94831
94845
94846
103260
94847
94852
94848
102221
101982
94853
94854
94907
102758
102759
94855
94849
94850
94851
102255
102252
102254
102253
103119
95008
95007
94813
94812
94811
94787
94544
94546
94547
94543
94545
94788
102528
94832
94830
94833
94834
94828
94840
94829
94837
94839
94835
94383
94382
94377
94403
94402
94405
94362
94361
94363
94666
94674
94676
94677
94678
94679
94682
94683
94663
94685
94684
94768
94769
94688
94689
94771
94770
102256
94772
94774
94775
102910
94778
94779
103259
94773
94776
94777
94692
94698
94610
94611
94612
102530
102531
94789
94790
94780
94690
94691
94686
94687
94670
94681
94680
102180
94672
94673
94669
94675
94765
94767
94766
94668
94667
94671
94359
94664
94665
94358
94356
94357
94355
94354
94353
94352
94350
94351
94360
