3988
32365
32375
32376
106188
105679
105710
93585
93581
93580
93579
93575
93576
93588
93589
93590
32354
105207
105208
106656
105209
106812
106803
106804
106811
106805
113741
106810
106806
106807
106809
106808
106817
106825
106826
106827
106818
106834
106905
106988
106992
106993
106994
107000
106989
106833
106831
106832
106830
107001
107394
107396
107404
107411
107412
107414
107415
107413
107266
107267
109554
107405
107410
107407
107409
107408
107406
107397
107399
107403
107400
107402
107401
107398
107395
106999
107273
107274
107280
107393
107276
107277
107416
107275
109551
109553
109552
109550
107278
107328
107327
107326
107300
107299
107308
107298
107269
107272
107268
107297
107296
107011
107012
107009
107008
107270
107264
107265
113634
107263
107307
107279
107271
107262
106990
106947
106942
106943
106944
106991
106945
106946
106821
106820
106195
106196
106941
106822
106940
106996
106995
106997
106998
107013
107014
113635
107019
107312
107313
113636
113637
107310
107309
107004
107365
107005
107010
107295
107006
107007
107311
107363
107364
107015
107003
107002
107016
106814
106813
106815
106950
113876
113878
113877
106951
106931
106816
106902
106949
106948
106887
106886
106888
106889
106900
106901
106899
106910
106911
113744
106882
106884
106890
106891
113745
106883
106892
106879
106893
106846
106845
106863
106870
106872
106871
106894
113742
113958
106865
106867
106869
106868
106866
106862
106873
106851
106864
106874
106876
106906
113738
106795
106797
106792
106793
106853
106859
113740
106858
106877
106860
106852
106849
106686
106685
106687
106688
113736
106842
106693
106692
106689
106695
113632
113631
106690
113633
106672
106669
106668
106673
106762
106696
106697
106662
106663
106664
106665
106368
106367
106666
106373
106386
106372
106369
106370
106657
106659
106660
106661
106658
106371
106667
106582
106581
106615
106637
106636
106635
106619
106623
106622
113626
106621
106605
106606
106512
106511
113627
106610
106611
106612
106603
106607
113923
106613
106614
113724
106602
106604
106608
106609
106620
106584
106616
106583
106678
106679
106691
106680
106681
106684
106682
106683
106646
106645
106674
106675
106721
106713
106714
106723
106878
106720
106719
106701
106908
106907
106912
106913
106709
106708
106707
106904
106903
106705
106704
106706
106160
106710
113734
106711
106741
113733
106739
106745
106746
106757
113743
106740
106727
106726
106728
106729
106730
106731
106758
106742
106759
106760
106921
107027
107028
107025
106738
107026
106737
106736
106855
106924
106936
106934
106935
106986
107029
107030
106930
106952
106933
106926
106929
106750
106748
106749
106747
106756
106925
106896
106932
106927
106928
106751
106752
106753
106914
106915
106923
106920
106918
106919
106917
106159
106916
106754
106856
106857
106922
106761
106735
106734
106744
106743
106732
106733
106725
106724
106712
92905
92944
92945
92946
92949
102601
102600
102599
102768
92950
92951
92952
92906
92943
92941
92942
101891
92901
92894
92893
92896
92930
92929
92933
92934
92932
92927
92926
92937
92935
92938
92940
92936
92947
92939
102848
102849
92948
102850
92916
92910
92914
92913
92915
92911
92912
92924
92925
92919
92920
101764
92885
92887
92888
92889
92923
92922
92928
92882
92884
92868
92867
92883
92886
92918
92921
92895
92890
92891
92892
92931
92902
92904
92903
106158
106161
106755
106909
106897
106702
106703
106718
106880
115224
106716
106717
106715
106677
106655
106625
106653
106654
106652
106649
106650
106651
106648
106647
106626
92917
106634
106642
106699
106698
106638
106639
106640
106641
106633
106632
106630
106631
106629
106628
106627
106624
106676
106643
106694
113629
113630
113737
106848
106854
106847
106791
106875
113739
106861
106850
106843
106844
106644
106700
106722
106881
106885
106898
106895
106937
106939
106823
106824
106938
106819
106799
106798
106828
106796
106802
105212
105213
105211
106800
106801
105210
32414
106829
106839
109555
106837
106838
106836
109533
106835
106585
106618
106586
113628
106587
106588
106589
106590
106591
106601
106596
106513
106510
106509
106600
106599
106617
32384
32385
32440
32442
32351
32352
32394
32397
32381
32382
32383
32388
32428
32424
32425
32423
32422
32421
32418
32417
32389
32396
34765
32398
32399
34021
32401
32402
32405
32400
32406
32410
32408
32409
32363
32362
32361
32358
32357
32359
32355
32356
32360
32395
32393
32353
29473
35006
29474
35009
32441
32380
35007
35008
106409
106671
106670
106790
106410
106407
32374
32379
106794
32368
32372
32371
32373
32366
32364
32367
32370
32369
106404
106405
106406
106408
32348
32349
32392
32404
32403
32347
30226
30227
32378
92865
92866
92881
102828
102834
102826
102827
103270
29458
29459
29531
29532
29544
29545
29546
29548
30382
30383
30385
30387
30388
30389
30402
30395
30394
30396
30391
30399
30390
30392
29568
29566
30384
29466
29467
29554
29553
29550
29565
29560
29556
29563
29537
29538
29557
29540
29541
29578
29558
29559
29569
29570
32444
29464
29465
29534
29555
29527
29528
29564
29561
29567
29571
30393
30381
30378
30379
30347
30400
30401
30386
30346
29524
29533
30344
34930
34931
29526
29520
29521
29507
29508
29523
29525
29519
29515
29514
29513
29505
29506
29483
29479
29480
29482
29481
29492
29493
29485
29488
29489
32443
29487
29476
29475
29478
29477
29484
29522
29490
29543
29491
29552
30380
29551
29547
29549
29542
29529
29530
29486
32407
32411
32412
32413
32431
32433
32415
32416
32434
32427
32430
32419
32429
32420
32445
32446
32437
32436
32426
32432
92878
92909
92966
92967
93034
93035
92965
92963
92961
92957
92898
92899
92900
92958
92962
92964
92825
92832
92833
92835
92834
92836
92831
92837
92839
92869
92871
92873
92875
92874
92872
92897
92870
102595
102596
102594
92880
92838
102831
102829
102833
102825
102830
102832
102822
92879
102824
92849
92953
92954
92955
92956
92850
93193
93194
102819
103224
102818
102817
102816
102820
102821
102823
92826
92600
92602
92700
92671
92669
92672
92674
92673
92670
94564
94557
92682
92683
92696
92697
92701
93697
101992
93698
101991
94347
103108
92844
92706
103110
92707
94344
94334
103111
103112
101741
92699
92705
92845
94524
94348
92715
92709
92713
92712
92714
103113
103115
103114
92717
101791
92716
92718
92708
92692
94637
94645
94647
92691
92690
92689
92688
92687
92680
92634
92679
92684
92685
92686
92695
92678
92676
92675
92632
92681
92677
92631
92633
92627
92635
92637
92629
92628
92630
92636
92651
92652
92626
92624
92625
92639
92638
92656
92698
92694
92841
92784
101740
92785
92842
92843
92840
92604
92792
92805
92793
92806
92808
92693
92601
93631
93632
94260
94276
94262
94285
94286
94291
94292
94296
94297
94298
94299
94301
94303
94305
94331
94304
94302
94300
94295
94293
94282
94281
94275
94274
94277
94253
94278
101871
94279
94252
94239
102445
102446
94236
94241
94240
94237
94242
94244
102438
102443
94258
94257
102439
102441
94255
94256
94229
94243
94230
101873
94227
94225
94226
102437
101784
101785
94199
94200
94201
94194
94193
101786
102428
102419
102427
102433
102434
102426
102423
102425
102422
102421
102416
102420
102328
102415
102327
101877
101876
94061
94060
94063
94064
94169
94062
94170
94172
94175
94188
94189
94187
94191
94190
94192
102447
101787
101788
102448
101874
101875
94211
94212
94207
94209
94213
94215
94214
94216
94210
94217
94208
94205
94206
94186
94204
94184
101878
94185
94182
94183
94176
94171
94174
94059
94057
94058
94065
102417
94068
102429
94056
94067
102436
94066
94232
94233
94234
94235
94248
102323
102512
94246
94247
94249
94245
94250
94263
94268
101872
94251
102444
94266
94265
94267
94271
94272
94307
94308
94309
94311
94310
94288
94312
94290
101870
94270
102432
95814
95815
95812
95813
102431
102424
103240
102430
102418
94173
94177
94219
94218
94202
94203
94195
102435
94196
94197
94222
94224
94231
102461
94223
94228
94238
102440
94254
94273
94220
94221
94280
94284
94289
94287
94269
94264
94283
94261
94259
93692
93695
93696
93693
93979
102401
102402
93978
93694
93900
102021
93669
93668
93673
93672
93674
93679
93670
93671
93675
93676
101869
93677
93678
101777
93685
93686
102391
101780
102397
102399
102398
101779
93939
102400
93938
93940
93941
93942
93944
93946
102403
93965
93967
93966
93972
93973
93977
94042
94045
94047
94051
94052
94053
94055
94049
93980
103185
102744
103184
103183
103182
94048
93982
93981
102406
102408
102407
102405
94044
94046
94043
94041
94003
102725
94002
94004
94005
94006
94011
94000
93998
94001
94007
94008
94009
94010
94021
94019
94020
102387
94022
102449
94023
94024
102450
94025
94030
94031
94036
94038
94037
102451
101836
101796
102300
94040
95816
101810
101808
101823
101811
101812
101802
101797
101798
101826
101828
102299
102339
102269
101794
102268
94164
94162
102506
102504
102505
94033
102503
94163
102507
102509
102511
102510
102508
95817
102298
94165
94167
94168
94039
101795
101793
94032
94029
94028
94027
102301
102502
94161
102501
93894
94160
102500
102460
94018
94017
102295
102390
102389
94012
93993
102388
102296
102297
93986
93987
102452
93990
93989
93994
93962
93963
93953
93960
93961
93952
93951
93959
93949
93956
93957
93786
93895
93958
93898
93984
93983
93912
93992
93911
93901
93897
101862
101864
101865
93896
93785
93782
93769
93770
93771
93772
93773
93954
93767
93947
93768
101934
93740
93741
93950
93955
93948
93925
93736
93988
93985
93910
94013
94014
94015
94016
93893
94026
94035
94034
93995
93999
101866
93991
93996
93997
93970
93971
93974
93968
93969
93976
93975
93964
93926
93927
93937
102724
93936
93945
93943
93935
93929
93930
93933
93934
93931
93687
93932
93681
93684
93928
93682
102393
102395
102394
102392
93680
102396
93683
94054
102410
102411
102409
94050
103189
94166
102271
102324
102302
102270
102333
101831
101832
94178
94180
94179
94181
102412
102414
102413
92996
92994
92995
92990
92991
93022
93710
93712
93711
93721
93720
93793
93794
93799
93842
93843
93844
93846
93865
93866
93869
93871
93875
94097
94098
94101
94102
94128
94130
94129
94131
94133
94135
94136
94141
94140
94142
94151
102776
94127
94126
94124
94125
94120
94139
94122
94123
94137
94138
94108
94134
94109
94111
94114
94117
94116
94115
94112
94110
94104
94107
102773
102775
102774
101781
94106
94105
94119
94103
94090
94093
94094
94132
94099
94100
94095
94096
93874
93922
93923
93920
93864
93921
93863
93867
93860
93853
93829
93851
93854
93855
93857
93852
93847
93837
93836
93805
93803
93801
93802
93822
93824
93825
93823
93826
93833
93832
93883
93913
93861
93884
93914
93917
93918
93919
93924
93904
93908
93905
93909
101863
93899
93779
93783
93784
93891
93892
93778
93780
93889
93890
93902
93777
93766
93763
93762
93760
93738
93739
93758
93759
93761
93764
93765
93776
93781
93903
93906
93907
93885
93886
93887
93774
93775
93755
93754
93742
93750
93743
93745
93752
93753
93749
93879
93877
93876
93878
93819
93747
93746
93748
93744
93733
93732
93734
93816
93815
93817
93831
93814
93812
93830
93811
93809
93807
93731
93808
101778
93795
93792
93806
93791
93716
93719
93728
93701
93729
93810
93813
93730
93726
93724
93723
93704
93705
93707
93706
93735
93702
93703
93722
93725
93727
93751
93757
93882
93888
93756
93881
93880
93818
93820
93821
93804
93850
93827
93828
93834
93856
93862
93916
93915
93868
93872
93873
93870
93859
93858
93849
93848
93845
93835
93841
93840
93800
93798
93790
93717
93718
93708
93714
93713
93715
93709
102771
92858
92853
92855
92854
92862
92856
92859
92857
92861
92860
92984
92986
92987
92988
93019
93020
93023
93031
93025
93026
93028
93111
93112
93116
93118
93796
93797
93838
93839
94089
101880
101879
101882
101881
101883
94091
94092
93208
93200
93169
93201
93202
93206
93203
93204
93205
93196
93199
93198
93197
93157
93155
93156
93167
93168
93162
93170
93163
93171
93164
93172
93166
102772
93165
94088
93159
93160
93161
93127
93129
93128
93125
93126
93119
93115
93122
93123
93113
93104
93110
93141
93142
93152
93140
93138
93137
93139
93153
93154
93149
93186
93187
93188
93195
93192
93189
93173
93176
93174
93091
93177
93178
93179
93180
93183
93181
93182
93185
93144
93147
93151
93143
93090
93089
93088
93084
93086
93087
93078
93083
93085
93130
93131
93132
93134
93133
93135
93108
93098
93099
93102
93095
93003
93005
93004
93006
101765
93007
92998
93001
101766
92974
92997
101889
101888
92999
101890
92975
103126
103124
103125
101886
101887
92972
92973
93037
93040
93046
93047
93055
93058
93059
93054
93061
93060
93052
93050
93053
93051
93057
93062
93073
93075
93066
93069
93072
93077
93070
93071
93092
92983
92982
93002
92980
92981
93064
93067
93068
93038
93045
92977
92979
92978
93043
93048
93056
93049
93044
101885
93041
93042
93039
93036
92971
92969
92976
92970
92959
92968
92960
93065
93096
93094
93097
93107
93105
93106
93093
93079
93076
93063
93074
93080
93081
93082
93175
93184
93148
93150
93136
93120
93121
93109
93103
93124
93158
93789
93788
93117
93033
93787
93032
93114
93030
93010
93011
93012
93013
93100
93101
93027
93029
93008
93009
93024
93021
93000
93014
93016
103123
93017
93018
93015
102770
92989
92863
92864
92985
93608
93610
93611
93612
93614
93700
102290
102291
102292
93737
93605
93613
102380
102293
102294
93604
93603
93607
93609
93606
93699
105791
108228
108233
113758
108234
108291
105911
105917
105819
105902
105903
108305
105913
105914
105916
105915
105818
108235
105793
105794
108205
105802
105795
105792
108020
108312
108313
113646
108302
108301
108298
108299
108317
108316
108286
108284
113647
108285
108287
108288
108300
108303
108236
108241
108304
108022
108290
108207
108208
108021
94143
94152
94153
105600
105612
108046
108048
108051
108047
105611
105625
108052
108053
105624
105626
105665
105666
108049
108101
108102
108206
105676
108149
105677
108148
108127
107094
107098
107069
107068
108128
108129
108150
107095
108192
108195
108056
108054
108194
108204
108055
107097
107096
108193
108126
108099
108105
108100
108109
108110
108226
108238
108289
108239
108240
108111
108112
108113
108114
108115
108106
108107
108212
108223
108213
108214
108215
108216
108220
108221
108217
108219
108218
108222
108224
108225
108237
108091
108108
108211
108092
108274
108280
113920
108281
113919
108057
111906
111907
113917
113916
113915
108282
108283
113652
108279
108269
108268
108267
108266
108103
108104
112425
108270
112426
108060
108059
108061
108062
108064
108063
108065
108066
108067
108263
108068
108069
108264
108265
108278
108260
107171
107170
108261
108273
111908
111909
116295
112427
111910
108262
113918
108087
108086
108097
108256
108094
108095
108096
108257
108081
108088
108089
108090
108082
108083
108084
108080
113651
108079
108076
116284
108075
108077
108078
108073
108074
108072
113650
108098
108258
108085
108058
108259
108093
108050
108070
108071
105623
107260
107261
108203
105610
105599
94148
94144
94145
101782
94146
94154
101884
94149
94155
94158
94156
94159
103222
94157
101783
94150
94147
107071
108406
108405
108482
108544
108545
108543
113764
108553
108552
108551
108517
108516
108515
108511
108437
108450
108449
108443
108436
108480
108477
108478
108440
108408
108439
108476
108438
108512
108513
108514
108479
108409
108407
108441
108442
107031
107032
107065
107092
107091
107183
107111
107110
107104
107105
107106
107099
107100
113747
107107
107206
107213
107214
107212
107124
107125
107204
107201
107205
107202
107203
107180
107178
107179
107177
107127
107128
107093
107086
107126
107122
107123
107215
107421
107216
108491
107217
107259
108490
107245
107461
107457
107463
107462
108489
107458
107459
108412
108413
108433
108435
108445
108447
108448
108472
108474
108473
108475
108471
108469
108466
108460
108461
108465
108464
113761
113762
113763
108463
108467
108455
113759
113760
108456
108454
108468
108429
108430
108426
108427
108444
108422
108131
108132
108133
108421
108134
108196
108419
108420
108418
108423
108424
108425
108451
108452
108453
108416
108197
108198
108199
108200
108201
108202
108151
113649
108152
108188
108189
108187
108190
108191
108186
108184
108185
108135
108136
109560
109561
109566
109689
109567
109568
109569
109565
108377
108172
108166
108378
108165
108168
108183
108181
108177
108178
108179
108180
108182
108159
108163
108162
108158
108153
108154
108175
108173
108174
108157
107256
107257
107243
107239
107242
107241
107227
107225
107226
107224
107222
107223
107221
107220
107219
107238
107240
107233
107234
107194
107197
107198
107235
107236
107237
107186
107188
108119
107187
107192
107200
107209
107211
107208
107191
107199
107113
107114
107185
107190
107184
107074
107075
108116
107076
107077
107078
107073
107072
107034
107102
107112
107109
107189
107196
107195
107193
107953
107952
108118
108123
108124
108122
108117
107083
107084
107085
107066
107067
109564
107080
107079
107081
107082
107210
107253
107254
107255
107252
107251
108155
108156
108120
108121
108160
108176
107250
107249
108399
108395
108393
108410
108415
107474
107468
107467
107469
108147
107470
108146
107471
108145
107472
108142
108143
108144
108141
108411
108169
108170
108139
108140
107473
108394
108398
107246
107247
108396
108397
107248
108167
108164
108161
108125
108171
108137
108138
108130
108417
108428
108459
108462
108292
108293
108458
108457
108470
108481
108446
108432
108434
108431
108414
107460
107244
107218
107258
107121
107087
107207
107108
107101
107088
107089
107103
107064
107063
107090
107062
107033
107037
106971
106972
107048
107049
107055
93190
93191
93207
107023
107024
107052
107060
107059
107070
94113
94118
94121
107058
107036
107035
107306
109512
105909
105910
105908
32457
109549
32458
107304
107305
107302
107303
107301
107281
107282
107318
107330
107317
107286
107287
107316
107382
107383
107384
107381
107376
107375
107377
107378
107358
107369
107370
107385
107387
107388
107389
107290
107291
107292
107374
107368
107371
107367
107372
107373
107359
107360
107361
107356
107352
107353
107152
107144
107142
107141
107139
107140
107137
107138
107130
107131
107229
107232
107132
107231
107230
113864
107167
107166
107169
107151
107293
107294
107289
107386
107366
107357
107355
107354
107143
107379
107380
107228
107288
107285
107283
107284
106954
106953
107162
107161
107173
107175
107174
107017
107018
107022
107149
107145
107146
107148
107147
107021
107150
107020
107351
107362
107172
116307
107160
116309
107159
107158
107168
116306
116308
116305
107155
113879
107156
107157
106973
107115
107047
107046
107045
107135
107153
107154
107053
107050
107051
106957
106958
106959
106960
106961
106962
106967
106963
106964
106965
106966
106968
106969
106970
107133
107061
107056
107057
107054
107134
107044
107042
107181
106956
106955
106985
106983
107136
106984
106975
106976
106982
106977
106981
106980
116298
106979
106978
107043
106974
107129
107176
107182
107329
107323
107325
109508
107324
109507
107164
107165
107163
107315
107314
107320
107319
109509
109511
109510
109520
109505
107333
107332
107334
109506
107331
109504
109503
107480
107481
109495
109501
113948
107478
107479
113947
107477
109502
109710
109491
109492
107475
107476
109496
109499
109500
109497
109498
113946
107515
107517
107518
109482
109484
109486
109488
109490
109489
109487
109485
109483
107516
107519
107520
107534
107528
107507
107508
107506
113748
109493
113750
107533
107531
107532
107530
113914
107529
107322
107321
116310
109494
113749
113865
113866
113867
107490
107525
107526
107527
107489
107524
107443
116314
116315
107442
107485
107441
107482
107488
107487
107465
107439
107464
107440
107486
107116
107391
107418
107452
107453
108507
113863
107483
107484
116328
107466
107454
108506
107455
108493
108503
108505
108504
108494
108496
108498
108502
108499
108501
108500
108497
108495
107449
107450
107451
107419
107420
108492
107120
107119
107392
107118
107448
107417
107390
107117
107422
107504
109221
109228
109230
109229
109234
109267
109268
109266
109265
109272
109412
113783
109413
109271
109281
109414
109774
108922
109377
116311
116313
116312
109436
109437
109282
109269
109258
109262
109373
109372
109361
107542
109245
109246
109247
109255
109248
109256
109260
109263
108229
108231
109231
108232
107521
107522
107523
109218
109232
109233
109219
109226
107502
107501
107505
107446
107444
107445
109261
109257
109259
109270
109264
109244
109243
109235
109242
109236
109238
109237
108532
108533
109225
109224
107536
107537
108526
108535
108531
108528
108529
109715
109712
109714
109713
108530
108519
108508
108487
108509
108510
108488
108522
108523
109711
108524
108520
108536
108540
108537
108541
108542
108622
108539
108538
108518
107456
107436
107437
107438
107434
107435
107433
107432
107431
107430
107426
107427
116316
107428
107429
108527
108525
107538
107535
109220
107424
107425
109223
108534
108521
108230
109227
109222
107503
107447
107423
109481
105912
106124
106117
106118
108559
108575
108576
108800
108799
108801
108814
108586
108587
108573
108555
108588
108596
108599
108598
108601
108600
108629
108632
108630
108637
108631
108633
108639
109296
109297
109298
109304
109307
109306
109340
109339
109346
109316
108650
108651
109317
108643
108649
108642
108644
113793
116318
116319
113794
109540
109541
109559
109581
109558
108666
109576
109582
109583
109609
109592
109591
109590
113659
109588
109587
113658
109589
108869
108870
108368
108868
108872
108831
108830
108829
108871
108828
113786
108827
113787
113792
113788
113791
109342
108812
108811
109344
108579
108580
108810
108813
108803
108804
108805
108808
108682
108683
108710
108713
108729
108807
108848
108705
108706
113773
108568
108569
108570
108841
108571
108840
108572
108842
108845
108847
108846
108818
108816
108844
108817
108843
108815
108567
108703
108704
108838
108837
108825
108370
108372
108563
108564
108565
108373
108400
108403
108562
109977
109976
108404
108401
108402
108374
108371
108375
108752
108707
108824
108376
108820
108923
108924
108821
113776
108822
113775
108823
113774
108566
108730
108731
108718
108722
108728
108715
108719
113771
108735
108744
108741
108743
108742
113772
108720
108721
108734
108709
108708
108714
108711
108702
108686
108687
108688
108689
108690
108691
108685
108684
108712
108681
108700
108699
108802
108809
108581
108582
108583
108584
108578
108641
113795
108640
108654
108655
113784
113796
113798
113797
113785
108652
109303
109302
113782
109315
108647
108645
113790
108646
109300
109301
108653
108635
108577
108806
108849
108819
108826
108839
109586
109585
108657
108658
109584
108659
109577
109578
109580
109579
108660
108661
108663
116317
108662
108665
108664
109343
109556
109557
109542
108668
109338
109325
109324
109323
109321
109345
109362
109365
109341
109330
109331
109332
109333
109329
109337
109319
108611
108610
108609
109334
109336
109241
109240
109276
109318
109320
109239
109277
109278
109411
109279
109407
109408
109409
109410
109280
109273
109406
108602
108603
108606
108607
108608
109275
109274
109335
109322
108667
109312
109311
109310
109326
109327
109328
109314
109313
109308
109293
109294
109287
109288
109286
109309
109285
109283
109284
109291
109292
108612
108613
108627
108628
109290
108618
108625
108623
108624
108550
108621
108619
108620
108614
108615
108616
108617
109305
108648
109295
109299
109289
108656
108638
108634
108604
108605
108636
108595
108626
108548
108594
108590
108591
108593
108592
108547
108549
108589
108554
108558
108557
108546
108483
108484
108585
108597
108698
108574
108560
108556
108485
108486
106119
108561
108697
108696
108695
106120
106121
106122
106123
108309
108310
108311
108318
113770
108319
108673
108672
108678
108671
108674
108692
108701
108740
113765
108693
108694
108675
108676
108677
108739
108355
108348
108738
108756
108757
108727
108732
108733
108758
108716
108717
108363
108364
108365
108356
108357
108358
108362
108327
108328
108329
108359
108296
108297
108210
108209
113653
113875
108243
116292
116293
108242
108253
108255
108254
108244
108251
108252
108249
108250
108245
108246
108248
108247
108271
116294
113955
113957
113956
108272
108360
108361
108353
108320
108314
108315
108307
108308
108352
108350
108351
108349
108330
108331
108332
108333
108763
108324
108325
108783
108784
108789
108788
108785
108787
108786
108761
108762
108754
108753
108725
108726
108723
108724
108755
108347
108354
108670
108680
113768
113769
113766
113767
108306
108679
108276
108336
108340
108335
108367
108366
108343
108385
108386
108779
108782
108780
108781
108387
108774
108775
108776
108777
108778
108334
108326
108323
108322
116320
108294
108295
108341
108342
108321
108736
108737
108337
108384
108383
108745
108748
108746
108747
108769
108771
108770
108991
108339
108392
108389
108390
108391
108381
108344
108345
108379
108380
108338
108382
108759
108773
108760
108772
108388
94294
108227
108277
108915
108917
108916
108346
108275
105576
105577
109965
109967
109642
109643
109644
109641
109690
109671
109672
109673
109674
109675
109676
109677
109678
109347
109358
109359
109360
109679
109357
109680
113802
109681
113801
109682
113800
109683
113799
109684
109574
109657
109658
109659
109570
109970
109571
109656
109685
109687
109686
109575
109441
109440
109605
109606
109607
109608
109604
109688
109661
109523
109524
109664
109662
109663
109525
109694
109696
109695
109442
109448
109526
109527
109447
109438
107541
109443
109444
109445
109446
109439
109572
109660
109573
113804
109353
109354
113805
113806
113807
113808
109356
109355
113803
109610
109598
109599
109611
113662
109600
109601
109603
109602
109352
109351
109596
109645
109646
109647
109648
109649
109650
109651
109349
109594
109593
109595
109350
109348
109652
109390
109391
109392
109388
109389
109384
109385
109386
109387
109653
109966
109963
109964
109383
109382
113959
109803
109825
109898
109903
109896
109897
109819
109820
109899
109821
109800
109787
109788
109789
113809
113872
113871
109786
109459
109460
107566
107563
109781
107564
109780
107565
109779
109770
109771
109809
109810
109811
109814
109801
109812
109813
113882
109458
109457
109785
109784
113873
107567
109782
109783
109792
109794
109827
109829
109828
109795
109826
109796
109793
109802
109974
109975
108669
109461
109778
109462
109776
109777
109775
113897
113913
113899
113898
113908
113909
109466
109467
109468
109469
113906
109480
109470
109471
109474
109475
109479
109476
109478
109477
109473
109472
113907
113904
113903
113900
113901
113905
113902
109463
109464
109465
113910
103271
109562
109563
109804
113896
109806
109805
109539
109538
109808
109537
109807
109518
109517
109514
109516
109420
109519
109419
109430
109773
109431
109432
109433
109655
109654
109772
109415
109416
109417
109428
109429
109427
109453
109455
109454
109456
109421
109422
109513
113789
109423
109424
109425
109380
109379
109451
109405
109378
109367
109366
109363
109375
109434
109435
109450
109528
109530
109529
109449
109515
109521
109532
109531
113663
113664
109522
109545
109546
109393
109394
109395
109396
109544
109397
109398
109399
109400
109401
109402
109543
103279
103280
103281
103277
109548
109403
109547
103276
103278
103273
107540
107539
109376
109364
109452
109426
109418
109404
109381
103274
103275
103272
