4087
147743
147749
151790
147752
147750
151943
151944
147748
147747
147751
147753
147754
147758
147759
147761
147760
147763
147765
148080
148081
148082
148083
148084
148087
148090
148091
148093
148098
148099
148095
148096
148100
148107
148108
148113
148114
148119
148125
148124
148132
148133
148131
148135
149375
149376
149379
149383
149385
149388
149391
149387
149390
149393
149389
149386
149382
148995
149380
148994
149373
148079
148078
148076
148074
148068
148069
148071
148073
148991
148999
148997
148985
148989
148044
148986
149008
149007
148072
148070
148066
148064
148065
148067
148061
148059
151967
148060
148058
148126
148121
148006
148005
148004
148001
148000
148002
148117
148120
148122
147999
147997
147996
147994
147869
147870
148109
148110
148106
148104
148102
151968
148097
147863
147867
148101
147866
147862
147860
147858
147851
147852
147846
147850
147849
147848
147856
147857
151924
151683
151730
151682
151685
151684
147865
147839
151681
147840
147841
147831
147832
147833
147834
147835
147836
147755
147756
147757
147825
147824
147823
147746
147828
147745
147820
147826
147829
147830
147827
147838
147842
147843
147844
147845
147861
147868
147864
147995
147998
148003
148057
148056
148062
148063
148075
148077
148992
148993
149000
149384
149381
149378
149377
149374
148136
148134
148130
148129
148128
148123
148118
148116
148115
148112
148111
148105
148103
148094
148092
148088
148086
148089
147767
147766
147859
147853
148085
147768
147769
147847
147773
151743
147837
147764
147770
147771
147772
147762
147744
146961
146960
148040
148054
148055
151781
148053
148051
148050
148049
148048
148052
148039
148045
151795
148043
151780
148037
148019
148035
148027
148036
148046
148047
148984
148983
151680
148982
148034
148033
148032
151752
148030
148031
148026
148025
148024
148022
148015
151814
148016
148023
148018
148017
148020
148038
151634
148012
148013
146989
146990
146991
151758
151756
147922
151632
147911
147923
151636
151635
151630
151631
148011
148014
148010
148009
147986
147985
147987
147993
151633
147822
148021
148029
148028
143925
149566
149565
149576
149583
149584
149585
149574
151676
149570
149573
149622
149625
149626
149632
149636
149637
149642
149643
149771
149772
149774
149779
149780
149775
149786
149785
149782
149776
149841
149842
149843
151837
151838
151839
147855
149849
149847
149848
149844
149850
149839
149840
149851
149846
149838
149836
148041
151797
151798
147854
148127
148042
149837
149781
149778
149777
149773
149770
149641
149638
149635
149630
149628
149627
149623
149769
149640
149639
149634
149631
149633
149629
149248
149247
149246
149624
149621
149572
149569
149545
149552
149553
149554
149556
149558
149555
149557
149562
149560
149561
149404
149370
149369
149367
149333
149346
149347
149350
149364
149362
149361
149363
149511
149509
149512
149514
149513
149523
149519
149517
149516
149504
149503
149295
149296
149297
149507
149298
149289
149299
149300
149353
149340
149341
149354
149355
149356
149325
149326
151692
151693
149322
149331
149321
149304
149305
149316
151700
149320
149318
149319
149336
149337
149403
149402
149401
149400
149237
149238
149226
149249
151687
151690
151689
149230
149235
149231
149189
149186
149188
149399
149398
149397
149033
148998
149032
150390
149031
149034
149184
149195
149196
149221
149223
149224
149216
149245
151698
151696
151699
151691
149207
151695
149211
149199
149206
149198
149197
149208
149204
149301
149203
149263
149262
149261
149260
149270
149272
149271
149286
149285
149268
149265
149266
149259
149258
149183
151640
149182
151846
149176
149178
149339
151639
149163
149027
149022
149179
149177
149180
149181
149201
149191
149190
149192
149193
149202
149205
151694
149311
149215
149222
151686
149227
149200
149194
149185
149035
149036
149039
149040
149041
145715
149043
151966
145716
149045
149037
149028
149021
149029
149030
148996
149038
149187
149044
149042
149229
149228
151688
149241
149242
149251
149225
149236
149232
149250
149335
149334
149312
149309
149329
149308
149303
149302
149269
149324
149290
149306
149288
149293
149292
149291
149505
149506
149510
151808
149508
149357
149358
149359
149360
149342
149343
149348
149351
149349
149345
151697
149344
149332
149330
149365
149366
149549
149371
151820
149352
149368
146992
146993
146994
149372
149551
149550
149515
149568
149575
149244
149571
149578
149579
149580
149581
149582
149243
149240
149239
149577
149559
149567
149564
149563
143926
149026
149338
149392
149395
149396
149394
149009
149173
144264
148963
148940
148960
148958
148964
148971
148972
148979
148980
148981
149070
149155
149157
149170
149171
149166
149162
149165
151791
151803
149017
149025
149020
149018
149014
151792
149013
149012
149011
149002
149001
149003
149004
149005
149006
149019
149015
149169
149168
149172
149088
149087
149084
149083
149127
149124
149123
149085
149082
149077
149068
149072
149067
149065
149063
149064
149066
149071
149158
149086
149073
149074
149167
149159
149160
149161
149156
149069
149016
151793
148978
149010
148977
148973
148974
148975
148976
148962
148969
148967
148965
148944
148939
148945
148970
149050
149051
149054
149059
149075
149076
149078
149060
149058
149055
149048
149047
149046
148442
148441
148440
148318
148316
148308
148317
148314
148315
148933
148934
148935
148942
148937
148938
148932
148931
148319
148320
148443
149053
149052
149049
148936
148943
148941
148968
148959
148929
144265
149175
143938
149294
149502
151642
149497
149501
149529
149499
149500
149527
149439
151641
149433
149429
149434
149435
149436
149437
149152
149153
149154
149493
149494
149282
149283
149280
149281
149277
149146
149276
149278
149279
149256
149257
149267
149255
149254
149129
149253
149174
151847
149147
149148
149150
149137
149142
149139
149141
149143
149151
149149
149428
149496
149438
149495
146958
146959
149498
149284
149264
149024
149023
143939
148496
148501
149108
149405
149408
149414
149416
149431
149430
151921
149432
149443
149140
149113
149138
149134
149135
149136
149121
149122
149132
149133
149144
149145
149275
149252
149131
149130
149128
149126
149125
149117
149116
149115
149080
149094
149081
149120
149119
149118
149111
149106
149107
149105
148498
149096
149102
149101
149103
149099
149062
149079
149061
149114
149112
149109
149412
149415
149407
149411
148601
149406
148599
148600
149110
149104
148502
148500
148499
148497
148990
140083
149808
149805
149804
149766
149807
149760
149767
149765
149768
149758
149762
149748
149747
149744
149741
149742
151712
149738
149745
151713
149757
149753
149759
149752
149791
149793
149806
151715
149795
149800
151714
151716
151717
149830
149810
149811
149802
149801
149819
149821
143934
149817
149832
149831
149818
149835
149845
149834
149826
150311
149829
150318
150316
151844
150319
150320
151816
151815
150337
150376
150338
150321
149828
150317
149788
149827
150307
150310
150315
151661
151662
151663
149233
149234
151917
151918
151919
151920
150314
150336
150313
150322
150312
151922
150308
151923
150309
149824
149734
150305
150306
151801
151802
149822
149814
149815
149813
149816
151848
149790
149798
149797
149789
149751
149750
149749
149737
149736
149735
149671
149492
149490
149486
149487
149665
149669
149670
149675
149689
149688
149691
149721
149717
149724
149725
151800
149720
149726
149719
149718
149698
149694
149661
149664
149679
149656
149668
149667
149655
149653
149650
149646
149644
149645
149648
149657
149659
148804
148801
148799
148796
148652
148797
148653
148657
148658
148650
148651
148798
149649
148803
148802
149465
148659
149467
149466
149472
149470
149473
149647
149652
149658
149654
149684
149682
149683
149681
149716
149680
149678
149686
149687
149685
150339
149673
151836
149674
149666
149651
149475
149474
149491
149672
149676
149677
149690
149692
149722
149723
149733
149812
149731
150225
149823
149787
149825
149820
143933
149833
149799
149794
149792
149746
149743
149763
149764
149761
149754
149803
140087
140084
149809
143853
143856
143859
143858
143868
144150
148506
148510
148529
148533
148536
148585
148617
148625
148626
148639
148643
148647
149453
149460
149454
149469
149468
149471
149485
149488
149489
149604
149609
149611
149610
149615
149616
149212
149594
149605
149603
149592
149591
149589
149586
149587
149548
149538
149537
149533
149531
146951
149539
149541
151703
149547
151704
149597
151705
149595
149543
149542
149540
146946
149530
149521
149528
149532
146947
149536
149588
149535
149534
149450
149446
149447
149448
146955
146952
146953
147315
149449
149520
149481
149482
149590
149593
149596
149612
149600
149601
151707
149613
151708
149618
151709
149620
151710
149740
151711
149739
149619
149617
149599
151706
149598
149213
149209
149210
149608
149614
149607
151832
149606
149602
149484
149483
149479
149478
149476
149456
149455
149457
149451
149421
149420
149424
149426
149444
149442
149441
149440
149417
149413
149409
149410
148605
148609
148610
148611
148608
148606
148598
148604
148602
148603
146956
146957
146954
146949
146950
149423
149422
149419
149418
148612
148613
149425
149427
149445
147314
149458
149477
149480
149462
149461
149463
149464
148656
148654
148649
148641
148646
148655
149459
149452
148648
148644
148645
148642
148640
148607
148627
148628
148634
148636
148638
148637
148776
148782
148785
148786
148805
148806
148792
148793
148784
148772
148778
148777
148771
148770
148783
148781
148780
148779
148769
148633
148632
148635
148624
148622
148630
148631
148568
148569
148567
148563
148562
148557
148558
148561
148560
148559
148616
148615
148614
148540
148538
148537
148531
148555
148514
148546
148544
148545
148542
148543
148549
144158
143950
143949
143948
143936
143935
143930
143929
143931
143932
143893
143892
144153
144152
148509
143887
143882
143881
143886
143885
143891
143928
143927
143937
144157
144156
144155
144154
148512
148513
148539
148556
148547
148548
148552
148553
148566
148565
148629
148621
148618
148623
148593
148592
148590
148587
148581
148579
148571
148527
148528
148523
148526
148519
148572
148580
148583
148589
148620
148619
148591
148588
148586
148584
148541
148534
148535
148532
148530
148511
148508
144151
144148
143869
143867
143866
143857
143876
143888
149518
149524
149526
149525
149546
149544
143595
143613
143618
143614
143615
143620
143616
143621
143617
143627
143629
143631
143632
143619
143628
139777
143637
143640
143648
143851
143854
151782
143852
143833
143832
143827
143825
143605
143602
143604
143526
143524
143527
143523
143737
143730
143733
143731
143728
143727
151670
143520
143521
143518
143515
143495
143494
143498
143503
143486
143480
143474
143481
143483
143502
143504
143522
143729
143519
143517
143516
143529
143528
143606
143611
143612
143610
143639
143641
143636
146966
143638
146967
143635
143601
151809
143609
151664
143599
143607
143603
143525
143590
143513
143508
143509
143482
143479
143477
143478
143514
143592
143608
139778
143653
151749
143654
144149
148503
148505
148507
148524
148522
148521
148518
148402
148515
148400
148401
148399
148364
148385
143692
143691
148362
143645
143689
143634
143630
143633
143644
143642
143643
143647
148397
148398
148409
148520
148410
148525
148570
148574
148578
148582
148596
148597
148577
148576
148573
148469
148415
148407
148406
148504
148365
143693
143652
143646
149522
143623
143411
143413
143416
143417
143425
143426
143457
143462
143544
143552
143545
143461
143541
143460
143446
143443
143415
143456
143455
143424
143414
143412
143418
143422
143423
143468
143466
143472
143473
143485
143487
143488
143497
143496
143499
143484
143470
143471
143467
143465
143464
143433
143476
143427
143432
143459
143505
143506
143507
143512
143587
143591
143598
143600
143593
143596
143588
143586
143510
143594
143597
151888
143589
143585
143511
143458
143421
143419
143355
143383
143384
143398
143399
143397
143394
143555
143562
143564
143565
143568
143573
143580
143574
143578
143582
143579
143622
143576
143554
143553
143569
143577
143570
143546
143543
143551
143575
143572
143571
143561
143563
143567
143556
143566
143404
143382
139781
143309
143364
143369
143392
143539
143549
143559
143560
143395
143393
143390
143388
143374
143373
143378
143379
143351
143354
143352
143350
143349
143371
143377
143381
143391
143550
143548
143547
143396
143389
143370
143537
143538
143540
143542
143535
143534
140295
143532
143530
143311
143305
143439
143450
143451
143448
143453
143452
143445
143444
143442
143441
143435
143434
143282
143407
143409
143408
143406
143280
143279
143276
143277
143274
143275
143301
143300
143259
143257
143287
143284
143283
143202
143201
143199
143194
143196
143197
143179
143174
143184
143186
143189
143193
143243
143249
143253
143248
143244
143247
143246
143245
143262
143260
143264
143265
143266
143261
142005
142009
142004
142008
142002
142000
143241
142003
141726
141716
143242
143191
141991
141989
141988
143190
143188
141984
143185
143183
143173
143187
143192
143198
143200
143250
143255
143254
143256
143258
143272
143271
143263
143269
143267
142086
143268
143251
141717
143252
143273
143270
143281
143278
143302
143303
143410
143436
143437
143440
143447
143438
143304
143449
140296
143454
143536
143533
143531
143368
143365
143363
143362
143367
143366
143387
143376
143375
143372
143359
143331
143327
143237
143240
143294
143356
143357
143295
143297
143296
143286
143285
143230
143233
143232
143227
143231
143228
143229
139785
139786
139787
143293
143239
143238
143236
143328
143348
143360
143361
143358
143308
143310
139783
143299
139784
139782
143385
143180
143195
143181
143380
143665
143669
143670
143671
143674
143676
143677
148182
148183
148181
148176
148173
148177
151604
148178
148185
148190
148159
148171
148160
143668
143400
143675
143673
143672
143386
143666
143667
142087
142112
142113
142116
142117
142135
142136
142121
143469
143463
142120
142119
142118
142114
143420
142088
139780
139779
143685
151591
139793
139792
143687
143688
148330
148355
143584
143624
143626
148358
143625
139960
139959
139915
139914
143583
143684
148323
148328
148331
148343
148349
148351
148353
148379
148381
148383
148460
148466
148470
148473
148476
148477
148595
148594
148475
148575
148468
148474
148414
148467
148412
148411
148389
148392
148405
148404
148396
148395
148403
148390
148376
148373
148386
148387
148363
143690
148372
148374
148370
148369
148377
148368
148366
148334
148360
148356
148357
148332
148367
148359
148361
148393
148391
148388
148375
148394
148413
148472
148494
148495
148490
148491
148492
148493
151787
149095
149090
148489
151673
149091
149100
149098
149097
149057
149056
148456
148455
148454
148482
148452
148479
148483
148481
148480
148484
148463
148462
148461
148433
148432
148450
148448
148436
148438
148437
148435
148444
148446
148439
148434
148310
148309
148307
148290
148291
148426
148425
148427
148422
148421
148418
148417
148338
148339
148340
148337
148326
148335
148325
148324
148196
148195
148194
148193
148336
148206
148205
148284
148281
148282
148204
148203
148201
148200
148202
148197
148198
148286
148416
148419
148288
148287
148285
148346
148348
148341
148423
148420
148424
148431
148428
148429
148430
148458
148478
148451
148453
148449
148445
148447
148457
149089
148488
148487
148486
148485
148471
148465
148464
148459
148384
148382
148371
148380
148378
148354
148352
148347
148350
148345
148344
148342
148333
148329
148327
148322
143686
143683
143682
151767
148289
143581
143681
148321
143401
143403
143679
143680
143678
148180
148184
148179
143405
143402
148151
148169
148187
148192
148189
148188
151742
148191
148269
148283
148279
148267
148186
148170
148166
148157
146986
148230
148228
148224
148229
148234
148237
148273
148292
148297
148298
148300
148919
148920
148916
148918
148917
148874
148873
148263
148262
148868
148257
148255
148256
148258
148260
148233
148231
148220
148244
148214
148219
148212
148156
148213
148216
148155
148215
148167
148225
148265
148270
148266
148276
148278
148268
148227
148168
148153
148158
147648
148217
148247
148245
148254
148251
148259
148264
148915
148296
148299
148304
148303
148306
148280
148277
148275
148272
148271
148293
148301
148302
148295
148294
148274
148261
148236
148235
148232
148223
148222
148226
146988
146987
139765
143161
143160
143091
142989
143155
143153
142988
142983
142978
142984
143089
143088
143090
143093
143101
143167
143132
143168
143131
143169
143134
143133
143144
143145
143340
143658
143339
143338
143342
143337
143333
143334
143335
143344
143346
143347
143345
143330
143320
143329
143321
143322
143319
143332
143138
143137
143336
143139
143129
143135
143122
143121
143124
143123
143317
143318
143313
143315
143326
143325
143316
143324
143314
143323
143235
143234
143226
143225
143224
143221
143222
143207
143209
143210
143212
143215
143211
143047
143218
143217
143046
143045
143044
143041
143037
143039
143204
143205
143203
143182
143178
143177
143175
143035
143036
143028
143027
143176
143038
143029
143040
143206
143223
143216
143208
143220
143219
143119
143312
143043
143033
143034
143026
143025
143015
143017
143022
143021
143032
143110
143109
143108
143107
143105
143106
143077
143076
143075
143074
143125
143065
143057
143056
143055
143054
143053
143011
143012
143020
143018
143003
143001
143000
142932
142931
143006
143005
143009
142942
142943
143049
143048
142954
142955
142948
142947
151242
151247
151234
151236
151237
151235
151246
151222
151245
151244
151223
151219
151218
151220
151213
150799
151243
150800
150801
150802
150816
150790
150796
150795
150814
140362
140361
140358
140360
140359
150793
150791
150772
150773
150782
150771
150763
150770
151774
151775
150756
150755
150757
151776
151771
150758
140326
150767
146977
151984
150578
150575
150562
150579
151304
150573
150574
150564
150783
150768
150787
150797
150786
146973
146972
146975
150769
150563
146976
146974
140327
150766
150761
146970
146971
150764
150762
150792
150794
150789
140365
150788
150785
150784
150798
150781
150780
150774
150775
150778
151056
151054
151210
151209
151208
151061
151217
151215
151214
151076
151077
151227
151057
151041
151046
151047
151038
151036
151048
151050
151053
148988
148987
150571
150570
150569
150572
150576
150565
150554
150556
150555
150568
146978
146979
150567
150566
150561
151035
151034
150992
150991
150994
151613
151010
145154
150998
150993
150990
150989
150560
145153
144199
144197
150559
150558
150557
146980
144195
146981
144196
144198
144200
151037
151045
151039
151058
151059
151060
151049
151051
151055
151052
150777
150577
150779
150776
142916
142915
142918
142924
142923
142996
142995
142991
142992
142993
142913
142914
142919
142922
142929
142920
151212
151211
142921
142917
142927
151216
142930
142925
151221
142936
151233
142933
151226
151225
142934
142939
151238
142940
142949
143016
142941
142935
142937
142938
142926
142928
142999
142997
143002
143008
143010
143007
143050
143051
143052
142957
143058
143070
143069
143068
143072
143071
143023
143031
143019
143004
142998
143013
143014
142994
143030
143024
143042
143118
143120
143117
143116
143115
143114
143113
143112
143128
143111
143136
143143
143141
143130
143127
143098
143097
143096
143095
143081
143085
143082
143083
142971
142969
151269
151264
151260
151261
151262
151258
151259
151295
142945
142950
142952
142965
143062
143063
143066
143073
143064
143078
142966
142975
142964
142960
143061
143059
143060
142962
142956
142961
142953
142946
142944
151240
151239
151231
151228
151081
151080
151082
151229
151248
151159
151078
151067
151070
151028
151062
151063
151064
151066
151065
151075
151043
151040
151592
151813
151645
151646
151647
151648
151649
151650
151651
151652
151014
151015
151016
151029
151032
151005
151023
150855
150854
150849
150850
150838
150840
150983
150986
150985
150979
150981
150980
150977
150976
150978
150984
150835
148952
148953
150982
150839
150836
150837
150848
151620
151004
151001
151003
150999
151019
151000
151018
151002
151021
150988
151024
150987
151026
150996
150995
150997
151042
151044
151027
151025
151022
151020
151069
151033
151079
151071
151072
151074
151073
151224
151241
151232
151230
142958
142951
151250
142959
151252
151251
142963
142973
143080
142974
143079
143086
143087
143067
143099
143140
143126
143103
143104
143102
143094
143084
142985
142972
142970
151268
151267
151286
151296
151290
151291
150406
150404
151271
151256
151255
151257
151253
151249
151161
151156
151150
151149
151158
151157
151154
151148
151106
151107
151030
151031
151007
151009
143889
143890
151653
150853
150851
150852
150859
151006
151017
151147
151108
151068
151160
151254
151166
151169
150405
142979
151287
151266
151265
151263
142967
142968
142976
142977
142981
142987
142986
139767
139768
147616
147620
147624
148139
147619
143172
148137
148145
148140
148142
148174
151985
148175
148144
148146
148172
148143
143664
143661
143662
150759
143659
143353
143343
143341
143663
143660
148150
148161
148148
148141
148138
143656
143142
143655
143657
143170
151746
143171
150760
143166
147613
143165
143163
143164
147621
147622
147623
147614
143100
143092
139766
147640
148147
151288
151289
142980
142982
151167
151168
139769
139770
147584
147615
147618
147617
147639
148149
147641
147646
148152
148154
147643
147644
147647
148207
148208
147708
148211
148221
148243
148246
148241
148248
148252
148867
148871
148877
148897
148896
148898
148899
151744
148911
148892
148893
148891
148890
147982
147980
147981
147984
147979
147978
147971
147973
148007
148008
147992
147989
147991
147990
147988
147925
147972
147968
147970
147976
147974
147977
147983
148882
148881
148883
148884
148895
151760
148888
148886
148887
148866
148865
148861
148860
147963
147961
147960
147962
147975
147969
147967
147933
147931
147932
147926
147921
147927
147964
147965
147958
147957
147944
147954
147953
147952
147942
147941
147939
147916
147917
147913
147914
147907
147908
147904
147897
147903
147902
147890
147889
147900
147895
147894
147812
147813
147877
147878
147885
147887
147892
147934
147886
147882
147695
147938
147948
147937
147945
147741
147950
147949
147742
148249
148250
148240
147736
147735
147733
147730
147722
147728
147721
147720
147670
147689
147687
147719
147723
147727
147738
147739
147724
147726
147693
147691
147674
147677
147678
147681
147685
147880
147881
147883
147873
147874
147816
147815
147808
147806
147804
147803
147802
147796
147792
147791
147794
147786
147775
147780
147779
147783
147784
147787
147788
147569
147567
147571
147572
147676
147566
147562
147558
147557
147554
147552
147551
147549
147548
147546
147544
147508
147503
147506
147505
147776
147512
147778
147495
147504
147547
147528
147560
147561
147541
147671
147672
147688
147673
147543
147655
147656
147542
147532
147531
147529
147525
147530
147527
147510
147509
147511
147553
147550
147570
147559
147785
147568
147556
147555
147782
147777
147774
147781
147789
147790
147680
147797
147682
147805
147807
147810
147811
147801
147795
147798
147799
147793
147800
147809
147814
147872
147871
147684
147679
147563
147564
147565
147675
147694
147690
147686
147658
147659
147666
147669
147704
147712
147714
147710
147717
147718
147729
147732
147716
147737
147734
147731
147740
147947
147725
147692
147683
147884
147875
147876
147817
147879
147888
147901
147896
147905
147912
147891
147893
147936
147935
147940
147946
147943
147918
147928
147915
147920
147924
147910
147919
147929
147930
147966
147959
147956
147955
147951
148856
148857
148864
148885
148863
148862
151637
148889
148894
148876
148859
148858
148253
148242
148239
148238
148218
148210
148209
147707
147709
147706
147699
147713
147711
147703
147664
147665
147702
147700
147701
147668
147667
147652
147657
147536
147535
147540
147539
147538
147523
147513
147522
147524
147526
147481
147502
147545
147507
147500
147498
147491
147489
147494
147496
147490
142910
147363
147362
147482
147485
147484
147497
147478
147475
147468
147476
147465
147356
147355
147358
147352
147351
147350
147349
147323
147347
147346
147345
147331
147338
147340
147341
147463
147464
147459
147460
147474
147469
147470
147461
147462
147387
147388
147302
147297
147296
147285
147284
147283
147287
147291
147299
147301
147336
147293
147292
147324
147333
147334
147329
147326
147325
147304
147316
147328
147263
147261
147262
147258
147259
147256
147255
147236
147235
147234
147233
147225
147222
147224
147245
147246
147250
147248
147244
147173
147174
147223
147230
147228
147231
147227
147232
147226
147252
147254
147253
147251
147290
147288
147289
147260
147257
147242
147241
147286
147300
147303
147458
147335
147332
147339
147337
147330
147327
147317
147311
147312
147318
147319
147321
147313
147342
147343
147322
147320
147348
147354
147344
147357
147466
147467
147477
147483
147359
147360
147361
142909
147353
147493
147487
147488
147486
147492
147501
147499
147480
147479
147514
147519
147517
147516
147515
147441
147533
147454
147649
147650
147654
147651
147601
147602
147662
147611
147612
147635
147636
147633
147605
147606
147604
147596
147595
147592
147591
147579
147577
147427
147426
147421
147419
147418
147417
147443
147449
147593
147600
147597
147452
147448
147447
147453
147439
147438
147436
147401
147399
147400
147398
147397
147391
147386
147389
147298
147383
147382
147384
147385
147392
147395
147429
147446
147430
147431
147381
147403
147376
147379
147380
147375
147406
151302
151284
151282
151301
151191
151192
151207
151178
151177
151206
151205
151137
151204
151203
151136
147264
147265
147278
147279
147280
147368
147369
147377
147371
147277
147275
147271
147272
147270
147243
147229
147238
147237
147268
147269
147267
147240
147239
151135
151142
151140
151139
151134
151175
151176
151186
151185
151190
151189
151180
151174
151170
151130
151128
151129
151173
151171
151132
151131
151133
151138
151141
147274
147266
151145
147273
151143
151144
147364
147276
151188
151187
147365
151193
151279
147407
147416
147405
147373
147374
147366
147367
147378
147396
147372
147370
147282
147281
147294
147295
147390
147393
147394
147428
147437
147445
147444
147442
147432
147404
147402
147415
147420
147423
147450
147451
147594
147598
147610
147609
147608
147599
147455
147457
147456
147440
147435
147434
147433
147472
147471
147473
147521
147520
147518
147534
147537
147653
147663
147660
147661
147696
147697
147698
147715
147705
147637
147634
147629
147632
147645
147625
147630
147627
147589
147626
147590
147585
147576
147575
147581
147425
147580
147588
147578
147603
147424
147422
147409
147410
143148
147411
143151
139791
139790
143152
151300
151299
151293
151292
151294
151303
151283
151280
151184
151272
151273
151276
151278
151270
151165
151164
151162
151152
151179
151172
151151
151163
151181
151183
151182
151281
151277
151298
147414
143146
143147
147408
147412
147574
147573
143156
147582
147586
147607
147642
147631
147638
147628
147587
147583
143162
143159
143158
147821
143157
143154
151274
151275
143149
143150
147413
151297
147818
147819
151796
147898
147906
147899
147909
146963
148902
148903
148904
148879
148905
148872
148878
148875
148869
148870
146964
151679
148900
146965
148912
151794
148305
148921
148922
148927
148926
148924
148928
148930
148947
151701
151702
148949
148951
148956
148957
148961
148914
148913
148908
148907
148948
148906
148880
148901
148910
148909
148955
148954
148950
148946
148925
148923
148313
148312
148311
140078
150194
150196
150205
150238
150242
150252
150251
150275
150276
150258
150280
150287
150289
150290
150292
150304
150303
150367
150299
150291
150277
150302
150301
150300
150359
150360
150355
150354
150353
150352
150351
150349
150350
151759
150362
150342
150340
150341
150346
150357
151863
150356
150380
150345
150335
150333
150347
150348
150284
150293
150294
150297
150298
150288
150281
150279
150282
150278
150272
150273
150274
150283
150286
150328
150327
150326
150324
150325
150266
150323
150263
150265
150260
150264
150261
150267
150269
150271
150270
150268
150262
150295
150331
150296
150285
150259
150329
150330
150332
150334
150343
150344
150358
150361
150363
150364
150365
150381
151643
151788
151831
150257
150256
151720
150255
150253
150254
150234
150233
150232
150227
151719
150226
151718
150235
150230
150231
150229
150220
150228
150208
150209
150218
150219
150213
150214
150215
150216
150217
150243
150244
150245
150247
150250
150240
150236
150202
150201
150192
150193
150210
151747
150191
143921
150190
149715
150206
149729
149730
149732
150207
149728
149727
149710
149697
149703
149711
149713
150185
150184
149708
149705
150187
150188
150183
148855
148854
148847
148848
148852
149700
149702
149701
148851
148849
148845
149695
149693
149663
149662
149660
148818
148809
148810
148814
148817
148815
148816
148841
148844
148811
148813
148808
148812
148807
148800
148819
148820
148843
148842
148850
148846
148840
148853
149704
149707
149706
149699
149696
149712
149709
149714
143922
150189
150198
150199
150212
150211
151745
150221
150222
150224
150246
150223
150249
150248
150241
150239
150237
150204
150203
150200
150197
150195
150186
140079
