3227
73059
73060
76645
73063
73064
73065
73066
220036
220560
220570
215269
219640
220880
220881
221136
220401
220400
220731
224811
224812
220327
224759
224760
224445
224443
224821
224820
224009
220910
220911
220912
224010
220270
220269
224794
224795
224796
220295
220294
220335
220341
223985
217721
224254
220351
224255
220350
220676
220678
220723
220724
224287
224284
224285
224286
224276
220734
220737
220736
220764
220926
220765
220925
224536
220927
220931
220928
220934
220937
220936
220938
220939
220940
220945
221059
224664
221060
221056
221058
221061
221063
224290
221057
221070
221062
221071
221072
224808
224809
221075
221076
221080
221082
221085
221084
221086
221117
221122
221123
221124
221116
221113
221115
221125
221126
221099
221114
221111
221110
221109
221103
221107
221106
221101
221093
221100
221088
221089
224662
221087
221090
221066
221067
221051
224649
221068
224651
221042
221041
221038
221037
221045
221046
221047
221048
220944
220943
221044
221036
220755
220773
220941
220771
220772
224859
220769
220745
224862
220744
220758
220766
224551
220757
224865
220768
224288
224762
220756
224863
220770
220754
220748
220749
220751
220863
220900
220864
221035
220750
220707
220746
220747
220706
224283
224864
220705
220741
220702
220704
220698
220738
220740
220694
220696
224282
220697
220701
220703
220682
220699
220700
221009
221010
221011
224648
221012
221013
221014
221015
221016
221001
221007
221008
218422
221021
221022
221020
221024
221025
224650
223330
223301
224748
223300
223331
224531
224532
224530
221049
221050
224656
217429
217430
224653
224658
224655
224659
224661
224657
224660
224654
217447
221095
221032
221054
221030
221031
224295
220551
220549
220553
220548
220550
220547
220528
220546
220545
220571
220578
220579
220582
220568
220569
220572
220573
224293
220529
220567
220521
220522
220519
218407
224253
218408
224257
224259
224264
224252
218143
220742
220532
224957
220531
220539
220538
220543
220544
220999
221002
221004
221005
221006
220998
221000
220542
220541
220540
224278
220684
220685
224666
220687
224667
220398
224665
220679
224853
223719
223720
220390
220379
220378
220380
220391
220395
220392
224277
220387
220393
220396
220384
220388
220530
220385
220381
220359
220382
220357
220358
220339
220340
224805
224953
224804
224806
224807
220337
220336
220338
220347
224954
220346
224267
220536
220386
220383
220394
220537
220534
220533
220527
220525
220526
220535
221028
221033
221029
221034
220577
221023
221026
221027
221018
221019
224528
218421
218653
219504
219505
220686
220680
220688
220689
224280
224668
224279
224281
220683
224956
220681
224671
224670
221017
221039
221040
221069
224291
224652
221043
221053
221052
221091
221092
221102
221098
221112
221108
221105
221104
221083
221081
221079
224314
221078
221077
221094
221073
221074
221055
220942
220933
220947
220948
220929
220930
224431
220935
220932
220767
220762
220761
220902
220903
218138
220759
220760
220763
220743
218137
220735
220739
220695
220980
220677
220397
220389
224272
220376
220377
224265
220367
220366
220373
220372
220374
220375
220362
220363
220823
220360
220365
220370
220371
224851
224878
224852
220364
220368
220369
220332
220353
221712
220352
220343
220342
220356
220361
224815
220348
220349
223934
223939
218142
220334
220274
220235
220280
220271
220247
220272
220260
220245
220244
220243
220238
220229
220255
220227
220030
220226
220230
224581
220231
220233
220232
220242
220234
220031
220246
220033
220248
220032
220034
220035
220239
220240
220241
220228
220273
220279
217720
219273
218338
218337
218344
220285
220237
220223
220028
220029
220326
220328
220331
220330
224600
220329
220293
219354
219561
215399
215270
221065
221121
221582
220989
220990
221064
221120
224312
224313
221119
221118
218028
218029
218038
224943
224944
224945
218032
218040
215321
220333
220296
224535
220325
220599
220616
220596
224565
224569
220628
220626
220581
218427
218426
215685
218191
224558
224776
224774
224246
224271
218180
218179
218164
218162
218161
224244
218160
218163
220282
219708
218183
224242
218203
220552
224245
218204
218185
218158
224498
218157
218045
224243
218046
218063
218031
218042
218047
218033
224588
218039
220281
218053
218067
224248
220283
221097
221808
220314
220304
220586
220589
220588
224556
224557
215995
224568
224501
224500
218177
218178
218175
218181
218176
218166
218065
218168
218170
218169
218173
218174
218167
218172
220585
224775
218171
216081
216082
220583
224946
220302
224562
218058
224561
218380
218062
218044
218043
218056
218159
224638
224754
224637
224746
216430
224761
216424
216423
224576
218066
224499
215994
220590
220322
224566
220594
224567
220580
220321
220308
220309
224564
220591
224816
222342
224559
220318
224563
220317
220319
220323
220312
220324
220253
220254
220313
224250
224249
220345
220344
220291
220290
220310
220311
220587
224560
220584
220316
219950
219951
220307
220305
224251
219825
220301
219826
221096
220303
220315
220298
220284
218051
218054
218050
218041
218030
218057
218156
218064
218068
218165
218055
218061
218182
220592
220593
220595
215684
218192
220575
220574
220320
219079
219078
219112
219246
219245
220297
215322
216527
216528
220288
220292
220287
220289
218052
224247
218075
218076
218144
218145
218146
224034
218201
224032
218188
218187
218194
218195
218196
218133
218132
218128
218127
218193
219699
218124
218131
220924
220953
224582
220954
220966
220955
220922
220923
220917
220946
220916
220915
220890
220914
220913
220889
220921
220920
220919
218125
220959
220949
218059
220268
220275
218060
220276
220278
224266
220251
218148
220257
220267
218149
220256
220261
220262
220249
220037
220038
215349
219127
219126
219130
219133
224412
219123
219132
221134
221135
221137
221177
221178
221179
221207
219201
221175
221176
221183
221189
221188
221185
221186
221184
221156
221155
221160
221161
219381
219382
220965
220891
220964
221157
221154
221152
221159
221143
221142
221141
221130
221129
221131
221151
221150
221147
220878
220882
221158
220888
220887
220883
220885
220884
220874
220907
220950
220951
218199
218200
220909
220906
220690
220896
220894
220895
220904
220832
220831
220830
220829
220870
220868
220876
220879
221145
215839
215840
220862
220869
220866
220865
220825
220824
220808
220814
220789
220790
220813
220815
220658
220817
220819
220827
220820
220818
220727
220729
220725
220728
220726
224940
220714
220718
220732
220733
220722
220719
220717
220720
220721
220715
220716
220675
220674
220672
220711
220649
220646
220664
220650
220660
220659
220656
220652
220651
220653
220655
220639
220640
220641
220632
220633
220634
220644
220624
220621
220622
224275
224274
220610
220671
220609
224269
220608
224273
220607
220605
220606
220601
220603
220604
224537
220602
220598
220597
220611
220612
220613
220614
220617
220600
220620
220619
220615
220631
220636
220637
220635
220627
220618
220638
220300
224270
224960
224962
224963
224961
220787
220785
220629
220630
220786
224571
220779
220781
224322
224321
224323
224325
218186
224327
216025
220843
220846
220847
224319
224524
220901
220854
220855
220856
220858
220859
221127
221128
219124
218264
220852
220860
219122
220844
220857
224860
218257
218279
219107
219147
219149
219158
219111
219119
219118
219117
219106
224586
224587
224585
216037
224324
216036
218277
219113
216046
218267
219115
219120
218233
218234
219116
219182
219183
219195
219215
219214
219216
219171
219203
219204
219244
219243
219258
219261
224553
224554
224552
219257
219233
219274
219255
219254
219260
219253
224628
219250
219251
224359
219104
219098
219103
220236
219155
219156
219153
219154
219137
215810
219139
219138
219141
221198
216521
219181
221201
219151
219150
219187
219202
219148
219140
219144
219157
219164
219165
219166
219175
219176
219184
219177
219178
219162
219167
219142
219143
215809
219094
219105
224625
216385
219145
216121
224031
216122
216116
216117
218198
218197
218202
218210
218209
218214
218208
218232
218215
218241
218235
218236
218246
218255
218254
218242
218243
218237
218238
218240
218244
218249
218250
218205
218207
218220
218218
218219
218206
218365
218605
221003
222608
218184
217838
224572
224579
224578
224522
218211
224086
224519
224523
215457
224744
215458
224256
224263
218272
218273
218212
224573
224577
218213
224045
224398
224574
222542
217837
216386
224626
216410
216411
216418
219095
219097
220667
219108
221508
219136
221533
219100
219101
219102
219099
218154
224033
218155
224411
220663
220666
216318
219135
219134
219096
219252
219160
219159
219161
219256
215664
215665
219185
219205
219179
219170
219169
219207
219217
219198
219197
219190
219196
219188
224870
219189
219186
219180
216522
219114
219110
216420
216422
224598
219146
218278
218266
218274
218271
218270
218258
224326
218269
218268
218263
218259
218260
218252
218251
218253
218265
218256
220842
224861
220837
220834
220801
220802
220800
220799
220836
220835
218247
218248
220841
216421
220840
220838
220848
218261
218262
220845
220805
220839
220804
216024
220803
220849
218036
218037
220788
220776
218189
220775
220777
220782
220798
220797
220796
220784
220783
220795
220778
220774
218223
218227
218229
218230
224320
224399
218231
218239
218228
218226
218225
218224
218190
220780
224575
219609
219608
220299
220306
220791
224645
220642
220643
220654
220648
220625
220623
220673
220670
220713
220712
220668
220665
220669
220812
220657
220810
220807
220806
220792
220816
220809
220826
220853
220861
220875
220867
220828
220821
220822
220893
220730
220710
220691
220905
220833
220873
220886
220872
220877
220871
221146
221148
220892
219383
221153
221164
221144
221800
221182
219212
219211
219200
219199
219194
221139
221138
221140
221133
224871
221132
219193
219128
219129
219131
219121
219109
219125
215350
219227
219228
219229
219230
219231
219232
218474
219000
221546
221563
221565
221575
219395
224708
219403
221566
221771
221783
224315
221779
221778
221781
221782
221786
221768
221785
221770
221769
221799
221798
221765
221766
221797
224444
221817
221806
221816
222602
221821
221795
224521
221804
221929
221802
221791
221794
221790
221758
221757
221655
221654
221642
221652
221641
221639
221644
221746
221741
221743
221749
221753
221761
221762
221764
224713
221755
221752
221772
221571
221573
221570
221569
221567
221549
221550
221551
221545
221542
221548
218480
218479
221498
221541
221543
221500
221501
221555
221561
221564
221560
221557
221556
224332
221599
221600
221554
221559
221489
221487
221490
221499
221496
221495
221494
221484
221518
224316
221535
221544
221534
221532
221536
221750
221751
221528
221527
221526
221740
221739
221525
221521
221460
221459
221458
221456
221455
224555
224405
224333
224334
221447
221453
221424
221443
221445
221450
221633
221448
221635
221417
221418
221415
221439
221414
221413
221412
221405
221426
221403
221404
221354
221342
221344
221361
221371
222566
222565
222445
222120
221355
221235
221356
221357
221210
221714
221208
221335
221340
221390
221400
221397
221406
221396
221395
221393
221394
221392
221391
221350
221347
221348
221345
221346
219314
219318
219356
219357
224341
219353
219349
219351
219352
219365
219366
219369
219372
221410
219376
221409
222403
221411
221604
221408
219371
219370
219694
219364
219363
219362
219332
219329
219337
219336
224350
219321
219333
219280
219328
219327
219322
219323
219325
219279
219287
219288
219289
219291
219326
219346
219345
219347
219311
219313
219299
219304
219305
219302
219218
219219
219224
219223
219213
219210
219206
224357
224355
224356
219271
219270
219268
219269
220645
219278
224875
224876
219282
219276
219284
219297
219296
219294
219295
219292
219208
219209
219221
219220
219222
221200
221206
224358
221331
221330
221195
221181
224629
221180
221191
221202
221193
221194
221199
219301
222267
219300
219298
219312
219308
219309
219285
219307
219310
219331
219290
219272
219283
219277
219286
224634
224632
224633
219293
224631
219275
219330
219324
219340
219350
219361
219348
219315
219316
219359
219355
219317
219306
219303
221333
219319
219358
221351
219360
221399
221352
221349
221336
221337
221334
221332
221204
221231
221236
221229
221230
221234
221209
222121
221358
221372
221375
221343
221339
221341
221338
221402
221401
221353
221398
221407
221444
221449
224607
224608
224609
224610
221440
221428
221427
221425
221420
221421
221422
221433
221387
221431
221432
221436
221437
221442
221506
221507
221510
221513
221522
221523
221529
221520
221519
221516
221514
221515
221479
221480
221474
221472
224714
221473
221470
221471
221462
221469
221467
221476
221477
221475
224605
221465
221463
221368
221365
221367
221461
221310
221309
221307
221312
221246
221308
224763
221225
221243
221244
221251
221360
221369
224352
224353
221385
219899
219898
221374
221373
224351
224630
221238
221237
221241
221240
221223
221233
221379
221380
221377
221370
221362
221359
221239
221247
221252
221242
221224
221250
221366
221253
221364
221363
221378
221383
221464
221311
221468
221478
221481
221512
221511
221505
221504
221503
221502
221441
221389
221388
221386
221384
221376
221419
221381
221382
221430
221446
221429
221423
221434
221438
221435
221454
221451
221457
221509
221524
221538
221530
221531
221517
221482
221483
219059
221497
219056
221547
221539
221540
221754
221745
221744
221742
221738
221640
221452
221634
221643
224616
221653
221756
221759
221796
221805
221760
221747
221748
221763
221775
221773
221780
224024
221788
221774
221574
221568
221552
219394
221572
221562
219402
218475
215673
219723
219740
219741
219743
219744
219902
219905
219907
217350
219901
219752
219753
219746
219734
219739
219764
219766
219936
224912
219938
219939
219937
219941
219945
219948
219949
219965
219963
219964
224344
224346
224624
224345
219962
219961
219947
219944
219921
219923
219922
219917
219916
219918
219929
219930
219926
219919
219910
219911
219912
219915
219913
219914
219932
219946
219943
224623
219772
219942
219783
219787
219784
219770
219781
219782
219777
219775
219778
219774
219758
219760
219761
219759
221618
221617
221616
221607
221606
221416
219377
219374
219698
219702
219703
219715
219719
219718
219717
219713
219710
219711
219712
219768
224421
219754
219751
219755
219773
224619
219748
219750
219685
219686
219732
219729
224512
219728
219730
219731
219727
219733
219681
219726
219682
215697
215705
219677
219676
219674
219661
219664
219663
219671
219673
219706
219707
219690
219691
217998
219341
219367
219692
219693
219373
219339
219342
219343
219344
219670
224934
224935
219667
219659
219666
219665
217988
217987
224349
224348
219657
219320
219334
221767
219658
219335
219338
217997
219669
219672
219668
219662
219675
219678
219635
219632
219634
219642
219643
219650
219653
219654
219656
219646
219645
219639
219638
219636
219637
219651
219641
219633
219630
219629
219684
219631
215696
215702
219689
222549
219680
219679
219683
219709
219695
219696
219714
219701
219375
219380
219700
219704
219705
219716
219720
219721
219756
219757
219762
219763
219776
219769
219747
219940
219771
219920
219767
224939
219765
219749
219736
219737
219735
224347
218539
218540
219745
218484
218483
219908
219909
217277
217276
219900
219655
219742
219725
219724
219644
219652
219722
219688
215674
215827
221169
221171
221216
221214
221217
221213
221215
221232
224745
221212
221211
221205
221203
221197
221196
221190
221187
221170
217257
224151
224825
218115
218116
224925
220218
224360
224733
224800
220492
220493
224672
224677
220258
224680
224928
224929
224930
224927
224798
224817
224931
224932
224818
224826
224933
224681
224678
224679
224799
218129
224502
224676
224682
220259
220496
224684
220495
220494
222585
222584
220222
220221
222583
220212
222582
220211
222581
220210
222598
222580
222597
222599
222595
222594
222593
222592
222589
222588
222574
222573
222575
218482
218481
220172
220165
220164
220168
220137
220138
220170
220169
220174
224639
220175
220176
220162
220163
220166
220167
220188
220189
220194
220204
220215
220206
220205
220196
224423
224545
220195
220102
220197
220117
220186
224305
220201
220202
220478
220480
220199
220200
220187
220198
220115
220114
220422
220423
220473
220474
220475
224692
224922
220424
224695
224696
224693
224694
224699
224770
220483
220485
224544
224543
220461
224700
220500
220509
220510
220511
220512
220514
220556
220515
220561
220562
224955
220558
220559
220565
220566
220563
220576
220564
224299
220557
220524
220523
220554
220472
224701
220471
220470
220467
220464
220463
220462
220456
220454
220455
220453
220452
220457
220438
220466
220436
220439
220440
220447
220446
220419
224844
220444
220443
220448
220432
224674
220442
224538
224539
224540
220433
220431
220441
224769
220277
220404
220430
220402
220403
218153
220399
224948
220087
220088
224675
220252
220250
218152
220425
220420
220445
220437
220451
220426
220427
220406
220418
220428
220417
220416
220412
220413
220113
224673
220112
220411
224947
220107
220108
220105
220106
220408
220409
220407
220104
220103
220091
220090
220092
220089
220098
220094
220096
220111
220110
220095
220085
220086
220084
220179
220183
220185
220184
220190
220191
220203
220181
220180
220155
220157
220149
220152
220150
220151
220128
220142
220143
220141
220146
220147
220135
220145
220134
220133
220130
220051
220131
220047
220049
220052
220053
224647
224758
220054
220057
220048
220050
220046
220044
224782
220045
220042
220041
220120
220121
220123
220124
220126
220076
220075
220077
224354
224919
224918
220073
220081
220074
220082
220080
220062
224422
220063
220070
219008
220079
220078
220097
224268
219009
220066
220065
220064
224495
224721
224720
220069
220072
220067
220071
220068
224952
220122
220118
220119
220040
220039
220043
220140
220132
220139
220125
220129
224753
224921
224920
220148
220154
220083
220410
220414
220415
220405
220458
220459
220468
220507
220508
220517
220518
220505
220490
220497
220499
224686
224685
220498
224669
220898
220516
220506
224970
220491
224690
224689
224691
224688
224687
224300
224302
224301
224303
224304
220487
224534
224529
224533
220477
220486
220488
220489
220504
220513
220503
220502
220469
220465
220460
224698
220501
220484
224819
220429
224697
220421
220476
220127
217416
217415
220099
220116
221149
220100
220101
220479
224969
220482
220214
220192
220193
220182
220158
220156
220153
220159
223746
220144
220136
220058
220060
220055
220056
220059
220061
220171
220173
222576
222577
222578
222579
220178
220177
220207
220208
220209
220213
220219
220220
220216
218130
218147
224683
224727
224926
220217
220481
217258
221165
221166
215654
215655
221598
221605
224715
221595
221596
224716
218221
218216
221594
218222
221586
224781
221583
222139
221588
221587
221581
221579
221578
221577
220995
220994
224306
224310
224663
220958
220962
220978
220983
220992
220997
220996
220993
221277
221280
221283
221284
221289
221295
221591
221316
221592
221314
221317
221325
224330
221322
221321
221304
224328
224329
221303
221273
221300
221306
221305
221297
221296
221299
221226
221227
221228
221245
221301
221222
221220
221174
221271
221266
221265
221268
221269
221260
221262
224583
221258
224584
221263
220972
220973
224525
224764
221267
224765
220976
221274
220986
220987
224709
224710
224711
220988
220984
220975
220981
220974
220968
220967
220960
220963
220971
220970
219264
219265
219262
219263
221264
220661
224718
220662
224717
224719
219266
221192
219267
221285
221257
221254
221255
224318
221256
224317
221162
221168
221172
221218
221167
221163
221249
221248
221261
221259
221270
221173
221219
221221
221298
221302
221315
221272
221313
221466
221323
221485
221327
221486
221491
221492
221553
218994
216510
216523
216511
221603
218995
221558
221328
221326
221324
221320
221294
221293
221290
221291
221286
221590
221589
221292
221288
221275
221279
221281
221276
220985
220982
220969
220961
220956
220957
224307
220977
224308
224309
224311
220979
221278
221282
221580
221584
221585
218217
224434
221593
221329
221493
221488
219647
224130
224133
224131
224132
219798
219805
219649
219648
224030
219828
224128
224127
224129
224125
224126
219827
219906
219924
224621
219925
219928
224340
219927
219979
219933
219981
219983
219982
224513
219980
219935
219934
219931
219904
219903
215836
215837
221664
221665
221660
221663
221661
221662
221619
221620
220811
221623
221624
221625
221627
221650
221707
221716
221733
221810
221811
224602
221936
224603
221812
221931
221932
224604
221813
221930
221793
221789
221715
221718
221719
221801
221658
221648
221649
221656
221637
221638
221632
221612
221611
221613
221610
221636
221645
221657
221647
221659
221792
221807
221933
221934
224439
224438
221877
221940
221872
221871
221873
221893
221878
221896
224440
224441
221897
221895
221892
221891
224442
224599
221601
221602
223529
221928
221927
221887
221909
221886
221884
221852
221879
221880
221881
221882
221888
221869
221867
221866
221860
221859
221863
221734
221730
221728
221727
221857
221856
221835
221864
221833
221823
221845
221848
221832
221842
221844
221843
221838
221837
224614
224915
221825
221822
219955
219954
219956
219957
219958
219959
219952
219960
219969
224613
219968
219972
219974
219977
221900
224911
219970
219966
219967
224514
224511
219953
219792
219791
219790
219786
219785
219788
219779
219780
221682
221684
221685
221683
221937
224474
221686
221689
221862
221861
221690
224618
221699
221700
221819
221828
221693
221694
224612
221827
224916
221692
221691
221703
221704
221725
221726
221722
221720
221724
221698
221680
221696
221679
221676
221681
221708
221706
221709
221631
221629
221630
221675
221677
221678
221621
221622
221673
221674
221668
221669
221687
221671
221672
221938
218541
218542
224435
221670
221697
221702
221701
221695
221688
221667
219789
219793
221776
224917
221777
219975
221826
221840
219976
221841
221824
221820
221834
221723
221721
221729
221858
221865
221847
221846
221849
221853
221854
221855
221885
221883
218443
224520
218442
221915
221889
221890
221868
220027
224728
221870
221737
221818
221876
220026
220918
221736
221809
221717
221735
221713
221711
221710
221705
221651
221646
221628
221626
221615
221614
221609
220794
221608
220793
221666
219971
219998
219999
220004
220005
220017
220019
221901
220020
221902
221917
221920
221919
222514
222516
222513
222525
222510
222507
222508
222511
222505
222471
220012
220013
220025
220007
220011
220014
220022
220009
220008
219994
219993
220692
224620
224841
224515
224516
221839
221830
224617
221831
224622
221836
220693
224342
224517
224343
224849
224850
224847
224848
224846
224845
219986
219985
219989
219992
220010
219987
222506
220006
222512
222515
222469
222468
220024
220023
220016
219997
219995
221907
222556
222557
221908
222558
222559
221925
221924
221922
221911
221906
221910
224778
221851
221850
221899
221903
221905
221904
221913
221914
221918
221921
221912
221916
220021
221898
220018
220015
220002
220003
220000
220001
219996
219973
