3053
186193
186204
186206
189746
189747
190120
190122
190124
190123
190125
189762
189770
189752
189686
189683
189684
189676
189677
189754
190608
190506
190500
190504
190501
190498
190496
189652
187371
189663
189673
189648
190505
190503
190502
190615
187364
189649
187363
187386
187387
190811
190812
190817
190818
190611
190612
190616
190814
190813
190710
190815
190618
190619
187370
187369
190673
190622
190509
190510
187380
187383
189653
189655
189658
189659
187350
187351
187349
187353
187352
187326
187354
187356
187515
187517
187518
187523
187522
187527
187520
187390
187392
187393
187524
187514
187376
187374
187373
187513
187381
187328
187337
187335
187336
187334
187323
187338
187348
187327
189657
189656
189660
189661
189654
190507
187372
187382
187325
187377
190508
187368
187379
187378
187375
187367
187366
190621
190617
190620
189651
190610
190609
190497
189679
189680
189650
189678
187362
190816
187365
187391
187385
187360
187384
187359
187315
187314
187316
187320
189644
189643
190613
189671
189640
189641
189642
187361
187317
190499
189647
189646
189645
190614
189672
189675
189674
189681
189682
189687
189670
186196
189638
189639
189407
187319
189406
189408
189410
189411
189413
189417
189418
189421
189419
189423
189424
189422
189425
189431
189428
189437
189436
189441
189448
189450
189449
189454
189453
189451
189452
189455
189456
189458
190532
189547
189457
189460
189459
190533
188930
188931
188922
188923
188924
188925
189446
188757
188755
188756
188758
188754
188733
188746
188743
188744
188734
188735
188700
188701
188691
188669
188682
188683
188693
188689
188697
187577
187574
187570
187569
187567
187568
187555
187547
187548
187549
187536
187512
187498
187496
187497
187501
187502
187407
187345
187346
187330
187332
187331
187342
187333
187341
187329
187344
187343
187340
187339
187511
187508
187506
187554
187556
187560
187572
187573
188670
188692
188698
188736
188745
189443
189442
189440
188740
188741
188738
188699
188695
188685
188684
188686
188687
189433
189432
189430
189426
187584
187586
187583
187565
187580
187576
187575
187571
187559
187535
187537
187503
187505
187531
187516
187530
187532
187533
187534
187540
187539
187566
187585
187541
187542
187525
187526
187355
187357
187358
187322
187324
187321
187504
187561
187538
187563
187562
187564
188688
187581
187582
187579
187578
188694
188696
188739
188742
188737
189445
187003
187001
187035
190753
190666
190667
190752
187038
187037
190696
190695
187036
190751
190534
190535
187034
187032
187031
187033
187030
187028
187029
187026
190668
187012
187025
187002
186997
186990
187027
187000
186991
189447
187004
186993
186992
186994
186998
186999
187008
187007
190665
190822
190513
190514
190515
186977
186952
186950
186944
186945
186940
186939
186942
186943
186955
186959
186956
186957
186972
186975
186987
187009
187021
187023
187024
187020
190516
190728
190743
190742
190738
190740
190741
190735
190734
190739
190736
190737
187073
187072
190518
190732
190733
190694
190718
190697
187059
187050
187047
186503
187045
187046
189376
189377
187054
187043
187042
187041
186986
190698
190707
190700
190706
190701
190703
190705
190704
190702
190699
186982
189636
186983
186969
186968
186970
186963
186384
186383
186381
186967
186966
187039
187040
186492
186491
186495
190511
186382
186378
186364
186365
186366
186379
186476
186496
186484
186483
186499
186472
186394
186330
186237
186235
186216
186473
186395
186396
186360
186331
186325
186231
186229
186323
186332
186333
186334
186328
186326
186353
186352
186361
186362
186367
186368
186371
186373
186953
186348
186346
186339
186335
186336
186344
186345
186341
186343
186349
186329
186313
186322
186306
186233
186232
186234
186207
186208
186210
186309
186307
186308
186314
186305
186304
186311
186312
186317
186342
186369
186354
186351
186350
186327
186321
186319
186318
186320
186230
186218
186213
186215
186214
186217
186212
186324
186359
186358
186376
186357
186356
186363
186355
186377
186494
186380
186375
186374
186372
186370
186962
186961
186965
186964
187044
186493
186497
186502
186498
187048
190517
187022
187010
186978
186984
187006
186985
186973
186971
186960
186958
186954
186347
186936
186937
186947
186948
186949
186974
186976
186981
186980
190512
186979
187011
187005
186996
186995
186951
186988
189444
189439
189438
189435
186989
189429
186946
189427
186941
187587
186938
189420
189415
187528
187529
187519
187521
187389
187388
189414
186338
186337
186340
186315
189416
189412
186316
189409
189405
186310
187318
186211
186209
189742
190121
189743
189751
189744
189750
189749
189748
189685
189745
186219
186205
186202
186203
186195
186194
132852
186192
132853
187256
188979
190536
188982
25152
34161
187206
187205
187420
190580
187500
187499
187507
187546
187557
188666
188667
188690
188729
188732
188750
188759
188920
188926
188929
187421
187190
189465
189464
189479
189573
189590
189588
189586
189585
189589
189587
189591
189582
189578
189577
189483
189482
189581
189580
189481
189480
134215
134216
189572
189593
190482
190483
190557
189571
190485
189569
190484
189568
190184
189570
190185
189566
189567
189532
189533
189534
187892
187905
189554
189555
189553
189560
189564
189499
189501
189556
189559
189557
189558
189592
189583
189584
189579
189575
189576
189574
189485
189486
189489
189470
189487
189495
189496
189494
189548
189549
189545
189546
189516
189518
189517
187227
189507
189504
189503
189508
189509
189510
189475
189506
189474
189476
187246
189502
187226
189515
189505
189544
189472
189473
189471
189469
189468
189466
189467
189484
189497
189498
189488
189491
189490
189492
189550
189493
189500
189552
189551
189523
189521
189535
189536
189565
189563
189561
189562
134639
134640
187970
187891
186829
188423
188434
188448
188473
188494
190636
190637
190640
190647
190658
190659
190662
190651
190656
190655
190654
190653
190652
188660
188659
188675
188676
188702
188713
188723
188891
188895
188932
188934
188961
188965
188966
188940
188975
188973
188967
188927
188962
188963
188956
188958
188960
190821
188933
188955
188907
188906
188892
188904
188947
188888
188722
188720
188718
186873
188954
188957
188964
188959
188939
188968
188937
188974
188936
188976
188938
188928
188921
188760
188761
188912
188913
188751
188726
188747
188731
188730
188727
188728
188706
188704
188753
188749
188748
188917
188915
188916
188935
188918
188919
188914
188894
188890
188752
188725
188721
188714
188705
188703
188674
188678
188677
188679
188680
188681
188668
188665
188664
188663
188662
187552
188650
187495
187494
187492
188657
187493
187484
187424
187433
187434
190587
187398
190576
190577
190586
187280
190584
187427
187430
190582
187432
190581
187419
187431
187509
187545
187543
187544
187483
187481
187510
187429
187425
187282
190578
189755
189669
187397
187396
187395
187403
187402
187281
187279
187399
187394
187406
187428
187426
187422
187405
187482
187550
187551
187553
187558
188671
188672
188673
186875
188661
188651
186876
186874
188658
188656
187491
187489
187490
188654
188655
188653
187462
187472
187470
187471
187474
188647
188646
188645
188644
187475
188638
188641
188640
188643
188478
188477
188463
188461
188462
188464
188469
188468
188470
188475
188518
188471
188449
188437
188435
188429
188428
188426
188454
188453
187306
187305
187304
187302
187299
187301
187308
187307
187300
187298
187297
187439
187440
187441
187467
187468
187442
187443
187444
187445
187446
187448
187450
187464
187477
187423
187485
187400
187401
190593
190623
187452
187453
187454
187455
187456
187457
187458
187404
187463
187451
187478
187449
187447
187437
187436
190595
190596
190594
187438
187435
187283
187285
187284
187286
187296
187276
186836
187272
186835
187095
190606
190607
188296
188297
189312
190525
190526
186921
187094
186920
187057
187408
187312
187310
187347
187271
187673
187056
187058
187313
187270
186838
186839
190801
190792
190791
189313
188381
188397
188396
188444
188443
188446
188481
188485
188499
190632
190635
190717
190625
188555
190627
190628
190629
190528
190674
190529
190530
190531
190527
188590
188591
188583
188568
188551
188582
188581
188578
188589
189020
189031
189033
189036
189060
189067
189077
189235
189240
189242
189253
189255
189252
189297
189300
189299
189304
190831
189316
189301
189302
189303
190748
189196
189194
189307
189311
189182
189141
189180
189185
189186
189175
189176
189178
189189
189179
189192
189190
189187
189173
189172
189171
189170
189168
189298
189169
189294
189295
189244
189167
189237
189075
188596
188598
189039
189045
189062
189064
189065
189066
189074
189150
189149
189151
189152
189153
189155
189154
189112
189111
189113
189129
189128
189130
189132
189131
189126
189116
188617
189114
189091
189089
189090
189096
189103
189102
189105
189104
189085
189086
189098
189101
189099
189100
189095
189094
190626
190631
190630
188512
189087
189081
189080
189083
188615
189044
189042
189049
189047
189043
189046
188507
188506
188508
188509
188510
188511
189084
189097
189093
189092
189088
189079
189078
189082
188616
189120
189119
189118
189109
189108
189106
189107
189110
189148
189147
189146
189144
189145
189072
189071
189048
189063
189061
188505
188503
188504
189041
189034
188517
189040
188597
188595
189073
189166
189162
189161
189163
189164
189165
189157
189156
189158
189159
189160
189174
189133
189177
189134
189136
189184
189188
189195
189193
189191
189296
189250
189293
189251
189243
189236
189233
189241
189234
189076
189069
189059
189038
189035
189032
189022
188579
188549
188565
188564
188566
188550
188552
188553
188599
188601
188602
188605
188563
188560
188561
188418
188546
188539
188540
188385
188554
188384
188386
188408
188409
188411
188412
188414
188413
188419
188420
188501
188500
188497
188496
188484
188480
188421
188416
188395
188392
188391
188378
188382
188383
188369
188389
188394
188367
188495
188422
188415
188390
188387
188398
188401
188402
188406
188407
188376
188365
188364
187287
187288
188370
188524
188536
188538
188532
188531
188541
188526
188528
188530
188534
190145
190146
190147
190148
190144
187621
187626
187625
187631
188535
187627
187635
187632
187633
187674
187675
187671
187669
187670
187672
187663
187662
187660
187658
187650
187651
187652
187659
190142
190143
190682
190824
190681
187604
190478
190152
190683
190684
190685
190686
190151
190480
190481
190692
190693
190487
190809
190810
190845
190849
190848
190847
187167
187166
187266
187594
190797
187599
187600
190799
190800
190851
190852
190853
190850
190820
190677
190676
190675
190795
190680
190591
190796
190590
187180
187598
188027
188029
188030
188031
188033
188032
188026
188018
188022
188023
187178
187176
188020
188021
188019
187592
187590
188024
187589
187591
187179
187177
187593
187597
187602
187601
188028
188078
188077
188104
188106
188105
188107
188102
188101
187668
188098
187654
187655
187647
187645
187588
187644
187643
188103
187642
188076
188073
188074
188075
187641
187640
187596
187595
187265
187264
187168
190846
190798
190486
187170
190479
187603
187169
187617
187608
187607
187611
187610
187618
187609
187615
187613
187605
187606
187653
187649
187616
187648
187646
187657
187656
187661
187612
187614
187622
187623
187624
187634
187628
187629
187620
187619
187630
188523
188522
188529
188527
188521
188533
188525
188520
188373
188371
187290
187289
188399
188400
188404
188403
188405
188375
188377
188374
188537
188372
188410
188559
188556
188558
188557
188545
188544
188543
188548
188542
188547
188567
188580
188588
188516
188515
188514
188594
188600
188513
188562
188417
188502
190624
188498
188491
188490
188492
188487
188450
188451
188440
188438
188439
188431
188430
188433
188488
188486
188483
188482
188479
188445
188366
188441
188442
188368
188393
188388
190793
190794
190150
189315
190149
188380
188379
189314
186837
187311
187055
187294
187295
187275
187274
187273
187303
187293
187292
187291
186834
186833
186832
188427
188467
188458
188456
188455
188457
188459
188460
188465
188466
187309
187469
187466
187476
188642
187473
187465
187460
187459
187461
187480
187479
187486
187488
187487
190650
190657
190664
190663
190642
190641
190638
190634
188627
188625
188631
188635
188840
189322
189332
189338
189374
189379
189378
190579
189371
189372
189337
189368
189367
189370
189380
189183
189181
189140
189135
189137
189138
189139
189325
189121
188634
188636
188637
189117
189115
188613
188611
188610
188587
188586
188604
188619
188618
188603
188584
188585
188612
188614
188622
188623
189122
189124
189127
189125
189142
189143
189333
189334
189369
189373
189381
189382
189320
189357
189356
189358
189359
189362
189361
189365
189366
189351
189350
189352
189354
189383
189404
189386
188951
188952
188950
188949
188868
188944
188943
188942
188941
188909
188908
188910
188946
188953
188977
188978
187409
189434
188969
188970
188972
188971
187411
188948
188945
188905
188893
188903
188887
188885
188886
188897
188896
188818
188816
188817
188819
188862
188864
188867
188877
188878
189355
188879
188876
188860
188853
188855
188809
188811
188785
188799
188798
188794
188795
188796
188800
188789
188783
188782
190648
188784
188715
188710
188709
188712
188711
188719
188724
188717
188716
188606
188607
188793
188791
188707
188708
188608
188609
188780
188781
188790
188792
188797
188787
188788
188804
188808
188806
188786
188810
188865
188820
188814
188815
188802
188801
188803
188884
188882
188881
188883
188889
188911
188902
187412
188901
187413
188900
187414
188899
187415
188898
187416
188863
188861
187417
187418
188880
189385
188866
187410
189384
189353
189348
188873
188871
188872
188874
189346
189363
189345
188875
189328
189326
189327
189329
189330
189342
189323
188841
188842
188843
188844
188845
188846
188847
188856
188857
188854
188812
188807
188779
188776
188773
188771
188772
188825
188826
188829
188828
188827
188823
188822
188629
188628
188768
188824
188821
188770
188763
188765
188764
188767
188775
188778
188762
188766
188774
188777
188813
188835
188833
188834
188836
188832
188830
188831
188838
188849
188848
188850
188851
188852
188869
188870
188859
188858
189349
189347
189360
189364
189317
189344
189341
189318
189339
189340
189319
189308
189375
189343
189336
189335
189331
189324
189321
189123
188839
188837
188633
188632
188630
188624
188620
188626
188621
188769
188805
190643
190644
190661
190645
190660
190649
188652
188649
188648
188639
190646
188476
190639
188474
190633
188519
188493
188489
188472
188452
188447
188436
188432
188425
188424
186831
186830
188100
135268
188340
188341
188349
188353
188347
188354
188355
190782
188361
188360
190724
190725
189272
189271
189261
189260
190723
189256
189264
189262
190768
190827
190830
190772
190771
190828
189275
189273
189274
189609
189607
189608
189305
189276
189277
190770
190829
190774
190775
190773
188357
189268
190726
189269
190727
189610
190826
190769
189266
189265
189284
189289
189283
189282
189288
189290
189287
189285
189280
189281
189254
189238
189239
189231
189232
189245
189247
189248
189228
189226
189227
189225
189223
189224
189215
189214
189211
188330
188328
189213
188352
188348
188327
188323
188324
188312
188231
188230
188224
188223
189199
189200
189201
189217
189203
189219
189222
189218
189207
189206
189205
189204
189070
189068
189058
189037
189053
189052
189050
189051
189028
188228
188229
188217
188216
188215
188214
188166
188167
188210
188208
188209
188219
188180
188158
188117
188150
188149
188151
188152
188156
188162
188160
188159
188161
188169
189023
189018
189017
189019
189029
189030
189021
188592
188593
189013
189012
188574
188573
188144
189011
188143
188138
188137
188135
188136
188128
188121
188122
188126
188132
188131
188134
188140
188142
188570
188572
188575
188571
187666
187664
188120
187665
188099
187667
188118
188119
188125
188130
188129
188133
188139
188141
188569
188576
188577
189016
189015
189010
189014
188148
188147
188145
188146
188153
188127
188124
188123
188113
188114
188157
188155
188154
188164
188163
188165
188168
188170
188227
188226
189027
189025
189024
189026
189057
189056
189054
189055
189197
189198
188225
188213
188211
188212
188221
188310
188329
188314
188313
188315
189202
189216
189221
189220
189209
189208
189210
189230
189229
189278
189291
189246
189286
189279
189292
189249
189267
189258
189212
189270
189263
189257
188358
188356
189259
188362
188359
188363
188346
188342
188345
188326
188325
188322
188311
188308
188309
188307
188320
188201
188188
188200
188199
188183
188172
188171
188173
188174
188175
188116
188115
188112
188111
188110
188109
188108
188185
188186
188207
188187
188189
188218
188178
188179
188176
188177
188222
188220
188321
188319
188343
188005
188013
188049
188067
188066
188064
188065
188034
188016
188025
188011
188012
188009
188010
188007
188036
188051
188035
188015
188008
188006
134190
134202
135122
187998
134191
187999
188257
188290
188289
134205
188291
134206
139594
134212
135225
135150
135148
188292
188336
190783
188286
188287
188277
188276
188280
188282
188301
188304
188302
188298
188299
188300
188202
188305
188318
188317
188316
188294
188339
188344
188293
188203
188204
188206
188205
188198
188196
188191
188192
188097
188096
188095
188273
188271
188272
188086
188088
188092
188081
188080
188079
188068
188087
188091
188085
188090
188089
188070
186659
186658
188071
188084
188182
188181
188072
186657
186656
188083
188082
188190
188184
188195
188193
188194
188197
188281
188278
188338
190785
188337
188303
188335
188306
188295
186812
187689
187688
188004
188014
188050
188058
188069
188056
188057
188062
188061
188063
188234
188233
188054
188055
188047
188044
188042
188038
187684
187747
187746
187753
187744
187743
187752
187745
187683
188037
188045
187992
187754
187991
187959
190786
190781
190494
187976
187975
190784
190597
187973
187974
188060
187990
188235
190328
188059
188046
188048
188041
188043
188040
187686
187685
188039
188053
187989
187988
188259
188264
188268
188270
188274
188279
188283
188265
188262
188094
188269
188275
188266
188244
187986
188267
188263
188261
188260
188093
187987
188052
188017
188003
187687
135147
188288
188284
187977
187994
188237
188236
188001
188002
188000
188238
188285
188246
188258
188245
190711
188256
190712
188255
188254
188249
188248
188243
188250
188253
188242
187985
187984
187983
188240
188232
187980
187981
187982
188252
188251
188247
188241
188239
187993
187979
187978
187751
187762
186813
187690
187681
187704
187740
187748
187750
187756
187760
187956
187958
187957
187969
187967
187968
187966
187965
187948
187954
187953
187960
187943
187941
187942
187944
187996
187946
187930
187937
187938
187933
187934
187921
187912
187911
187910
187917
187918
187909
187915
187924
187926
187932
187995
187906
187879
187878
190493
190825
190776
190777
190600
190601
187866
190598
190603
190833
190488
187894
187893
187886
187890
187895
187896
189602
189606
187898
189599
189600
189596
189597
189598
189595
189541
189540
189462
189529
187903
187904
189531
189530
189528
187233
189525
189524
189513
189511
189512
189522
189519
187228
187229
187230
189514
187231
187253
187255
187254
187249
187251
187826
187828
187839
187851
187845
187853
187855
189604
187856
187888
187887
187857
187881
187850
187863
187862
187865
187883
187882
187859
187808
187810
187812
187861
187860
187869
187876
187874
187868
187867
187822
187821
187818
187816
187724
187798
187795
187797
187799
187789
187790
187788
187727
187728
187794
190787
190806
190805
187732
187733
190823
187678
187679
190802
187636
187637
190790
187677
187197
187676
187731
190759
187719
187720
190760
190761
190756
190758
190762
187722
187721
187717
187725
190757
187714
187730
187729
187796
187803
187805
187814
187209
187211
187804
187712
187801
187802
187259
187260
187776
187777
187763
187764
187771
187772
187216
187225
187224
187769
187773
187784
187783
187787
187823
187831
187842
187843
187841
187832
187833
187830
187827
187824
187247
187248
187218
187220
187221
187236
190709
190708
187239
187238
187241
187242
187243
187244
189478
189477
187245
187199
187198
187200
187201
187208
187207
187196
187195
190808
187240
187237
187219
187825
187786
187785
187778
187779
187262
187774
187222
187223
187217
187194
187193
187770
187768
187775
187765
187261
187263
187210
187215
187214
187726
187713
187766
187782
187780
187781
187715
187718
187767
190804
190807
190803
190789
190788
187639
187638
190755
187792
187696
187793
187716
187213
187723
187212
187815
187820
187819
187813
187811
187807
187806
187809
187848
187847
187849
187846
187844
187840
187838
187837
187836
187834
187829
187258
187257
187252
187235
187250
187234
187232
189527
189526
189520
187835
189463
187901
187902
187900
189461
189539
189542
189538
189543
189594
189537
187852
187899
187854
189603
189605
189601
187897
187889
187880
187885
190832
190780
190779
190766
190764
190767
190605
190604
190765
190778
190495
190491
190490
190489
187972
187971
187997
190602
187884
187873
187864
187858
190599
187875
190763
190492
187877
187870
187871
187872
187925
187817
187800
187914
187913
187908
187907
187791
187692
187919
187927
187928
187916
187931
187929
187945
187939
187935
187936
187920
187922
187709
187708
187710
187755
187949
187758
187737
187707
187706
187699
187700
187698
187694
187695
187697
187693
187691
187711
187940
187947
187923
187955
187951
187964
187950
187952
187759
187761
187757
187749
187741
187742
187736
187703
187702
187682
187735
187739
187738
187734
187705
187701
187680
187204
136671
189613
136672
139590
136673
189614
189633
189634
189637
189631
189630
189629
189627
189623
189624
189617
189618
189628
189622
189620
189621
189619
189306
189635
189616
189632
189615
52591
56591
189753
189662
