2948
120455
120456
120479
120514
120480
122484
122490
122494
122491
122489
122495
122492
122493
122483
122481
122482
122488
122487
122216
122485
122486
122215
122205
122202
122204
122203
122213
122214
122218
122206
122207
122217
122189
122198
132457
122191
122192
122190
122149
122152
122141
122142
122145
122146
122143
122144
122182
122183
122181
122184
122186
122187
128052
128004
122180
122178
122179
122176
122177
132335
122059
122054
122060
122061
122089
122091
122093
122096
122097
122099
122305
122306
122478
122307
122308
122309
122313
122102
122101
122210
122100
122098
122095
122086
122094
122087
122092
122208
122090
122056
122057
122058
132575
132577
132576
122055
122140
121966
122109
122113
122110
122114
122111
122115
122112
122116
132509
122119
132458
122121
122123
122125
132513
122124
121964
121963
132455
121965
122104
121952
122103
121962
132456
121957
121955
121956
132505
132504
121958
121954
130482
121950
121949
121699
121693
121698
121700
121678
121679
121951
132506
121948
121940
121941
132503
121735
121736
121944
121947
121946
121943
121945
121960
130106
130144
130224
130173
130171
130143
130142
121752
121753
121953
121961
121968
121967
121969
122122
122148
122118
122117
122147
122155
122153
122154
122185
122188
122211
122212
122222
122209
122480
122477
122479
122476
120520
120528
120521
132309
121773
122088
122500
122522
121774
121986
122052
121992
121993
122053
121821
121820
130489
130488
132338
132337
125273
125165
122844
122843
123250
122515
132554
122468
122514
122512
122513
122501
122338
122499
122503
122505
122502
122504
122516
122517
117960
117961
117972
118463
117967
117968
118400
118342
117969
117970
117973
117974
117975
117978
117979
117984
117985
117983
118460
117976
117977
117980
117982
117981
117994
118321
118320
122510
122518
122520
122519
122511
122507
121674
121673
122509
122508
122506
122470
122472
122471
122473
122475
123256
122474
128108
122521
121676
121675
122551
122552
130699
122330
122332
122333
122323
122339
122335
122314
122336
122312
122311
122334
122310
122337
122324
122370
122368
125275
122369
122371
117946
122219
122221
117956
118308
122194
122199
122196
122159
122195
122193
122156
122158
122174
122157
122151
118300
118299
118302
118303
122175
117953
117952
118470
118471
117951
118472
117950
117948
117949
117947
117836
117954
117837
117939
117938
117937
122197
122200
122496
122498
122497
122201
122220
117870
117930
117931
117932
117941
117955
117959
117958
117957
117940
117962
117963
117965
117964
118103
118115
117966
117971
117990
117986
117987
117988
117989
117993
117997
118473
117874
117872
117873
117871
117875
117879
117877
118008
118012
118304
118314
118305
118005
118007
118016
118017
118018
118019
118021
118104
118106
118105
118121
118112
118099
118101
118102
118100
118098
117944
117943
117945
117942
118020
118022
118023
118110
118107
118111
118108
118109
118120
118122
118124
118123
118119
118116
118118
118117
118248
118249
118015
118006
118004
118010
117917
118344
118346
118345
118388
118373
117876
117920
117919
118027
117918
118037
118060
118040
118041
118061
118062
118042
118039
118028
118029
118026
118024
118030
118025
118031
118054
118055
118057
118056
118032
118038
118033
117923
118009
118011
118013
118014
118052
118051
118053
116340
116467
118387
118386
118385
116433
116432
116439
116441
116447
116478
116477
116440
116446
116442
116443
116444
116445
117627
116470
116471
116472
116437
116473
116475
116476
116488
116489
116541
116544
116549
118390
116548
116550
116551
116552
116547
117840
117821
117075
117076
117822
117926
117787
117788
116479
116480
116482
116481
116485
116486
116542
116483
116474
116468
116469
117782
117786
117781
117783
118297
118296
117779
117780
116438
117747
117776
118328
118327
117734
117748
116407
116408
116354
116355
116358
116360
116359
117723
116401
116403
116435
116436
116450
116451
116449
118433
118431
118459
118445
118444
118447
118446
118443
118432
118434
118437
118435
118436
116453
118438
116452
116454
116448
116406
116410
117654
116409
116405
116402
117630
116404
116397
116400
118384
116399
116398
117784
117785
117651
117653
117652
117722
117721
117715
117720
117716
117718
117719
117717
116352
116345
116357
116353
116356
116344
116348
116343
116349
116350
116351
116395
116396
116346
116347
116341
116342
116611
116613
117914
116612
117927
116465
116466
117835
117833
117834
117831
117832
117829
117830
117827
117828
117824
117813
117814
117825
117826
117080
117816
117817
117818
117859
117819
117610
117608
117880
117881
118323
117887
117890
117891
117892
117898
117897
117896
117895
117889
117888
117609
117105
117079
117106
117838
117882
117884
117885
118324
118343
117899
117900
117902
117911
117916
117922
117921
117913
117915
117912
117909
117908
117910
117901
117893
117894
117883
117903
117886
117904
117905
117906
117907
117839
117841
117857
117858
117861
117865
117860
117863
117862
117869
117867
117864
117878
117866
117868
116524
116545
116546
118395
118391
118392
116455
118348
116504
118351
118350
118442
116502
116505
116506
116520
116523
116508
116507
116509
116510
116511
116518
116519
118377
118394
116521
116522
116500
116496
116494
116461
116493
116460
116459
116491
116458
116490
116457
116492
116495
116497
116498
116499
116501
116503
118347
118349
116462
116463
116464
116728
118426
118428
118427
116727
116729
116456
100836
100840
100849
117658
117659
117599
117600
117604
117601
117603
117602
116372
117660
117616
117615
117617
117618
117619
117623
117622
117624
116412
116413
116361
116363
116484
117661
116362
116487
116374
116371
116365
116370
116366
116367
117614
117629
117620
117625
117628
117621
117626
117613
116368
117612
117611
117663
117662
117669
117670
117671
118331
117672
117680
117690
118382
117681
117688
117685
117686
117689
117691
117687
117692
117683
118332
117684
118333
117796
117842
117843
117844
117845
117846
117848
117849
117851
117853
117854
117855
117856
117815
117852
117797
117809
117799
117800
117807
117808
117810
117811
117812
117635
117637
117798
117636
117638
117639
117640
117641
117642
118383
117794
117792
117795
117801
117802
117803
117804
117774
117633
117634
117765
117773
117752
117766
117768
117770
117771
117767
118334
117649
117668
117725
117729
117728
117733
117739
117741
117740
117607
117735
117736
117742
117743
117745
117753
117755
117756
117758
117760
117759
117777
117778
117764
117763
117761
118329
117775
117762
117757
117754
117746
117744
117606
117605
117737
117738
117726
117713
117727
117714
117712
117710
117709
117707
117708
117724
117711
117655
117643
117644
118381
117645
117656
117657
116983
118237
117664
118114
117665
118113
118191
117667
116411
116967
116968
116973
116984
116991
116972
116379
116381
116385
116387
116390
116393
116664
116421
116422
116993
117033
117150
117533
116420
117547
117578
117587
117588
117584
117589
117590
116425
116540
116426
117591
117582
116633
116634
117581
117259
116424
116423
117585
117579
117586
116416
117583
117577
117575
117580
117198
117576
116418
117258
117197
116417
116995
117138
116776
117020
116775
116818
116419
117262
117149
117596
117597
117598
117594
117593
117595
117592
117040
117031
116994
116992
116751
116543
116394
116392
116391
116389
116388
116384
116383
118301
116376
116380
116382
116414
116963
116386
116415
117750
117749
117730
117731
117732
116339
116338
117751
117648
117650
117790
117793
117791
117772
117769
117789
117674
117675
117673
117682
117666
116982
116974
116975
116378
116377
116375
116369
116373
116364
100841
117677
118330
117805
117806
117820
117823
100664
100660
100659
100809
100811
100810
100812
100815
100816
100821
100820
100822
100823
100825
100826
100828
100829
100837
100830
100838
100832
100839
100834
100844
100843
100842
100833
100831
100835
100824
102606
100819
100818
102990
100817
102989
100666
100667
100668
100813
100806
100807
100814
100808
100665
117699
117850
117847
117700
118306
118307
117705
117706
117935
117936
121669
122776
122777
121671
121672
122289
122559
122560
123345
122290
121670
122293
122292
122294
122302
122303
122304
122322
122331
122914
123125
123124
123126
123127
123137
123139
123144
125137
125138
125139
125141
125136
125134
125108
125106
123147
123146
125089
125105
125104
125094
125102
125090
125091
125092
125099
125095
123141
125131
125130
125132
123143
123135
123133
123134
123084
123082
123140
123085
125093
125097
125096
125098
125133
125135
123145
123132
123142
123131
123128
123130
123108
123129
123121
123120
132445
132446
132447
123122
126332
126230
126231
126299
123117
123680
123679
123619
123620
123621
123618
123031
123028
123026
123029
123030
123110
123112
123109
123114
123115
123027
123116
123113
123118
123105
123106
123107
123096
123111
123119
123095
123094
123104
123103
123099
123102
123098
123138
123136
123101
123100
123123
122915
123091
123075
123083
123077
123024
123297
123288
123614
123615
123616
123617
123683
125144
126244
125143
123729
123684
123687
123689
123691
123721
123723
123724
123730
123709
123711
123710
123712
123702
123701
123700
123697
123694
123693
123622
123699
123623
123685
123695
123707
123708
123728
123727
123726
123725
123722
123692
123720
123690
123688
123686
123299
123682
123300
123681
123287
123298
123306
123307
123631
123025
125140
125142
125145
125146
125147
125174
125180
125179
125198
125199
125200
125202
125203
125204
125150
125205
125217
125256
125257
125219
125215
125259
125213
125255
125208
125209
125214
125218
125216
125207
125210
125206
125149
125201
125181
125182
125148
123263
122421
122469
122422
123255
123257
123253
123251
123252
123254
123262
123249
122415
122416
125119
125123
125122
125116
125111
125114
125113
125112
125107
125118
117694
117695
96395
96396
100636
100637
100856
100855
100911
100915
100923
100924
100917
100918
100925
117676
117678
100921
100920
100909
100908
100926
100927
100928
100929
100930
100932
100931
100916
102317
100853
100854
100848
100847
100850
100845
100846
100787
102260
102264
102263
102837
102838
102261
102262
102267
102266
102605
102982
102983
102984
102092
102265
102090
102093
102095
100766
100773
101849
101850
100765
100802
100801
100804
100805
100663
100800
100656
100655
100657
100658
100662
100654
100661
100652
100653
100763
100764
102094
100786
100922
100768
100767
100803
100769
100770
100827
102089
100785
100784
100788
100798
100797
100799
100875
100876
100877
100912
100919
100913
100872
100888
100870
100880
100873
100874
100871
100885
100886
100887
100852
100914
100639
100638
100851
117631
117693
117632
117696
121772
121782
132459
121780
121783
121787
121784
121786
122172
132333
117701
117702
121785
121778
121779
121781
121771
121770
117697
117698
122166
122167
117928
117929
117703
117704
121776
121777
132570
122164
122165
122171
122170
122163
122150
122173
122168
122169
122137
122134
122129
122131
122132
122135
122136
122139
122138
122130
132494
121763
121766
121767
121764
121765
121775
122162
121760
121759
121758
121751
121748
121747
121740
132510
122107
121739
121738
121741
121744
121711
121742
121714
121717
121719
121746
121745
121730
121718
121727
121729
121731
121721
121723
121724
121726
121768
121769
121734
121733
121755
121757
121756
121732
121725
121701
121702
121703
121722
121720
121728
121704
121716
121708
121707
121713
121705
121706
121715
121710
121709
121712
121737
119513
121743
119514
121754
121761
122126
121762
121750
122106
122128
122105
122108
121749
122120
122133
132512
132511
122127
122161
122160
117679
121788
122225
122235
122237
122238
122239
122240
122241
122262
122263
122264
122265
122243
122244
122245
122233
122234
122256
122257
122259
122249
122251
122252
122253
122254
122255
122288
122295
122296
122286
122082
122081
122077
122076
122042
122064
122062
122063
122011
122009
122012
122008
132507
122002
122007
122006
122003
122027
132508
132515
132516
132514
129997
129996
122026
122028
122005
122004
122024
122030
122034
122038
122023
122037
122039
122021
122227
122228
122232
122229
122230
122022
122029
122015
122020
122019
122018
122223
122016
122017
122014
121995
121996
122036
122041
122033
122031
122032
122035
122025
122013
122040
122043
122284
122285
122246
122250
122248
122247
122231
122242
122226
121795
121809
121800
121808
121799
121798
121796
121810
121797
121793
121794
122236
121792
121791
122224
121790
132517
121789
121997
122000
122010
126986
126987
122001
122065
122066
122067
122068
122072
122073
122083
122074
122075
122071
122069
122070
122078
122079
122085
122084
122080
122051
121999
122287
122291
122299
122300
122301
122297
122298
100897
100547
100548
100598
100594
100857
100892
101384
103082
101383
101388
103081
101024
101389
101410
101390
101411
101412
101387
101393
101397
100893
100894
101398
101399
103085
101396
101395
103083
103084
101391
101392
101394
101400
101402
101407
101409
101414
101418
101419
103086
101420
101421
101360
101422
121994
101359
101048
101416
101417
101047
101046
101045
101415
101025
101401
100895
100896
101405
101404
101406
121927
121928
121974
121975
121978
121980
121983
121979
121984
121985
121981
121982
121987
121989
122049
122050
122048
122046
122047
122045
121998
121666
121668
127657
127834
127715
127716
127755
130525
127756
127033
122044
130698
121667
121988
121977
121934
121935
121991
121990
121959
121937
121939
121938
121695
121696
121922
121925
121931
121933
121663
121932
121929
121930
121920
121924
121662
121921
132454
132522
121684
121682
121685
121681
121680
121683
121687
121686
121689
121677
121688
121692
121665
121664
121694
121690
121691
121697
121936
121926
121973
121971
121972
121970
121976
121918
121919
121923
101403
101408
101413
101023
101385
101386
121942
100861
100858
100862
100860
100859
102462
102463
102465
102464
100863
103173
94703
100790
100865
100866
100868
100867
100869
100878
100881
100890
100889
100899
100900
100902
100910
100898
100901
100903
100905
100907
100906
100904
100884
100883
100891
100882
100879
100864
100791
100794
100792
100793
100783
100779
100782
100795
100781
100780
100761
100762
100777
100778
100771
100772
100650
100651
102836
100649
100648
100644
100645
100642
102366
100774
100646
100760
100704
100754
100753
102157
102158
100775
100705
102356
100702
100699
100698
100697
100695
100696
100647
100776
100789
94704
98147
98148
100796
102835
101016
101017
101026
101027
101031
101049
101051
103080
101050
101054
101052
101057
101356
101056
101043
101058
101041
101042
101044
101034
101033
101053
102135
102136
102134
101040
101038
101037
101018
101019
101020
101039
101324
101312
101035
101036
102139
101021
101022
101032
101361
121801
121826
121827
121802
121803
121828
121831
121832
121842
121845
121846
121872
121875
121876
121901
121902
121903
121906
132453
122666
122667
122665
122668
122669
122670
122671
121917
121916
122418
121913
122417
122413
123148
122412
122407
122399
122398
122397
122396
122345
122346
132451
132452
122343
122344
122348
122360
122349
122361
122363
122387
122379
122380
122383
129930
129931
122366
122276
122260
122277
122261
122367
122267
122274
122266
122271
122268
122270
122341
122342
122269
122275
122362
122272
122273
132336
122347
122340
121819
121853
121860
121863
121889
121891
121867
121892
121895
121893
121900
121899
121908
121911
122393
122351
122352
122353
121862
122350
121910
121909
121907
121896
121888
132334
121897
121898
121894
121866
121864
121865
121859
121890
121858
121857
121856
121854
121851
121848
121855
121861
121852
121850
121849
121815
121816
129932
121814
121813
121805
121807
121806
121817
122403
122405
122404
121914
122395
122400
122394
122357
122355
122354
122356
122359
122358
122364
122365
121912
121915
122659
122664
122673
122661
122654
122651
121883
121879
121881
121877
121878
121880
121886
121822
121823
121882
121885
122655
122656
122657
122658
121904
121905
121884
121887
121874
121869
121870
121839
121843
121840
121824
121825
121829
121838
121868
121836
121834
121835
121837
121873
121871
121847
121844
121841
121833
121830
121804
122258
121818
122663
101644
122598
122602
122603
122601
122707
122600
122599
122604
122709
122711
122729
122730
122735
122737
122739
122738
122857
122858
122859
122865
122868
122872
122873
122887
122912
122913
122921
125086
122918
122929
122934
122943
122938
123050
132442
123049
123045
123051
123052
123053
123048
123055
123057
123097
123076
123073
123056
123068
123074
123079
123078
123064
123066
125083
125084
125087
123080
123081
123062
123063
123065
123061
123060
123043
123041
123042
123038
123037
123034
123032
123035
123058
122850
123033
123039
122851
122846
122848
122842
122830
122839
122840
122845
122904
122905
122906
122907
122900
122899
122898
122863
122862
122836
122864
122837
122841
122838
122849
122908
126333
122910
122909
122847
122911
122930
122933
122931
122927
122916
122903
122901
123036
123040
123069
123070
123071
123072
123067
123054
123047
123046
123044
122942
122940
122941
123006
122996
123010
123088
123090
123092
123093
123019
123017
123021
123023
122987
122989
122986
122988
122983
122982
122984
123004
123003
123002
123001
123016
123020
122999
122998
122997
123007
123011
123086
123018
123087
123089
123012
123013
123000
122993
122992
122991
122990
122962
122895
122961
122894
122893
122892
122920
122923
122924
122926
122936
122925
122882
122886
122885
122879
122878
122869
122870
122877
122876
122754
122874
122875
122755
122881
122747
122751
122750
122752
122880
122950
122951
122960
122890
122945
122944
122952
122964
122965
122966
122970
122958
122955
122954
122953
122948
122947
122799
122946
122800
122801
122802
122803
122805
122795
122806
122813
122814
122817
122818
122822
122821
122823
122973
122975
122824
122820
122977
123291
123292
123293
123284
123285
123294
123296
123295
122978
123279
123289
123290
132443
123277
123268
132444
123276
122773
122772
122783
122782
122781
122775
122779
122778
122774
122766
122765
122702
122703
122704
122705
122769
122700
122697
122695
122696
123189
122690
122675
122674
122686
122687
122692
122689
122683
122688
122694
122763
122764
122789
122791
122792
122790
122793
122728
122749
122785
122784
122787
122786
122788
122726
122727
122760
122761
122762
122691
122677
122676
122759
124307
122757
122758
122684
122701
122693
122768
122780
122770
122767
122771
123278
122812
122810
122811
122809
122819
122815
122807
122808
122804
122794
122797
122796
122816
122959
122956
122957
122949
122798
122756
122748
122883
122891
122896
122897
122963
122967
122968
122969
122981
122980
122971
122972
132580
122974
122976
122979
122985
123022
123015
123005
123014
123009
123008
122994
122995
122937
122939
122935
122932
122928
122922
122917
122919
122889
122888
122902
122884
122871
122861
122856
122854
122853
122834
122852
122832
122831
122835
122860
122628
122829
122828
122827
122613
122825
122611
122608
122607
122606
122605
122609
122610
122614
122826
122626
122625
122619
122618
122623
122627
122622
122617
122616
122615
122624
122621
122620
122629
122833
122855
122741
122743
122740
122742
122753
122746
122630
122734
122733
122731
122744
122723
122724
122745
122722
122719
122646
122725
122641
122647
122679
122680
122681
122678
122682
122662
122685
122660
122653
122637
122639
122638
122652
122640
122635
122633
122634
122636
122642
122644
122648
122643
122645
122720
122721
122715
122714
122713
122712
122710
122718
122736
122732
122717
122716
122708
101577
122706
122278
122283
122375
122376
122378
122377
122392
122433
122446
122448
123172
123174
123178
123179
123186
123187
123244
123246
123259
123258
123260
123225
123224
123226
123229
123228
123212
123221
123218
123219
123227
123220
123181
123216
123217
123180
123198
123205
123197
123202
123166
123165
123194
123201
123208
123210
123213
123211
123207
123192
123193
123190
123161
122699
123188
122698
123160
123159
123162
123158
123157
123152
123156
123176
123167
123168
122440
122441
122444
122445
122439
122431
122432
132339
122429
122409
122411
122410
122423
122408
122426
122442
122428
122425
122427
123150
122424
122443
123153
123151
123154
123155
132450
132448
132449
123149
122672
123199
123200
123204
123196
123191
123164
123163
123177
123203
123222
123223
123243
123245
123242
123234
123235
123247
123261
123240
123238
123248
123237
123236
123241
122466
122461
122462
122455
122463
122465
122467
122464
122454
123239
123233
123184
123232
132559
123171
123170
122401
122402
122458
122460
122459
122453
122456
122457
123182
123183
123185
123175
123169
123173
122414
122447
122420
122419
122391
122390
122436
122438
122437
122386
122389
122374
122372
122373
122382
122385
122388
122434
122435
122430
122381
122384
122327
122449
122450
122452
122451
122329
122326
122328
122325
122281
122282
122319
122320
122316
122321
122315
122317
122318
122280
122279
123214
123215
123195
123206
123209
123266
123267
123273
123274
123280
123281
123283
123282
123286
128632
123231
123272
123270
123230
123271
123275
123269
