4071
130656
70242
121661
121652
121650
70243
70248
70249
70244
70245
70246
121648
121649
121651
121657
121658
132200
121660
121659
130494
121486
121487
121576
127544
121450
127528
121580
127534
121441
121442
121451
126473
126474
132330
132331
121647
132102
121577
121578
121579
127326
127327
127329
127328
127600
127599
127629
127770
127771
127773
127774
127775
127792
127793
129334
129335
127828
129383
127794
127791
127788
127789
127787
127780
127786
132410
127764
127766
127765
127778
127763
127777
127783
127762
127760
127757
127758
127618
127620
127627
127768
127767
127626
127623
127612
127613
127621
127622
127624
127614
127611
127610
127609
127619
127616
127615
127608
127617
127761
127759
132409
127779
127790
127772
127769
127628
127827
127631
127734
129325
127830
127832
127831
127488
127630
127632
127636
127639
127635
127633
127634
127654
127655
127656
127660
127661
127687
127688
127691
127695
127707
127714
127710
127713
127712
128147
128151
128149
128148
128150
127685
127693
127705
127706
127708
127692
127670
128142
127671
127684
128145
128146
127711
127709
127701
127702
127700
127698
127696
127664
127697
127663
127662
127658
127641
127640
127637
127638
127651
127689
127665
127666
127699
127694
127690
127678
127676
127677
132315
132403
132405
132404
127686
127659
127720
127703
127704
127718
127723
127724
127725
128230
128234
128240
128242
128243
128244
128270
128261
128262
128264
128268
128278
128277
128279
128280
128335
128336
130234
130235
130261
130267
130277
130278
130279
130960
130957
130959
130972
130971
130963
130966
130969
130967
130968
130999
131000
130998
130990
130983
130988
130986
130991
130987
130985
130984
130978
130977
130975
130976
130941
130942
130943
130939
130946
130980
130947
130982
130938
130935
130932
130931
130930
130933
130936
130921
130922
130926
130925
130929
130950
130954
130961
130956
130955
130949
130951
130952
130226
130222
130223
130211
130208
130210
130214
130216
130217
130218
130924
130200
130199
130923
130917
130920
130183
130184
130918
130919
130915
130916
132380
130677
130676
130135
130138
130134
130131
130132
130133
130130
130147
128316
130145
130146
128313
128314
128317
130149
130140
130148
130157
130174
130177
130179
130178
130185
130186
130187
130188
130180
130182
130190
130202
130204
130205
130158
130162
130154
128219
128319
128321
130152
128320
128192
128193
128318
128218
130153
130201
130161
130160
130181
130189
130191
130196
130197
130198
130192
130176
130175
130159
130156
130151
130150
130139
128315
128312
130141
130172
130194
130195
130193
130215
130213
130203
130207
130220
130221
130219
130948
130928
130927
130934
130940
130944
130945
130979
130981
130989
130997
130937
130953
130964
130965
130962
130970
130958
130228
130227
130225
130262
130212
130233
130209
130206
130170
130169
130167
130164
130163
128330
130165
130230
128327
128332
128326
128325
128329
130155
128323
128324
128322
128228
128227
128223
128221
128216
128217
128202
128201
128200
128195
128203
128204
128198
128199
128209
128213
128222
128212
128265
128211
128207
128168
128169
128167
128164
128156
128155
128163
128162
128161
128160
128159
128154
127721
128165
128166
128206
128196
128197
128194
128180
128181
128184
128185
128186
128187
128214
128205
128215
128210
128220
128224
128328
130168
130166
130229
128229
128226
128225
128267
128269
128266
128263
128208
128245
128246
128236
128233
128235
128232
127810
127808
127812
127804
127796
127803
127744
127752
127742
127741
127748
127747
127797
127805
127798
127753
127807
127799
127811
128170
128241
128231
127809
128157
127722
127719
127717
127806
127745
127746
127795
127802
127800
127801
128144
128247
128153
127429
127430
127471
127472
127574
127575
127576
127586
127592
127583
127582
127581
127579
127580
127570
127572
127516
127571
127567
127513
127515
127514
127564
127566
127568
127573
127578
127562
127563
127526
127527
127577
127590
127591
127727
127728
127729
127730
127739
127740
127653
127650
127646
127643
127642
127644
127495
127647
127648
127499
127497
127496
127493
127479
127477
127476
127489
127491
127487
127468
127473
127478
127475
127474
127482
127492
127494
127587
127498
127490
127645
127652
127649
127726
127588
127589
127585
127584
127569
127481
127565
132406
127480
127470
127469
127466
127461
132366
127463
127484
127485
127486
127465
127467
127464
127743
127751
127754
127731
127749
127750
127738
127736
127735
127732
127733
127737
126383
127433
127432
127431
127089
126384
127517
127518
127522
127530
127531
127525
127523
127524
127519
127521
127520
127593
127595
132566
127594
127551
127088
127424
127681
124459
124458
128120
128119
128122
128132
128133
128173
128172
132571
128171
128137
128141
128143
128138
128140
128139
128158
128152
128135
128134
128136
128131
128130
128129
128128
128127
128125
128124
128115
128116
127992
127991
128001
128009
127998
127993
128000
127999
127985
127994
127995
127982
127996
128008
128010
128005
128003
128007
128030
127978
127977
127974
127969
127972
127973
127962
127960
127959
127958
127955
127964
127970
127966
127967
127975
128012
127965
127963
127956
127337
127336
127341
127342
127339
127340
127338
127319
127320
127331
127330
127311
127333
127306
127307
127308
127309
127313
127314
127312
127281
127276
127277
127278
127282
127316
127318
127322
127323
127324
127346
127347
127349
127365
127980
127979
127361
127374
127987
127984
127997
127988
127989
127375
127369
127368
127362
127366
127351
127357
127358
127371
127354
127356
127667
127679
127672
127675
127674
127673
127668
127669
127370
127355
127353
127298
127300
127345
127299
127296
127293
127297
127284
127295
127289
127288
127287
127294
127350
127367
127359
127373
127377
127372
127352
127360
127363
127348
127344
127343
127317
127283
127279
127280
127315
127321
127325
127335
127332
127334
127957
127364
127961
127968
127971
127976
128013
128006
127983
127981
127986
127990
127376
127682
127683
128002
128011
128035
128036
128126
128123
128121
128117
128118
127680
127141
127142
127144
127145
127448
127146
127147
127148
127270
127143
127434
127435
127437
127445
127447
127444
127446
127455
127483
127452
127454
127149
127290
127291
127292
127301
127441
127456
127442
132398
132400
127275
127286
127285
127274
127150
127449
127450
127451
127776
127781
127815
127814
127817
128238
128248
128271
128274
128273
128281
128282
128284
128287
128337
128338
128341
128351
128352
128353
128354
128355
128358
128361
128306
128311
128294
128293
128292
128303
128304
128307
128302
128299
128298
128297
128290
128289
128276
128255
128250
128251
128252
128257
128253
128254
129574
129586
129575
129573
129397
129395
129393
129394
132411
129572
127840
129392
129391
129390
129388
129384
127835
127833
127829
127826
127825
127824
127820
127821
127819
127822
129389
127839
127838
127837
127836
128256
128291
128258
128259
128260
128308
128305
128360
128309
128310
128301
128300
128296
128295
128286
128288
128285
128283
128275
128272
128249
128239
127818
127816
127782
132367
127784
127785
127823
127813
127545
127546
127547
127548
127557
127556
127559
127604
127606
129124
129141
129319
129326
129324
129323
129327
129328
129329
129149
129148
129322
129145
129142
129139
129143
129137
129128
129131
129130
129087
129129
129127
129125
129132
129147
129321
129320
129138
129318
129140
129126
127625
129123
129121
127605
127602
127601
127603
127561
127558
129336
121136
130671
130672
132402
130681
132393
121358
121368
121137
121367
130675
130680
130993
130673
130679
130670
132573
130136
130137
130678
130128
130674
123786
129100
129098
129099
129096
129095
123787
129018
128898
129016
129017
128899
127549
127554
127555
129084
129093
129094
129082
129085
129083
129122
127560
128946
128942
128945
128943
129075
129074
129073
129072
128944
128947
129066
128949
128965
128968
128973
128974
128950
128975
129078
129080
129079
129081
129076
129077
128976
129088
129089
129092
129090
129091
128977
128972
132372
132373
128971
128981
128970
128969
128958
128953
128957
128959
128952
128951
128932
128931
128930
128928
128927
128980
128978
128979
128966
128967
128956
128948
128941
127529
127596
127598
127597
127607
129097
129103
129264
120529
120530
129265
129270
129272
129367
129364
129366
129374
129376
129370
129358
129371
129372
129345
129385
129346
129344
129342
129340
129341
129330
129332
129333
129348
129353
129355
129357
129359
129362
129361
129360
129186
129185
129188
129267
129257
129261
129256
129259
129258
129210
129209
129204
129203
129195
129190
129191
129194
129196
129192
129200
129193
129197
129035
129036
129043
129044
127138
127139
129037
129032
129033
129034
129198
129199
129205
129211
129214
129215
129255
129252
129254
129253
129167
129165
129166
129182
129174
129178
129176
129175
129172
129180
129179
129177
129347
129146
129144
129136
129135
129062
129061
129154
129153
129106
129108
129159
129158
129156
129157
129116
129118
129110
129114
129109
129119
129120
129111
129112
129104
129101
129115
129117
129155
129102
129067
129056
129055
129086
129060
129069
124138
124139
129133
129134
129150
129151
129171
129168
129170
129169
129173
129162
129161
129160
129163
129164
129248
129249
129250
129251
129206
129207
129202
129201
129113
129208
129187
129184
129183
129181
129189
129351
129352
129349
129350
129152
129331
129337
129338
129343
129356
129354
129365
129363
129271
129268
129269
129263
129262
129339
128334
128346
130232
128350
130236
130242
130244
130264
130270
130276
130254
130269
130268
130265
130255
130288
130290
130257
130258
130296
130298
130337
130336
130344
130345
130346
130350
130351
131916
131921
131923
131924
131935
131937
131946
131947
131945
131949
131943
130387
131941
130384
130386
130381
131942
131940
131939
131960
131955
131956
131957
131959
131958
131107
131095
131106
131930
131928
131933
131929
131927
131913
131906
131911
131914
131910
131909
131908
131907
131058
131055
131057
131086
131091
131059
130348
131904
131060
131089
131905
131926
131925
131090
131094
131954
131931
131938
131936
131934
131932
131920
131919
131917
131918
131922
131915
131912
130349
130347
130340
130338
130339
130343
130342
130358
130376
130377
130382
130383
130385
130378
130362
130379
130380
130388
130395
130396
131948
131944
130391
130392
130394
130389
130372
130365
130361
130324
130355
130356
130353
130320
130321
130318
130316
130310
130308
130309
130314
130313
130303
130306
130302
129862
130301
130304
130295
130292
129859
129860
129849
129854
129861
129855
130300
129844
129851
129850
129853
129866
129852
129667
129700
129665
129664
129662
129651
129653
129657
129660
129659
129655
129654
129841
129842
129845
129848
128362
129638
129639
129588
129637
129644
129641
129645
132375
129592
129590
129593
129591
129589
129587
129576
129579
129658
129656
129652
129650
129640
129646
129647
129642
129643
129648
129649
129663
129858
129666
129843
129661
129847
129846
128363
128359
128357
128364
128349
130247
130251
130253
130274
130289
130286
130287
130272
130273
130240
130239
130238
130250
130252
130248
130246
128344
128347
128343
128342
128340
128356
130294
129857
129856
130291
129868
129867
129863
130315
130319
130323
130322
130360
130359
130357
130354
130352
130341
130307
130305
130299
130297
130293
130256
130249
128365
130275
130259
130260
130271
130266
130263
130245
130243
130241
130237
128348
128345
128339
130280
130281
130283
130285
130284
130282
128333
129580
130231
130399
131950
129594
129696
129699
131961
131962
122649
131212
131216
131217
131220
131221
131223
131219
131259
131257
131261
131262
131260
131215
131079
131225
131227
131226
131228
131229
131101
131232
131109
131104
131105
131088
131087
131082
131092
131083
131084
131099
131100
131103
131097
131096
131078
131081
131065
131068
131076
131067
131066
131062
131063
131037
131038
131039
131042
131046
131047
131051
131045
131053
131049
131043
131044
131040
131041
131033
131030
131035
131034
131029
131017
131020
131032
131019
131018
131016
131026
131027
131070
131069
131072
131073
131142
131150
131025
131023
131024
131015
131028
131031
131021
131036
131064
131048
131080
131050
131052
131093
131108
131102
131098
131077
122867
122866
131214
131218
131151
131258
131190
131189
131188
131152
132316
131143
131213
131074
131075
131071
131061
122650
131054
131085
131056
121125
121188
121184
121335
121194
121195
121189
121190
121191
121193
121338
121339
121336
121354
129910
129827
129912
121337
129908
129777
129909
129778
129780
129826
129830
129833
129888
129889
129834
129835
129836
129831
129837
129829
129825
129770
129822
129772
129824
129818
129774
129819
129828
129821
129820
129832
129885
129887
130405
130406
130407
130409
130410
130411
130439
130440
130441
130398
130397
130390
130373
130370
130367
130366
130335
130329
130334
129890
129881
129884
129879
129806
129807
129882
129813
129799
129801
129800
129796
129803
129786
129788
129787
129785
129783
129692
129693
129705
129706
129710
129712
129876
129873
129878
130326
130327
130331
130332
130363
130330
130317
130312
130311
129870
129871
129864
129865
129698
129703
129707
129695
129694
129701
129697
129677
129678
129676
129673
129671
129669
129599
129595
129597
129598
129618
129619
129631
129632
129633
129681
129682
129683
129684
129685
129687
129635
129636
129629
129630
132374
129628
129627
129614
129605
129608
129607
129615
129606
129585
129582
129581
129577
129399
129398
129396
129387
129386
129604
129610
129613
129620
129611
129601
129603
129411
129412
129609
129612
129506
129505
129500
129415
129490
129491
129502
129489
129492
129444
129443
129434
129433
129432
129430
129421
129420
129419
129273
129279
129278
129277
129275
129296
129298
129301
129300
129284
129282
129283
129281
129288
129297
129274
129285
129287
129286
129245
129213
129212
129299
129266
129276
129418
129417
129368
129369
129377
129380
129402
129403
129404
129405
129382
129378
129375
129379
129381
129429
129406
129408
129407
129431
129435
129436
129437
129439
129445
129446
129440
129442
129450
129449
129451
129448
129428
129423
129426
129422
129424
129280
129303
129304
129305
129302
129454
129441
129427
129425
129438
129488
129487
129414
129413
129409
129416
129410
129401
129373
129400
129600
129602
129584
129624
129622
129623
129728
129733
129734
129781
129735
129736
129737
129790
129794
129808
129797
129793
129795
129812
129809
129811
129792
129742
129815
129739
129741
129764
129765
129752
129768
129751
129748
129749
129753
129754
129760
129759
129756
129758
129762
129906
129757
129548
129571
129570
129567
129564
129566
129565
129563
129538
129536
129537
129542
129544
129744
129541
129746
129539
129540
129531
129530
129528
129523
129526
129524
129481
129532
129483
129484
129486
129562
129463
129561
129461
129467
129468
129469
129471
129470
129462
129485
129466
129455
129476
129472
129473
129478
129479
129480
129522
129498
129499
129512
129511
129519
129516
129723
129727
129725
129732
129730
129722
129719
129720
129718
129716
129715
129510
129714
129517
129508
129501
129503
129504
129509
129507
129713
129717
129721
129724
129518
129515
129497
129495
129496
129493
129494
127552
127553
129447
129475
129560
129477
129482
129474
129521
129513
129529
129520
129514
129527
129525
129533
129534
129535
129543
129546
129547
129545
129755
129745
129747
129743
129726
129740
129750
129791
129738
129731
129729
129621
129625
129634
129679
129674
129626
129617
129616
129596
129583
129668
129670
129672
129675
129689
129680
129690
129702
129869
129877
130325
129874
129872
129709
129708
129704
129691
129688
129686
129782
129784
129711
129798
129789
129804
129802
129805
129880
129875
130328
130333
130364
130368
130375
130417
130416
130415
130421
130403
130402
129891
129892
130414
130412
130438
130413
130374
130369
130408
130404
130400
130401
129883
129886
129814
129810
129817
129816
129769
129773
129767
129771
129776
129766
129823
129779
129775
129761
129907
129763
129905
130393
129260
130371
119638
127953
127951
127948
127949
132368
127952
128080
128081
128084
128085
130069
130070
130068
130005
130002
130004
130003
130080
130057
130058
130081
130101
130102
130082
130083
130103
130104
130112
130111
130113
130117
130120
130121
130122
130657
130655
130065
130564
130654
130066
130067
130061
130124
130125
130127
130126
130100
130099
130129
130098
130097
130105
130109
130107
130090
130094
130092
130074
128089
130091
128088
128091
128090
130072
130085
130089
130073
130084
130087
128092
130076
130078
128083
128086
128114
128082
128023
128022
128020
128021
128024
128028
128029
128100
128096
128103
128104
128106
128189
128188
128177
128176
128038
128041
128039
128033
128040
128054
128057
128099
128097
128098
128055
128053
128050
128094
128051
128045
128047
128043
128046
128042
128044
128049
128048
128031
128032
128034
128037
128174
128056
128175
128190
128178
128179
128182
128183
128110
128107
128105
128109
128102
128101
128095
128025
128018
128019
128014
128015
128017
128026
128027
128087
128112
130071
130086
130095
130096
128113
128111
130123
130118
130119
130115
130116
130114
130110
130108
130088
130079
130077
130062
130075
128093
128073
128016
119639
128072
131951
131986
131987
131952
131953
121342
129915
129916
129917
129919
129923
129922
129924
130461
130462
121447
121452
121455
121461
121463
121468
121469
121478
121484
121483
121485
121609
121610
121598
121603
121606
121597
121596
121601
121604
121605
121595
121602
121594
121599
121600
121591
121590
121479
121584
121477
121476
121460
121472
130466
130467
130460
131989
132103
132105
132106
132104
121587
121588
121583
121585
121582
121581
130457
130454
130458
131988
130456
130451
130455
130452
130453
130449
130448
130446
130436
130445
130464
130463
130437
121457
121458
121445
121456
130435
130434
130430
130432
130442
130426
130443
130425
130424
130423
129903
129897
129896
129895
129900
129840
129839
129893
129894
130419
130422
129901
130418
130420
130427
130428
130433
130444
130447
130450
130459
130465
121474
121473
121470
121459
121475
121586
121589
121593
121592
121481
121482
121464
121454
121480
121471
121466
121467
121465
121448
121446
121449
121453
121462
121444
130429
130431
129902
129899
129918
129898
129911
129913
129914
121443
121344
121363
121366
121370
121371
121365
121360
121364
121359
121362
121361
121343
121347
121345
121346
121348
129838
121369
121426
121424
121429
121389
121390
121430
121431
121432
121434
121440
121488
121621
121622
121640
121614
121635
121615
121626
121624
121433
121617
121623
121625
121631
121633
121634
121637
121638
121641
121642
121644
121643
121620
121639
121636
121619
121616
121613
121608
121611
121607
121632
121630
121628
121629
121627
121618
121612
121423
121425
121209
132096
132125
132124
132126
132132
132133
132138
132141
132142
132118
132117
132115
132114
132113
132112
132079
132078
132093
132094
132088
132095
132087
132084
132089
132092
132097
132098
132130
132144
132145
132100
132128
132129
132143
132099
132127
132131
132101
132091
132049
131991
131985
132037
131968
131967
131969
131990
131970
132086
132085
132082
132083
132080
132081
132065
132073
132071
132067
132072
132051
132066
132070
132107
132108
131563
121341
131561
131559
131562
131553
131551
131550
131548
131300
131301
131302
131306
131554
131549
131555
131296
131297
131254
131298
132020
132021
132022
132023
132055
132060
132056
132058
132054
132018
132053
132052
132057
132061
132062
132026
132025
132048
132047
132044
132046
132045
132036
132035
132033
132041
132040
132039
131984
131982
131981
131976
131974
131971
131975
131973
132031
131979
132028
132027
132003
132004
132006
132007
132013
132002
132010
132008
132012
131996
132000
132015
131999
132014
131250
131249
131253
131293
131294
131252
131247
131246
131288
131290
131292
131282
131280
131284
131285
131527
131287
131283
131270
131281
131289
131269
131265
131271
131244
131241
131239
131240
131236
131237
131230
131231
131234
131243
131245
131238
131251
131248
131235
131997
131998
131995
131993
131992
131966
132009
131994
132001
132005
131965
131978
131972
131980
131977
131983
132038
132030
132032
132029
132034
132042
132043
132011
132024
132016
132019
132017
131256
131295
131255
131291
131286
131299
131530
131303
131557
131556
131552
131558
131560
121340
132068
131305
132050
131304
132059
132063
132064
132077
132074
132069
132075
132076
132109
132110
132111
132116
132123
123548
123547
121333
121210
131233
121645
130484
129933
129934
129935
127539
129971
129047
129038
127535
127536
132359
129039
132358
129046
132090
129936
129040
127509
127510
127540
127511
132356
127508
121646
131581
125243
125892
131619
131622
131627
131706
131708
131710
131711
131714
131727
131736
131759
131763
131765
131767
131768
131788
132565
131789
132267
132287
132288
132291
132297
132299
132298
132302
132300
132303
131867
131851
131850
131848
131847
131787
131786
131772
131776
131836
131832
131833
131837
131834
131844
131835
131840
131752
131839
131751
131778
131747
131753
131841
131831
131779
131774
131775
131744
131749
131741
131742
131745
131748
131771
131739
131704
131740
131757
131754
131733
131756
131770
131780
131792
131731
131729
131728
131700
131694
131701
131687
131685
131686
131681
131684
131682
131602
131598
131688
131689
131603
131601
131600
131599
131589
131588
131587
131608
131609
131620
131625
131623
131629
131631
131632
131712
131717
131718
131719
131720
131721
131724
132207
132219
132220
132225
132228
132229
132230
132254
132261
132275
132274
132294
132292
132293
132270
132269
132268
132263
131761
132255
132266
132273
132278
132271
132262
132272
132249
132248
132247
132241
132239
132257
132238
132258
132253
132252
132233
132232
132234
132235
132217
132218
132216
132214
132213
132212
132166
132164
132165
132168
132167
132155
132154
132160
132153
132161
132162
132159
132158
132151
132150
132122
132146
132120
132121
131614
131618
131617
131616
131615
131575
131576
131574
131572
131573
131570
131571
131568
131569
131546
131545
131610
131611
131612
131613
132147
132148
131635
132152
132149
132163
132210
132223
132222
132209
132215
132224
132231
132237
132236
132240
132242
132243
132260
132259
132256
132251
132250
132227
131734
131715
132226
132221
132208
131722
132206
132205
131723
131713
131638
131637
131636
131634
131633
131624
131607
131606
131605
131604
131584
131583
131579
131585
131582
131591
131592
131590
131547
131586
131597
131596
131595
131594
131593
131692
131693
131690
131696
131702
131730
131732
131703
131698
131699
131738
131743
131746
131750
131777
131773
131769
131784
131785
131791
131846
131838
131845
131866
132290
132295
132289
132296
131849
132286
132264
132265
131790
131782
131783
131766
131762
131781
131755
131764
131760
131758
131737
131735
131726
131716
131725
131697
131695
131691
131709
131707
131705
131630
131628
131626
131621
125244
132246
132119
132276
132277
129578
121334
132244
132245
132282
132281
132197
132196
132194
132195
132199
132198
132201
132202
132203
132283
132284
132192
131963
132204
131964
132193
132182
129980
129981
126182
126187
131279
131520
131523
131526
131529
131537
131531
131532
131533
131534
131535
131580
131516
131503
131502
131464
131462
131463
129948
129943
131467
131466
131525
131524
131521
131518
131465
131452
129942
129947
131522
131278
126188
126189
131275
131274
131276
131211
131210
131206
131208
131209
131205
131191
131192
131272
131204
131273
131268
131267
131266
131264
131263
131242
131222
131224
131519
131277
126183
131528
131536
131539
131578
131577
131544
131542
131541
131538
131540
131543
131566
131565
131567
131564
131852
131857
131859
131861
131862
131873
132304
132384
132537
131870
131869
132301
131875
131872
131874
131863
131871
131856
131865
131864
131854
131855
131860
131858
131868
132134
132157
132156
132136
132137
132139
132140
132175
132176
132183
132211
132184
132178
132170
132538
132180
132181
132172
132169
132171
132177
132179
132135
132173
132174
132186
132187
132191
132190
132189
132188
131170
131172
131427
131428
131429
131430
131431
131438
131446
131445
131448
131453
131460
131461
131457
131468
131501
131505
131513
131515
131517
131656
131659
131660
131680
131511
131512
131653
131654
131658
131661
131657
131651
131670
131672
131793
131676
131677
131678
131804
131805
131679
131671
131664
131647
131646
131401
131399
131400
131416
131417
131418
131419
131420
131415
131409
131410
131398
131422
131423
131650
131644
131645
131648
131643
131641
131642
131639
131640
131480
131481
131476
131386
131384
131387
131477
131482
131655
131652
131649
131479
131507
131494
131497
131498
131495
131488
131489
131491
131490
131475
131473
131472
131470
131469
131440
131442
131439
131436
131434
131435
131361
131362
131370
131364
131369
131371
131372
131385
131471
131455
131456
131486
131485
131487
131492
131493
131478
131484
131483
131474
131510
131509
131508
131496
131514
131506
131499
131504
131500
131459
131458
131454
131450
131451
131444
131449
131202
131447
131441
131443
131437
131433
131199
131200
131197
131201
131195
131196
131198
131207
131186
131203
131185
131187
131183
131181
131182
131184
131179
131426
131194
131193
131425
131171
131432
131683
130839
130851
130852
130854
130855
130901
130856
130900
131154
131155
131157
131158
131167
131169
131163
131164
131168
131178
131177
131176
131146
131147
131148
131149
131140
131141
131138
131137
131139
131010
131136
131135
131134
131121
131119
131130
132581
131131
131117
131115
130994
131114
130992
131116
131118
130995
130996
131120
131006
131008
131012
131011
131004
131002
130973
131003
131013
131014
130974
131022
131001
131007
131009
131005
131144
131145
131165
131173
131175
131174
131162
131160
131159
131161
131156
131128
131132
131133
131124
131123
131122
131111
131112
131113
131166
131129
131127
131126
131125
131153
130853
130841
130840
131110
131180
130837
130842
130843
130844
130845
130848
130849
130838
132378
132379
130847
48255
48259
48261
48260
48263
50524
48265
48270
48272
48275
48303
48301
48304
48300
48273
48268
48274
48282
48283
48314
48315
48316
48320
48323
48327
131375
131376
131378
131380
131389
131390
131391
131394
131411
131396
131407
131405
131406
131402
131404
131403
131412
131408
48335
48334
131395
131397
131388
131383
131393
131392
131379
131382
131381
131368
131366
131357
131358
131365
126176
126177
128929
131377
48328
131373
131374
131367
48319
48329
48330
48321
48325
48326
48322
48318
48317
48279
48280
48281
48284
48285
131356
131355
131347
131346
131349
131359
131363
131360
131351
131352
131348
131424
130911
130910
130913
131342
130912
130914
131337
131339
131340
131332
131338
131333
131329
131330
131335
131331
131328
131327
131326
131325
131323
131313
131316
131318
131315
131317
131319
131312
130884
130882
130883
130881
130862
130880
130867
130879
130866
130865
130791
130858
130790
130857
130756
130814
130815
130819
130822
130821
130820
130826
130827
130870
130871
130873
130875
130877
130904
130889
130906
130905
130895
130897
130896
130850
130898
130846
130891
130894
125178
125177
130893
130890
130892
130885
130887
130886
130888
131321
132381
130878
130872
130874
130828
130823
130824
130863
130869
130868
130825
130813
130829
130809
130833
130834
130836
130835
130831
130808
130696
130697
130807
130806
130830
130832
130810
130811
130804
130805
130812
130801
130798
130802
130799
130797
130747
130800
130803
130746
130744
130691
130692
130796
130795
130694
130693
130690
130689
130745
130695
130818
130817
130755
130754
130758
130787
130779
130776
130777
130757
130816
130859
130788
130759
130789
130760
130778
130786
130864
130794
130860
130861
130876
131311
131314
131322
131324
131320
130908
131336
130907
130909
130902
130899
130903
131344
131343
131350
131345
131341
131334
131354
131353
48278
48276
48277
48267
48269
48271
48264
48262
48258
48257
48256
48266
131413
130688
130743
130733
130737
130739
130748
130750
130752
130782
130783
130793
131308
131307
131310
130785
130784
130781
130751
130753
130749
130740
130738
130734
130741
130742
130792
129988
129989
131823
131824
131820
131821
131825
131826
131827
131828
131829
131853
131843
131842
131822
131830
131421
131662
131663
131665
131667
131668
131674
131802
131803
131808
131810
131811
131812
131673
131675
131801
131815
131816
49656
131878
131879
131880
131799
131881
131882
131883
131884
131885
131889
131890
131892
131899
131901
131902
131903
120740
131898
131900
131895
131894
131893
132525
120537
120538
120543
131876
120646
120606
120605
128078
128079
120647
131877
131819
131818
131794
131813
131814
131817
131809
131807
131806
131800
131666
131669
131414
129920
129921
131796
131896
131886
129926
129927
131795
131897
120739
120960
131891
131888
131887
129929
121428
129928
121427
121545
121546
131798
131797
49653
48287
48289
48292
48294
48293
48295
48291
48290
48302
48288
