3889
246482
246485
246537
246484
242400
251906
251910
242000
243591
263897
259718
264079
259717
259852
264080
242001
264158
264157
264003
264317
264316
259713
259712
259711
259708
259695
259700
259702
259701
258341
259854
263863
263872
263864
263866
263865
263868
263870
263869
263867
264081
263871
263862
263873
263874
263875
259856
264087
263876
263877
259855
259871
259873
259864
259870
259872
259875
259876
259877
259981
259866
259869
259979
259977
259978
259982
259980
259865
259868
259976
263982
259867
259987
259989
259988
259993
259991
259990
259994
257844
257846
259745
259736
263847
259737
259992
259997
257845
259986
259878
259879
259861
259863
259862
259858
259860
259853
259850
259851
259857
259886
259883
259884
259885
259706
259707
261228
261227
258420
259839
258428
258424
258426
258429
258441
258442
262311
258435
258436
258438
258434
258437
258432
258433
258431
258430
258427
258425
258416
258418
258417
258415
258413
258414
258412
259887
264082
264084
264085
264083
264086
259889
256138
260201
259934
259935
259932
235976
235977
257193
255386
263610
255370
263609
248361
248365
248364
248368
255371
255372
255389
255390
257293
257291
257284
255374
255373
258627
258625
258628
258629
258640
255377
263581
258641
255376
255381
255382
255385
261803
259906
261805
259905
259167
262213
262212
259166
262217
262218
255438
255440
255472
255467
255469
255471
255470
263596
263595
263594
263597
263603
263602
263600
263601
263598
263599
261633
261634
263605
263606
262219
263604
255451
262220
255450
255455
255466
255456
255468
255454
255421
255409
255422
255432
255433
255434
255431
255436
255435
255457
255429
255426
255424
255446
255423
255427
255448
255449
255447
255425
255410
255405
255402
255403
255407
255406
255401
255397
255400
255411
255395
255394
255396
255398
255399
248377
255392
255428
255391
255404
255408
255413
255420
255415
255418
255419
255445
255416
255444
255417
255414
255412
255443
259187
255442
258681
258683
256133
260200
258684
256132
256137
256134
256130
256131
258682
262215
262216
258679
258677
258678
258680
258676
258657
258656
258659
258658
258654
258655
258675
258670
247356
247357
259902
259903
258591
258592
247754
256725
257029
262328
264057
264058
255441
258667
255439
255437
258662
258652
258644
258645
258648
258643
258642
258660
258661
258664
258665
258666
258639
255380
255388
258649
258663
255387
255384
255383
255379
255378
255393
258638
258626
258624
248367
258635
258621
258632
258634
258631
258633
258526
258524
258523
258525
261199
258508
258617
248347
248348
258619
258620
258622
258623
248343
248345
248341
248339
247862
247864
247920
247919
247922
247918
247921
258507
261197
258503
258501
258512
258502
247863
247861
247858
264122
264123
247850
247860
248066
248067
248069
262292
257828
239341
248068
248084
248083
248073
248074
248064
248075
248076
248079
248085
248086
248087
248082
248080
248081
248078
248077
248072
248065
248071
248054
248070
248051
248042
248050
248052
247324
248340
248342
258504
258509
261198
261642
258522
247923
258506
258513
258630
258618
248355
248356
248357
248354
248352
248358
248360
248359
257343
248351
248349
248350
248353
248344
248346
255375
248366
248363
248362
257285
248046
248048
248055
248056
257271
248059
248063
248060
248062
248091
248088
248049
248061
248058
248057
248053
248047
258577
261201
239368
239369
261200
258637
263582
258653
258673
258674
258671
258672
258668
258669
258636
258568
258569
261806
258650
263424
258651
261638
258646
258647
263608
258576
258578
239396
239403
258606
258607
258612
258613
258616
258615
263586
263588
263587
263590
263589
263592
263591
263593
263585
258614
258611
258590
258596
261644
258595
263584
263583
258589
258588
258583
258587
258586
258585
258598
258600
258608
258601
258599
258584
258582
258580
258575
258579
258593
258597
258594
258521
258563
258564
258565
258566
258570
258567
258571
258574
258500
258538
258545
258495
258540
258544
258546
258548
258550
258559
258558
258557
258556
258560
258554
258552
258555
258553
258551
258543
258549
258542
258476
258497
258539
258541
258467
258469
258471
258470
258472
258473
258474
258475
258483
258488
258528
258530
258534
258547
258443
258444
258533
263418
258531
258440
258479
258482
261799
258481
261800
264127
258485
258487
259937
258478
258409
258477
257791
257790
261445
258411
258410
258439
258532
258529
258486
259477
258484
258480
257675
257674
257672
257671
257726
258468
258493
258498
258537
258490
258494
258499
258535
258496
258491
247914
258489
258465
258536
258515
262294
258517
258518
258527
262296
262295
262297
262299
258519
258516
258520
258492
258581
258610
258609
258602
258605
239397
259897
259901
259904
259909
259911
259925
259899
259895
258603
259726
259900
259727
259898
258561
247851
247852
247917
262293
247853
247924
258510
258511
258514
263607
239366
239367
247309
247342
247310
247345
247350
247520
247518
247522
247566
247568
247569
247572
247709
247710
247712
247580
247579
247576
247574
247575
247570
247571
247532
247530
247531
247578
247711
247715
247717
247447
247718
247719
247453
247487
247488
247489
247454
247451
247450
247449
247443
247436
247437
247438
247444
247445
247452
247446
247716
247713
247708
247707
247435
247434
247433
247366
247365
247362
247361
247360
247351
247359
247706
247573
247364
247363
247567
247523
247521
247525
247524
256712
247517
247528
247308
247311
247307
247306
247305
247304
247349
247347
247348
247344
247346
247582
247721
247722
247723
247727
247758
247759
247720
247295
247318
247319
247340
247341
247343
247317
247316
247323
247338
247405
247339
247411
247412
247417
247358
247354
247355
247352
247353
247336
247320
247296
245796
245801
245797
245860
245851
245850
245846
245847
245855
245865
245857
245856
245848
245849
245840
245841
245842
245843
245845
245853
245854
245859
245858
245844
245852
245866
245867
245871
245872
247618
247620
247619
245875
247640
245890
245888
245889
245874
245873
247617
245869
245870
245868
246582
246583
246584
236361
236362
245813
245814
245828
245829
245830
245831
245832
245876
245882
245883
245884
245895
246706
246721
246702
245837
246697
246698
246705
246708
246710
245657
245658
246712
246718
246717
246716
246714
246616
246655
246656
246653
246624
246622
246581
246608
246606
246575
246605
246611
246613
246594
246610
246612
246700
246696
246604
246602
246600
246599
246591
246588
246589
246569
246570
246571
246577
246566
246576
246138
246568
246567
246564
246565
246572
246590
246574
246573
246578
246579
246580
246614
246654
246623
246652
246615
246609
246713
246715
246745
246746
246747
246711
246701
245653
245652
245656
246719
246709
246707
246704
246703
246699
246695
246694
246693
246603
246601
246692
245836
245896
246722
246724
246733
246734
245901
245900
245898
245899
247646
245892
245893
245891
245887
245886
245880
245879
245897
246731
246727
246726
246725
246723
245838
245894
245881
245877
245878
245835
245834
245825
245826
245833
245827
245823
245822
245690
245689
245817
245811
245824
246595
246596
246587
246597
246598
246592
246593
246585
246586
245812
245816
245818
245819
245815
241942
237282
247585
247583
247584
247586
247592
247593
247605
247607
247672
247790
247792
247798
247799
247803
247821
247830
247832
247854
247849
247856
247857
247855
247859
247847
247846
247815
247845
247844
247811
247843
247788
247810
247752
247749
247805
247795
247794
247796
247806
247812
247808
247809
247741
247740
247738
247609
247608
247601
247600
247596
247602
247599
247732
247733
247736
247743
247745
247744
247750
247751
247746
247786
247730
247731
247762
247785
247728
247729
247742
247726
247724
247737
247735
247725
247714
247581
247595
247603
247606
247734
247739
247747
247748
247753
247789
247807
247784
247787
247814
247813
247848
247838
247836
247837
248035
248036
248039
248040
248044
248041
248043
248045
248037
247842
248038
247839
247840
248032
248033
248031
247946
247951
247950
239363
247949
247945
247947
247948
247943
247942
262298
247925
247929
247930
247939
247940
247928
247927
247937
247938
247690
247689
247688
247702
247703
247826
247829
248028
247827
247825
247828
247834
247835
247822
247820
247819
247824
247705
247699
247698
247696
247697
247694
247693
247692
247678
247675
247677
247679
247682
247681
247801
247676
247670
247660
247662
247665
247663
247667
247664
247666
247637
247639
247685
247649
247650
247652
247651
247645
247643
247644
247641
247642
247647
247638
247648
247636
247628
247626
247627
247630
247631
247655
247657
247634
247635
247633
247653
247654
247659
247588
247632
247623
247565
247622
247624
247613
247614
247615
245864
245863
245861
245803
247542
245800
247541
247543
247557
247558
247555
247559
247561
247560
247553
247556
247551
247550
247540
247549
247544
247537
247538
247539
247548
247533
247545
247554
247535
247534
245799
245798
245802
245862
247612
247611
247546
247564
247625
247616
247621
247629
247656
247661
247658
247589
247674
247668
247669
247683
247684
247817
247704
247700
247695
247687
247686
247941
247944
247701
248025
248030
248034
248026
248027
261579
239364
248029
247841
247833
247816
247831
247823
247818
247804
247802
247800
247797
247793
247680
247673
247791
247671
247610
247604
247594
247591
247590
247598
247597
247587
247563
247562
247552
247577
237283
247926
247547
245566
247301
247302
261262
247303
247502
247506
245567
247513
247512
247511
247514
256690
256692
247515
247516
247526
247527
247529
245785
245787
245786
247536
247519
245788
245795
245794
246720
246751
246739
246743
247935
247934
247955
247954
261808
246737
246738
246729
246728
246730
246740
246741
247931
247932
247933
247936
247953
246742
246735
246732
246736
247755
247763
247764
247756
247757
247767
247776
247777
247778
247780
247783
247904
247913
247912
247909
247903
247905
247779
247760
247761
247915
236487
236489
236524
236523
236488
247388
247385
257625
247392
257631
247391
247421
247422
247423
247403
247424
247402
247420
247386
247383
247382
247384
247425
247457
247455
247456
247458
247394
247469
257480
247473
247472
247476
247481
247479
247482
247485
247483
247484
247448
247441
247478
247439
247460
247477
247868
257801
261358
247468
247467
247867
247464
247465
247474
247462
247463
247475
247480
247470
247471
247461
247466
247459
247486
247490
244626
244632
244631
244627
244628
244630
244633
247393
247389
244629
247491
247869
258347
247293
247294
239289
239290
247330
247331
247326
247329
247396
247397
247400
247406
247408
247410
247416
247432
247415
247418
247413
247427
247428
247431
247429
247440
247430
247419
247414
247409
247334
247335
247337
247404
247407
247401
247426
247332
247398
247333
247380
247399
247390
247328
247381
247276
247275
247272
247273
247312
247313
247314
261802
247255
247327
247325
247297
247315
247299
247298
247292
247442
252494
246547
246933
246935
246939
246938
246943
246945
246969
246970
246972
246975
246978
246982
246979
246977
246976
252480
252485
252484
252488
252487
252489
252490
252516
252481
252482
252483
252486
246971
246980
247113
247111
247114
261754
247118
247145
247148
247152
247156
247166
247167
247157
247155
247153
247170
247133
247132
247134
247126
246984
246985
247123
247124
246986
246987
247127
247125
247121
247120
247122
247154
247151
247150
247160
255629
247149
247146
247119
247117
246981
246968
246966
246967
246940
246941
246931
246932
246942
246944
246937
246934
246936
246983
247135
247137
247138
247140
247136
247131
247139
252630
252631
247142
252632
252633
252634
252642
252644
252643
252641
252645
252629
252650
252649
252647
252646
252627
252575
252512
252508
252507
252510
252623
252624
252509
252506
252498
252500
252496
252497
252504
252505
247128
247130
252622
252495
252501
252502
252503
252523
252525
252528
252521
252519
252520
252499
252513
252515
252514
252518
252524
252527
252511
252625
252526
252530
252648
252651
252660
252655
252661
252663
252658
252665
252657
252652
252662
252656
252529
261755
252574
252628
252637
252638
252639
252640
247143
247173
247171
247172
247141
252626
247129
252517
252531
252533
252532
252539
252541
252542
252545
252570
252577
252578
252583
252579
252557
252548
252549
252555
252556
252567
252566
252571
252572
252573
252576
252568
252547
252546
252544
252569
252540
252543
252537
252565
252564
252538
252535
252536
252522
252534
236466
236479
255686
255691
255761
247174
247177
253903
253905
253906
253915
253913
253912
253921
253916
261573
253917
253919
253920
253918
253908
253914
253909
253907
253922
246973
253937
264305
253924
246974
253938
253940
253939
264053
253945
248286
248287
248288
248285
248283
248284
248282
248315
248318
248316
248319
248321
248322
248323
248338
263790
263789
248326
248324
248325
248320
248317
248331
248329
248330
248327
248328
248332
248337
248336
248398
261581
248393
255509
255510
255497
255515
255514
255516
255512
255513
255494
255491
261618
264014
264013
255492
255493
261619
248382
248383
248387
255495
248385
255496
248384
248386
248395
263990
248390
248333
248396
255511
248397
248391
248392
248394
248335
248334
248274
248275
248281
248277
248253
248255
262228
248256
248278
248257
248279
248252
248246
248245
248248
248249
248250
248251
253904
248247
247184
247178
247179
247180
248241
248225
248240
248220
248226
248243
248224
248236
248223
248219
247182
247181
248244
248242
248239
248258
253923
253926
253925
247183
236480
236467
247169
248222
248218
248233
248237
248259
248262
248268
248271
248280
248306
248307
248311
261290
261807
248302
248303
248301
248314
248299
248300
248305
248304
248298
248294
242190
242189
248296
248297
248234
248263
248272
248270
248269
248216
248217
247165
248215
247164
248164
248165
248168
248166
248167
248163
248161
248157
248158
248159
248160
248147
248172
248178
248180
248227
248260
248261
261580
248207
248267
248214
248212
248209
248211
248213
248210
248295
248200
248199
248291
248198
248190
248204
248189
248188
248186
248155
248156
248201
248202
248176
248203
248181
248182
248177
248173
248152
248154
248150
248151
248175
248174
248153
248187
248185
248208
248205
248206
248179
248171
247098
247162
247158
247159
247163
248169
248170
247168
247161
236482
253927
252667
252668
252666
253911
253910
252659
252664
252669
248162
248235
248238
248254
248266
248273
256478
248276
248264
248265
248230
248228
248231
248229
248232
237880
237881
248143
248141
248149
247982
247981
248004
248006
248012
248019
248020
248117
248119
248120
248125
248121
248023
248113
248137
256554
261292
248135
248136
248132
248131
248130
248106
248128
248129
248109
248112
248099
248098
248107
248108
248100
248118
248096
248115
248095
248094
248093
248089
247999
248008
248009
248097
248090
248092
248101
248103
248102
248104
264330
264331
237960
237961
248105
248126
248127
248114
248111
248116
248110
248021
248015
248016
248022
248024
248194
248197
248195
248196
248123
248293
248292
264052
248124
261291
248138
248139
248289
248290
248017
248018
248191
248192
248183
248184
248193
248007
248003
248011
256550
248002
241979
248010
248000
247980
247974
248001
248005
241980
242170
248148
247973
248140
247064
247065
247066
247067
248142
247068
247046
247055
247071
247073
247088
247089
247079
247080
247091
247092
247093
247095
247096
247097
247147
247094
247084
247083
247081
247086
247144
247116
247110
247109
247107
247106
247101
247102
247104
247108
247112
247115
247085
247082
247087
247090
247076
247078
247077
247074
247037
247036
261285
247034
247035
247075
247070
247072
248145
248144
248146
247069
247054
247053
247047
247049
247048
247050
247051
247052
255490
255489
261572
247011
247010
247012
247043
247042
247005
247004
246998
246994
246997
246996
246995
246778
247002
247040
246788
246777
246784
246785
246789
246786
246787
246779
246776
246999
247006
247003
247041
247045
247061
247063
261574
247058
247062
247060
247059
247056
247057
246797
246795
246793
241939
241940
246796
246794
247044
248133
248134
248371
248370
248375
248374
248376
257307
246790
247395
247866
247865
259481
258343
261239
263890
263889
258342
258344
258345
258346
258377
258419
258376
258421
258422
258375
258329
258378
258380
258379
258385
258374
258382
258392
258393
258394
258396
258406
258407
258405
258390
258391
258383
258386
258388
258387
258423
258397
258408
261874
258398
258404
258399
258403
258402
261801
258401
258452
258453
258455
258461
258466
258462
258454
258446
258447
261641
258456
258463
258458
258464
258445
258457
258459
258460
247910
247901
247916
247782
247900
247774
247775
247773
247781
247770
247771
261577
261578
247894
247887
247890
247891
247892
247500
258357
258359
258361
258364
258358
258362
258355
258354
258349
258352
258370
258368
258369
247889
247870
247871
247877
247876
247874
247878
247875
247880
247881
247884
247885
247882
247883
247497
247496
247495
247879
247872
247873
258351
258350
247888
258360
258365
258448
247908
258449
258451
247896
247899
247897
247898
247906
258348
247907
247886
247492
247765
247766
247493
247494
247498
247499
247768
247893
247902
247769
247772
247895
258450
258400
258366
258367
258395
258389
258363
258356
258353
258384
258371
258381
258373
258372
258328
247911
246617
246618
246621
246626
246630
246666
261809
246650
246628
246629
246649
246647
246625
246657
246659
246658
246660
246661
246668
246669
246670
246671
246672
246685
246687
246756
246769
246771
246772
246770
246755
246748
246750
246752
246753
256748
246754
246663
246675
246673
246667
246662
246664
246744
246665
246749
246780
246781
246783
247958
247959
247975
247967
247976
247978
247991
247990
247992
247997
247993
247994
247995
247998
247966
247989
247965
247969
247970
247983
247963
247962
247960
247961
247984
247985
247986
247988
247996
247987
247964
247971
247977
247979
247972
247968
246791
246003
246005
246004
246403
235979
235980
246401
246402
246405
246404
246406
246396
246375
246377
246376
246488
246383
246397
246395
246398
246421
246422
246420
246270
246266
246263
246262
246271
246269
246400
246114
246399
246115
246143
246150
246151
246139
246152
246171
246172
246173
246141
246178
246179
246620
246627
246634
246646
246648
246637
246635
246636
246644
246651
246799
246811
246817
246813
246645
246643
246642
246641
246638
246187
246189
246640
246185
246182
246183
246184
246158
246180
246181
246631
246160
246175
246176
246177
246243
246174
246159
264324
264325
246153
246154
246161
246157
246188
246186
246639
246633
246632
246244
246155
246142
246619
246170
246140
246137
246135
246136
246563
261571
245683
246133
246144
246145
246146
246148
246163
246162
246164
246147
261436
246168
261284
246156
246105
246102
261832
261833
261829
261830
246129
246130
261831
246118
246126
246117
246125
246128
246134
246123
246124
246120
246057
246039
246042
246040
246061
246058
246062
246063
246064
246065
246054
246056
246079
246080
246082
246081
246077
246083
246084
246087
246089
246101
246106
261739
261740
246092
246037
246091
246393
246394
246252
246251
246250
246248
246245
246247
246246
246038
246019
246031
246035
246034
246090
246030
246028
246026
246022
246023
246024
246025
246014
246012
246011
246016
261827
246000
246072
246075
246074
246076
246073
245999
246018
245992
245991
245995
246006
246008
246009
246010
246007
246069
246017
246027
246032
246029
245993
246020
246021
246232
246233
246202
246235
246239
246242
246240
246236
246238
246219
246201
246200
246033
246234
246241
246220
246111
246112
246110
246113
246098
246109
246107
246103
246249
246099
246093
246036
246094
246088
246086
246070
246078
246122
246116
246121
246119
246085
246127
261828
246104
246100
246166
246165
246167
246430
246432
246446
246449
246452
246451
246444
246450
246448
246798
246190
246445
246443
246169
242270
246677
246678
246816
246865
246867
246882
246884
246887
246989
246990
246988
246768
246993
246766
246764
246761
246773
246775
246774
246763
246762
246759
246758
246760
246691
246689
246682
246674
246679
246688
246690
246757
261217
246767
246883
246765
246875
246888
246874
246889
246885
246886
246890
246905
246909
246910
246991
246992
247013
247019
247020
247038
247039
247099
247100
247103
261214
261215
246965
247105
246960
246959
246958
247028
247023
247026
247022
247024
247025
247029
247021
247014
246913
246911
246918
246919
246917
246920
246921
246915
246916
246964
246963
246950
246949
246946
246902
246951
264335
246904
246952
246953
263613
246962
246961
246901
246908
246903
246912
246928
246899
246924
246926
246927
246947
246954
246956
246955
246930
246925
246923
246850
246922
246849
246851
246864
246862
246863
246892
246879
246893
246894
246878
246891
246873
246872
246870
246869
246831
246853
246857
246854
246859
246860
246855
246848
246847
261748
246841
246840
246843
246844
246834
246478
246835
246472
246476
246480
246481
246483
261570
246479
246465
246466
246462
246463
246464
246473
246469
246467
246461
246453
246470
246454
246805
246457
246455
246804
246803
246456
246447
246434
246435
246433
246408
246407
246411
246442
246413
246437
246436
246418
246412
246415
246417
246458
246460
246459
246427
246428
246425
246429
246426
246416
246414
246410
246409
246431
246438
246439
246440
246441
246419
246475
246474
246471
246468
246477
246833
246836
246837
246827
246826
246825
246810
246822
246823
261810
246809
246802
246814
246821
246801
246812
246800
246808
246806
246807
246824
246832
246838
246846
246842
246839
246852
246828
246829
246830
246819
246871
246858
246877
246861
246856
246845
246897
246896
246898
246900
246929
246948
246957
246914
247027
247015
247018
247017
247007
247032
247033
247030
247008
247009
247016
246907
246906
246895
246880
246876
246868
246881
246866
246684
246680
246686
246681
246820
246818
246683
246815
246676
242271
261565
261826
262231
240580
240581
261564
245257
245256
245255
245254
245258
245259
245261
261836
245260
245263
245265
245266
245267
245268
245269
245270
245271
245274
246060
245275
245273
245264
245262
245272
246059
246043
246047
246044
246045
246050
246052
246055
262242
246071
246051
246053
246049
241736
241737
242416
242417
261516
261517
242428
242429
242430
242440
242441
245989
245990
245994
242443
246195
246197
246196
246203
246205
246217
246206
246204
246216
246226
246227
246228
246295
246229
246224
246221
246223
246222
246225
246209
246214
246215
242466
246212
246285
246286
246213
242462
242461
242465
242453
242460
242450
242457
242459
242463
242455
242456
242449
242448
242447
242446
242427
242439
242422
242412
242418
242425
242410
242411
242384
242385
242421
242383
242387
242398
242399
242396
242397
242402
242401
242444
242403
242386
242424
242388
242423
242426
242445
242407
242406
242409
242408
242451
242464
246210
246211
246208
246198
246207
246199
246194
242458
242442
242438
242436
242437
246192
246193
242420
242297
242298
242322
242435
242431
246191
242317
245987
245988
242315
242314
245985
245979
245980
264135
242294
245977
263398
245978
245975
245984
245998
264344
246002
245971
245970
245972
261569
245969
245967
245968
245964
246046
246048
245942
262233
262232
262235
263427
262234
263454
245940
245941
245959
245955
245961
245962
245946
245953
245954
245952
245956
245951
245958
245996
245966
245950
261823
245937
245949
245935
245936
245945
245934
245944
245926
245939
245925
245929
245930
245921
245916
245922
245917
245919
245976
245918
245912
245920
245910
245915
245908
245911
245909
245913
245923
245914
245924
245931
262255
245947
245948
245943
245938
245963
245965
245997
245957
245932
245933
245982
245983
245974
242289
242290
242291
242293
242304
242299
242300
242295
262253
262254
242296
245981
245986
242305
242306
242313
262241
242309
242307
242311
242312
263389
242308
242310
242316
242432
261825
242433
242434
242419
242303
242414
242413
242415
242452
241738
241866
246231
246258
246260
246275
246279
246281
246364
246351
246365
246367
246369
246368
246366
246374
246358
246360
246370
246371
246373
246372
246379
246378
246363
246362
246326
246356
246355
246350
246352
246354
246353
246341
246301
246302
246303
246304
246324
246327
246335
246336
246333
246339
251425
251426
246381
251494
251493
246380
251423
251427
251422
251409
251408
251418
251412
261600
251415
251414
242276
246382
251497
251424
242277
251413
251416
251417
251407
251403
251402
251405
251404
246332
246330
246322
246321
246317
246320
246316
246315
246314
250464
246308
246313
246309
246310
246311
246294
246293
246298
242578
246306
242577
242552
242550
246288
242549
246287
242542
242544
242546
242548
242547
242532
242533
242520
242538
242539
242540
242536
242534
242515
242516
242512
242514
242513
242517
242529
242528
242522
242523
242476
242521
242475
242509
242510
242454
242511
242537
242519
242518
242530
242541
242543
242551
246312
251401
250469
251406
246334
246331
246329
246319
246323
246318
246299
246289
246290
246291
246292
246300
246325
246305
246337
246328
246338
246361
246359
246357
246349
246342
246347
246348
246345
246343
246344
246346
246340
246276
246277
246282
246280
246283
246284
246278
246274
246273
246268
246265
246264
246261
246267
246257
246255
246272
246259
246256
246254
241739
242535
246230
246253
236833
242492
242493
242494
242497
242502
242504
242506
242508
242505
242503
242488
242485
242482
242484
250227
250226
250358
250364
250365
250370
250366
250371
250380
250386
250382
250384
250393
250394
250395
250396
250449
250448
250450
250441
250446
250447
250457
238674
250473
250475
250474
250487
250467
250466
250465
250468
250463
250462
250445
250461
250439
250442
242580
250460
242569
242575
242573
242574
242561
242559
242558
242576
242557
242560
242565
242564
242563
242566
250383
250379
250377
250363
250360
242489
238812
242490
242570
242567
242562
242507
242501
242553
242554
242555
242545
242531
242526
242525
242527
242524
242480
242477
242474
242478
242499
241988
241987
242498
242556
242572
242568
242571
250438
242579
246307
250444
250443
250437
250440
250385
250381
250378
250367
250362
250361
238811
242483
242491
242500
242496
242495
242487
242479
242486
236834
236481
253928
253931
253932
253934
253936
253951
253968
253975
253976
253977
253973
253972
253974
238482
253966
252725
252726
252727
253971
252728
252729
252740
252732
252734
253000
252815
252814
252807
252813
252802
252799
252801
252804
252805
252754
252800
252803
252591
252592
252598
252610
252611
252617
252618
252615
252620
252696
252653
252654
252690
252691
252693
252694
252695
252704
252702
252703
252723
252731
252722
252720
252711
252710
252715
252716
252717
252712
252705
252706
252707
252681
252682
252685
252709
252684
252680
252679
252688
252687
252608
252607
252613
252606
252603
252602
252601
252604
252582
252673
252675
252674
252672
252678
252670
252671
252676
252581
252580
252599
252600
252558
252559
252560
252561
261607
263475
263474
252562
252563
252585
261608
252586
252554
252550
252551
252552
252553
252584
252605
252686
252683
252677
252708
252701
252699
252700
252689
252698
252692
252616
252635
252636
252614
252593
252594
252597
252609
252595
252596
252587
252588
252589
252590
252612
252806
252619
252621
252697
252730
252724
252721
253969
253967
253970
253950
253935
253933
253930
236483
252713
252714
252718
252719
253965
253929
247290
247291
244579
244615
258312
258313
244582
244580
263208
263209
244585
244586
244587
244616
244617
244618
244619
257832
257849
258325
263071
257833
258334
259528
259690
264163
258336
259479
259699
259480
264078
262309
262310
258340
258338
258339
259574
259689
259575
261235
261238
259715
261237
261241
259716
259563
258335
258337
259544
244620
261796
261797
244625
261798
244622
244621
244624
258326
244623
250454
