1159
170923
170969
170970
171668
171667
171666
171664
171665
171676
171677
171678
171674
171675
171672
171671
171402
171403
171404
171385
171387
171656
171657
171658
171659
171660
171662
171663
171661
171388
171655
171389
171654
171383
171653
171651
171686
171652
171384
171386
171401
171679
171685
171680
171684
171681
171688
172223
171689
171683
172222
171682
171191
171192
172221
171193
172220
171194
171690
172219
171698
171691
171693
171195
171165
171168
171189
171197
171198
171205
171206
171203
171204
171199
172624
171200
171834
171853
171835
171843
171852
171854
171867
171920
171866
171849
171850
171851
171837
171838
171921
171839
171836
171844
171827
171828
171833
171842
171845
171830
171831
171855
171856
171857
171858
171846
171847
171832
171848
171829
171810
171811
171804
171805
171806
171808
171809
171802
171669
171670
170326
170325
171859
171871
171882
171883
171922
171923
171924
171925
171926
171927
171929
171928
171933
171944
171968
171975
172011
172012
172013
172056
172057
172062
172076
172040
172041
172023
172024
172025
172027
172030
172028
172020
172021
172229
172022
172230
172018
172017
172033
172034
172032
172031
172037
172042
172043
172044
172036
172035
172077
172060
172061
172059
172058
172075
172049
172050
172047
172048
172051
172053
172054
159853
159854
159851
159855
159857
159859
159861
159863
159865
159867
159872
159873
172621
159874
172619
172620
159870
172614
172618
172615
172617
172616
159869
159876
159875
172613
172847
172846
172805
172806
172842
172845
172844
172843
159893
159894
159895
159886
159884
159888
159898
159897
159896
171973
159899
159908
159909
159910
159919
159922
159918
159920
159928
159926
172126
159929
159925
159924
159927
159923
159912
159921
159917
159915
159916
159907
159906
159902
159905
159904
159903
159891
159892
159890
159889
159885
159887
159879
159880
159881
159882
159877
159878
159900
159901
159913
159911
159883
159914
159871
159868
159866
159864
159862
159860
159858
159856
159852
172052
172046
172045
172026
172038
172063
172039
172029
172019
171981
171979
171980
171982
171983
171984
172015
172016
172014
171969
172055
172010
172009
172008
172007
172006
172005
172003
172001
172002
171999
172000
171998
171997
171995
171996
172004
171994
171992
171993
171988
171987
171989
171990
171991
171985
171986
171915
171916
171917
171918
171919
171901
171904
171902
171903
171913
171912
171914
171890
171930
171935
171958
171957
171956
171954
171955
171978
171977
171976
171974
171889
171888
171887
171886
171885
171884
171873
171874
171875
171876
171877
171878
171879
171826
171893
171899
171900
171898
171897
171896
171775
171895
171894
171892
171891
171816
171815
171825
171824
171823
171820
171821
171822
171868
171872
171817
171818
171819
171814
171813
171812
171754
171755
171783
171782
171784
171785
171781
171780
171779
171767
171768
171769
171758
171759
171757
171742
171747
171745
171746
171749
171756
171752
171753
171763
171765
171766
170327
171764
171762
171751
171750
170328
171748
171741
171740
171718
171726
171727
171728
171729
171730
171732
171739
171734
171735
171736
171737
171723
172607
171738
171725
172606
171721
172608
171722
172609
171724
172610
171719
171720
172605
171714
170343
170342
171717
171716
171715
170348
170347
170346
170407
170409
170408
170410
170405
170412
170413
171771
171772
171773
171774
171770
170414
170411
170406
170401
170404
170400
170399
170398
170397
170396
170395
170392
170391
170388
170390
170389
170387
170322
170380
170381
170384
170385
170386
170383
170382
170394
170393
170374
170375
170370
170372
170363
170368
170369
170274
170353
170350
170359
170361
170365
170366
170377
170378
170379
170364
170367
170323
170324
170376
170360
170362
170358
170357
170355
170356
170351
170352
170298
170299
170349
170287
170285
170286
170284
170283
170282
170280
170281
170279
170278
170277
170269
170270
170271
170273
170272
170268
170260
170267
170266
170265
170257
170259
170258
170256
170255
170262
170263
170252
170253
170233
170232
170231
170229
170228
170236
170234
170235
170230
170225
170227
170220
170222
170223
170245
170246
170243
170244
170241
170242
170240
170247
170248
170237
170217
170216
170219
170218
170224
170213
170215
170214
170210
170212
170211
170205
170207
170206
170208
170209
170204
170202
170201
170203
170168
170190
170191
170192
170193
170195
170197
170198
170196
170194
170188
170189
170187
170185
170186
170184
170170
170162
170175
170176
170177
170180
170165
170167
170178
170182
172200
170181
172199
170179
170174
170173
172198
170128
172197
170138
170158
170157
170156
170155
170159
170129
170154
172848
170147
170146
162287
162286
170141
170142
170123
170127
170139
170145
170140
170126
170121
170122
170116
170118
170125
170124
162282
162283
162284
162285
162281
162280
162279
170119
170120
162341
162342
162343
162336
162337
162338
162335
162334
162333
162332
162331
162330
162329
162328
162327
162326
162325
162324
162323
162322
162321
162320
162319
162318
162316
162339
162340
162317
162313
162315
162312
162311
162309
162310
162302
162307
162308
162261
162290
162294
162306
162300
162304
162305
162301
162256
162292
162293
162291
162288
162289
162258
162259
162254
162255
162252
162253
162250
162251
162248
162249
162246
162247
162244
162245
162257
162262
162263
162264
162265
162266
162267
162268
162269
162270
162271
162272
162273
162274
162275
162276
162277
162278
162260
162303
162314
170117
170136
170137
170135
170134
170133
170132
170160
170131
170130
170143
170144
170166
172201
170164
172202
170149
170150
170163
170151
170152
170153
170183
170238
170250
170249
170276
170354
170373
170403
170402
170416
170415
171778
171777
170148
170161
170171
170169
170172
170200
170199
170239
170221
170226
170251
170254
170261
170297
170296
170295
170294
170293
170292
170315
170314
170313
170312
170311
170340
170339
170338
170345
170344
170337
170336
170331
170341
170332
170333
170334
170335
170330
170329
170320
170319
170318
170321
170310
170316
170317
170309
170308
170307
170306
170305
170304
170303
170302
170300
170301
170275
170371
171733
171731
171776
171945
171961
171964
171967
171970
171971
171972
171965
171966
171962
171963
171959
171960
171952
171953
171950
171951
171948
171949
171946
171947
171943
171941
171942
171937
171940
171934
171936
171939
171932
172226
171931
171910
171911
172227
171906
172228
171909
171908
171907
171905
171862
171864
171865
171880
171881
171869
171870
171860
171861
171863
171938
171807
171178
171177
171176
171175
171174
171171
171190
171170
171169
171185
171186
171183
171187
171188
171184
171173
171172
171109
171110
171108
171163
171162
171164
171160
171154
171156
171157
171125
171130
171126
171127
172625
171128
171129
171133
171145
171146
171142
171141
171673
171143
171182
171181
171180
171049
171048
171046
171047
171045
171043
170982
170983
170981
170979
170980
170978
170976
170977
170974
170975
170972
170973
171159
171179
171158
171161
171152
171153
171148
171147
171149
171150
171121
171122
171155
171123
171124
171119
171120
171151
171144
171131
171138
171139
171140
171136
171137
171135
171134
171132
171104
171103
171102
171089
171099
171118
171117
171116
171803
171799
171801
171791
171797
171800
171798
171114
171115
171113
171796
171795
171794
171792
171789
171790
171788
171787
171101
171786
171761
171760
171092
171093
171094
171095
171081
171082
171097
171096
171098
171083
171080
171090
171091
171100
171105
171106
171107
171074
171076
171077
171075
171085
171084
171069
171066
171067
171079
171068
171057
171062
171088
171087
171086
171070
171071
171061
171065
172214
171064
172213
171063
172211
171058
172212
170289
170288
171008
171013
171050
171019
171021
171073
171078
171022
171023
171744
171743
171017
171016
171020
171015
171018
171012
171011
171009
171002
171006
171007
171005
171014
171001
171000
170999
171004
171003
170986
170987
170988
170996
170995
170994
170993
170998
170997
170990
170991
170965
170989
170984
170966
170968
170985
170967
172623
170992
171072
170291
170290
171010
171060
171054
171053
171052
171051
171056
172600
171055
171059
171111
171793
171112
171840
171841
171196
171207
171167
171201
171166
171202
171687
171400
170971
170924
171042
170922
170921
