4096
138089
138091
139575
139677
139678
139684
139683
138096
138354
134096
137753
137757
137755
137754
137780
137781
138164
138166
138168
138162
138178
138187
138252
138261
138390
138392
138391
138394
138393
139682
138263
138264
138531
138532
138537
138533
138534
138538
138535
138536
138539
138540
138543
138542
138541
138519
138513
138514
138515
138483
138470
138480
138189
137902
138169
137784
137783
137773
137772
138465
138512
138254
138404
138389
138387
138386
138259
138258
138260
138255
139670
138249
138248
138244
138246
138245
138228
138235
138229
138233
138237
138239
138240
138362
138359
138358
138357
138356
139685
138225
138230
138223
138220
138219
138221
138222
138218
138094
138198
138197
138192
138191
138133
138084
138083
138092
138080
138082
138093
138217
138202
138201
138203
138227
138214
138215
138209
138208
138207
138153
138154
138172
138181
138241
138175
138186
138185
138250
138190
138180
138179
138176
138174
138171
138170
138124
138143
138121
138142
138147
138148
138150
138146
138137
138149
138212
139652
138211
138205
138139
138194
138193
138195
138138
138135
138136
138144
138119
138120
138112
138115
138113
138114
138156
138155
138157
138158
137759
138122
138123
138161
138163
138173
138145
138152
138151
138182
138183
138206
138213
138200
138196
138199
138204
138224
138232
138234
138231
138226
138216
138210
138243
138242
139669
138247
138257
138236
138238
138388
138262
138256
138253
138251
138188
138184
138177
138160
138159
138167
138165
137778
137782
137779
137760
137762
137770
137765
137766
139691
139692
138482
138484
138516
138521
138526
137771
137768
137763
137739
137740
137736
137735
139578
139579
137715
137705
137706
137707
137720
137722
137721
137725
137694
137697
137695
137696
139615
137692
137690
137688
137689
137682
137681
137680
137678
137674
137675
137673
137676
137700
137701
137513
137702
137703
137704
137509
137508
137510
137501
137504
137477
137488
137489
137476
136814
137485
136805
137492
139580
137486
137495
136803
136813
137474
137480
137481
137482
137484
137483
137672
137679
137693
137683
137677
137506
137505
137734
137737
137764
137738
137767
137761
137727
137726
137723
137724
137756
137752
137751
137758
137745
137746
138111
139667
139618
139619
139666
139620
139689
138105
138117
138110
138116
138109
138130
138131
138129
138107
138106
138104
139616
139688
139613
139614
139617
137747
139668
137744
137698
137699
137743
137750
134098
138461
134097
138118
138140
138141
138132
138134
138128
138079
137487
138615
138616
138620
138527
137451
137460
137470
139576
137479
137475
137473
137471
139577
137457
137472
137459
137453
139690
137464
137478
137463
137469
137462
137461
137458
137455
137454
137452
136753
136757
136769
136771
136782
136781
136783
136812
136785
137456
136787
136786
136779
136778
136774
136775
136772
136773
136763
136766
136767
136784
136780
136777
136776
136770
136799
136760
136761
136762
136758
139696
136759
138363
138364
138366
132593
136817
136823
136825
136831
136832
136833
136854
137796
137814
137811
137817
137799
137807
137806
137809
137847
137845
137846
137848
137852
137732
137729
137728
137716
137717
137712
137713
137719
137714
137842
133904
137803
137805
137804
137802
137808
137801
137794
137792
137786
137785
137790
137789
136852
137788
137787
136827
136811
136850
136806
136815
137497
137490
137491
137499
137500
137514
137517
137515
137518
137511
137512
137708
137709
137507
137502
137503
137493
137494
136804
136802
136801
136800
136789
136810
136808
136798
136807
136818
136819
136830
136795
136792
136791
136790
136793
136498
136496
136495
136499
136820
136531
136529
136526
136505
136500
136504
136506
136530
136501
136497
132597
132596
136797
136796
136809
132599
132598
137496
136851
137498
137791
137516
137795
137800
137519
133897
137520
137711
137710
137718
137844
137843
133898
137810
137798
137793
137812
137828
137829
137797
139561
136828
136826
136829
136822
136824
132595
136821
136816
136794
132594
136515
136209
136211
136764
136788
136765
139552
132590
136234
136236
136237
136240
136290
136291
136300
139587
136418
136121
136419
136420
136424
136425
136452
136453
136330
136460
136463
136393
136538
136539
136541
136546
136548
136545
136557
136560
136588
136587
136590
136591
136597
136605
136622
136624
136629
139595
139593
136627
136626
136864
138685
136866
136867
139664
139665
138686
136865
136862
136861
136637
136634
136633
136631
136625
136621
136611
136608
136612
136618
136630
136615
136619
136617
136616
136586
136585
136584
136737
136583
136577
136578
136580
136581
136609
136569
136570
136568
136564
136565
136566
136554
136555
136553
136551
136571
136575
136573
136574
136572
136415
136414
136411
136410
136409
136398
136399
136405
136406
136403
136402
136543
136549
136404
136400
136413
136412
136416
136408
136407
136552
136550
136567
136576
136556
136579
136582
136614
136610
136607
136595
136593
136594
136598
136613
136632
136620
136636
136863
139663
136860
136635
136606
136601
136599
136535
136600
136858
136524
136536
136523
136521
136519
136518
136481
136483
136478
136480
136479
136486
136485
136477
136475
136474
136484
136464
136459
136482
136513
136514
136534
136628
136603
136623
136602
136604
136596
136592
136525
136522
136589
136520
136561
136563
136562
136558
136559
136476
136547
136544
136540
136542
136465
136394
136396
136395
136401
136391
136389
136376
136388
136387
136382
136379
136380
136385
136386
139554
139556
136383
136384
136397
139553
139555
136390
136392
136331
136329
136322
136307
136320
136321
136323
132773
136319
136326
136328
136373
136374
136375
136377
136378
136357
136368
136381
136369
136367
136365
136361
136360
136359
135637
136362
136345
136341
135634
135613
135610
135606
135608
135597
135596
135598
135600
136332
135594
136251
136250
136249
135599
135601
135602
135592
135605
135614
135615
135617
135618
135632
135636
135638
135644
135640
135641
135643
135642
136716
135629
135625
135627
135626
135619
135621
135622
135581
135623
135624
135630
135628
135631
135620
135616
135611
135604
135607
135591
135595
135603
135609
135612
135633
135635
135639
135645
135648
136370
139589
139632
135646
136366
136364
136363
136358
136353
136354
136344
136343
136339
136337
136335
136338
136350
136349
136371
136314
136271
136270
136263
136268
136346
136267
136256
136253
136252
136254
136255
136259
136260
136308
136309
136289
136310
136294
136311
132670
132669
136317
136312
136315
136316
136266
132738
132739
136261
136265
136264
136244
136242
136258
136246
132610
132609
136262
136257
132633
132634
136269
136313
136352
136348
136336
136333
136334
136342
136340
136356
136347
136351
136355
136372
136327
136325
136324
136318
132771
136304
132772
136423
136299
136296
136297
136282
136295
136275
136279
136274
136277
136276
136273
136272
136235
135899
135900
135902
135901
135910
136281
136280
135921
136298
136417
136306
136305
136303
136293
136301
136292
136302
136286
136245
136241
136283
136285
136278
136284
136238
136239
136243
132592
136233
136232
136231
136226
136228
136219
132591
134184
135913
136111
136119
136120
136124
136125
136126
136135
136138
136136
136141
136142
136194
136435
136487
136202
136489
136488
136441
136491
136492
136493
136507
136473
136494
136508
136510
136472
136470
136467
136444
136455
136431
136429
136442
136445
136448
136446
136438
136437
136440
136434
136430
136443
136449
136469
136471
136451
136450
136490
136203
136204
136201
136208
136210
136206
136205
136207
136447
136439
136199
136198
136197
136192
136195
136200
136436
136196
136433
136193
136190
136191
136189
136180
136183
136186
136187
136754
136185
136178
136179
136167
136165
136177
136163
136181
136188
136184
136755
136756
136751
136750
136749
136752
136768
136744
136743
136748
136076
136173
136172
136171
136169
136153
136152
136150
136148
136147
136145
136143
136098
136095
136093
136091
134279
136096
136097
136102
136106
136154
136155
136157
136161
136158
136156
136109
136103
136101
136090
136088
136085
136084
136083
136080
136082
135890
135892
136100
136089
135816
136099
136087
136092
136045
136050
136052
136069
136074
136068
136067
136070
136071
136072
136063
136056
136059
136062
136060
136051
136064
136061
136065
136066
136144
136146
135817
136151
136149
136168
136075
136073
136742
136747
136175
136174
136182
136176
136170
136162
136164
136159
136160
136133
136131
136129
136114
136128
136115
139588
136107
136108
136132
136166
136140
136432
136139
136422
136427
136137
136134
136130
136127
136123
136122
136421
136426
136428
136454
136466
136468
136461
136456
136457
135923
135920
135922
135912
135911
135908
135907
135893
135903
135904
135905
135891
135906
135909
136105
136117
136118
136113
136112
136110
136116
135917
136104
135916
134185
136502
136503
136458
136511
136509
136512
136517
136516
136842
136843
136853
132841
137931
138495
138501
138505
138549
138554
138558
138562
138630
138631
138609
138608
138607
138610
138604
138611
138612
138613
138614
138603
138600
138599
138598
138575
138572
138574
138571
138573
139673
139672
138504
138503
138510
137911
137971
137972
137978
137980
138568
138578
138579
138585
138586
138582
137989
138584
139641
138583
138587
138688
137996
137994
138687
137992
137991
137993
137983
137967
137982
137976
137984
137988
137985
137987
137977
137975
137965
137970
137963
137959
137928
137957
137958
137953
137954
137955
137962
137966
137961
137981
137951
137949
137952
137941
137940
137948
137950
137936
137937
137935
137933
137866
137868
137878
137879
137939
137943
137945
137880
137872
137876
137874
137873
137920
137921
137918
137923
137924
137916
138497
138498
138506
138550
138551
138559
138560
138552
138548
138547
138545
138619
138544
138546
138529
138528
138492
138491
138525
138524
138522
138523
138520
138517
138488
138487
138485
138481
138469
138468
138466
138464
137901
137898
137896
137882
137769
137774
137775
137776
137777
137883
137884
137886
137887
137903
137904
137905
138476
138477
137906
137908
138474
137910
139693
137909
137891
137893
137825
137892
137818
137819
137821
137826
137856
137861
137870
137857
137860
137859
137858
137835
137862
137827
137838
137839
137837
137836
137833
136846
136845
137834
137824
137823
137832
137831
137830
137822
137820
136856
136857
136849
136844
136859
136835
136837
136839
136841
136840
136847
136838
136836
136834
136532
136527
136528
136537
136533
136855
137813
136848
137816
137815
137888
137895
137854
137853
137855
137849
137733
137850
137730
137731
137851
137907
137890
137889
137885
137741
137897
137899
137900
138467
138471
138472
138486
138489
138490
138475
138478
138493
138530
138507
138499
138494
138479
138496
137929
137913
137914
137915
137894
137922
137917
137919
137871
137869
137942
137877
137867
137875
137864
137865
137863
137840
137841
137934
137938
137944
137947
137946
137881
137927
137956
137960
137974
137964
137995
137990
139637
139638
137986
138580
138591
138594
138595
138593
139640
138690
138689
138596
138589
138590
139745
139748
139749
139746
139752
139751
139747
139750
138588
138592
138581
138577
138567
137979
137973
137969
137968
137912
138518
138569
139671
138565
138511
138557
138556
138566
138570
138576
138597
138601
138602
138606
138605
138564
138563
138561
138555
138553
138508
138509
138502
138500
137930
137932
137926
137925
132842
134296
132995
134419
134420
134418
134421
134425
134432
134433
134435
134438
134540
134481
134482
134483
134542
134546
134547
134549
134557
134559
134562
134563
134616
134618
134619
134458
134459
134454
133242
133241
133239
134453
134561
134461
134555
134457
134544
134452
134456
134450
134449
134445
134446
134444
134439
134440
134431
134442
134429
134430
134428
133209
133207
133208
133216
133218
133226
133227
133249
133250
133251
133248
133223
133225
133224
133240
133220
133221
133142
133131
133219
133222
133217
133214
133212
133211
133206
133205
133141
133215
133204
133203
133200
133201
133210
133247
134443
134441
134451
134460
134556
134560
134564
134558
134569
134568
134570
134571
134573
134572
134626
134634
136898
134633
134632
134631
134630
136741
134567
134553
134554
134552
134551
134550
134488
134548
134545
134543
134541
134487
134480
134479
134478
134477
134465
134462
134424
134423
134448
134476
134447
134437
134436
134434
134427
134417
134426
134422
134416
134370
134369
132996
134371
134373
134464
134466
134463
134467
134470
134484
134485
134486
134489
134490
134503
134502
134505
134508
134509
134518
134520
134523
134530
134531
134532
134539
134580
134581
135948
135947
135938
135946
135931
135932
135930
134526
134525
134524
134201
134517
134516
134514
134513
135925
135926
135928
135927
135935
135940
135939
135762
135763
135766
135942
135941
135787
135765
135760
135759
135750
135751
135754
135936
135752
135934
135755
135924
134515
135929
134537
135937
135933
135945
134578
134579
134583
134588
134576
134577
134574
134575
134538
134536
134534
134535
134533
134529
134200
134528
134521
134519
134510
134512
135748
135753
135746
135749
135745
135747
135737
135736
135740
135757
135738
135756
135743
135742
134415
134409
134413
134511
134414
134412
134506
134522
134504
134507
134501
134527
134496
134497
134498
134473
134472
134471
134493
134494
134495
134491
134383
134492
134382
134499
134475
134474
134469
134468
134379
134232
134298
134297
134299
134307
134310
134356
134357
134359
134316
134313
134312
134304
134303
134302
134236
134235
134300
134311
134315
134354
134295
134294
134293
134290
134291
134289
134281
134282
134283
134284
134280
134286
134288
134306
134292
134314
134309
134308
134301
134287
134285
134355
134358
134231
134233
134234
132586
133047
133046
133048
133043
133080
133082
133073
133083
133084
133086
133087
133065
133089
133090
133095
133096
133103
133107
133106
133110
133112
133126
133124
133127
133125
133198
133202
133190
133189
133113
133108
133100
133097
133099
133098
133109
133111
133105
133093
133094
133072
133091
133092
133076
133066
133075
133077
133069
133079
133168
133169
133078
133150
133152
133154
133153
133173
133174
133175
133178
133193
133196
133197
133199
133187
134277
134275
139543
133180
133179
134273
134270
134269
134267
133184
133183
134276
133182
133166
133165
133157
133158
133156
132907
134207
134209
134208
187186
187187
187188
187185
187183
187184
187172
187175
187181
187182
187189
187174
187017
187018
187013
187019
187014
187171
187016
187173
187015
132908
134266
134211
134229
134268
134271
134210
134230
133186
133185
133181
133192
133194
133195
133191
133188
133171
133177
133176
133167
133162
133163
133155
133164
133147
133148
133145
132897
133068
133057
133056
133063
133060
133058
133050
133049
133052
133035
133022
133017
133051
132832
133036
133032
133027
133031
133044
133045
133028
133030
133041
133026
133025
132959
132971
133029
133038
133039
133012
132972
132973
132958
132953
133004
133007
133010
133011
133081
133014
133023
133088
133013
133015
133008
133006
132950
132942
132943
132940
132941
132956
132786
132729
132726
132725
132724
132728
132793
132796
132795
132798
132826
132824
132822
132823
132828
132830
132827
132835
132834
132838
132840
132837
132891
132895
133053
132893
132890
132900
132898
132901
132904
132905
132906
133161
132903
132899
132889
132887
132886
132888
132884
132882
132883
132817
132876
132878
132879
132877
132881
132869
132871
132872
132880
132864
132870
132863
132851
132850
132855
132856
132854
132857
132849
132848
132843
132844
132847
132861
132759
132754
132751
132750
132752
132760
132858
132859
132810
132791
132789
132809
132803
132801
132782
132784
132780
132746
132783
132951
132779
132785
132723
132778
132777
132768
132774
132769
132954
132709
132775
132776
132742
132770
132680
132741
132740
132736
132730
132731
132737
132735
132733
132732
132748
132756
132755
132743
132744
132747
132734
132745
132781
132757
132802
132790
139544
132761
132766
132767
132814
132812
132818
132806
132811
132807
132808
132764
132874
132865
132762
132765
132763
132758
132749
132674
132671
132675
132672
132673
132676
132753
132860
132677
132866
132862
132868
132867
132875
132816
132815
132820
132885
132873
132892
132805
132836
132833
132831
132819
132813
132821
132825
132797
132792
132794
132727
132955
132939
132957
132970
132788
133024
132787
132839
132829
133018
132804
133059
133055
133054
132896
132894
133146
133159
133160
132902
133170
133172
133151
133149
133070
133067
133064
133071
133062
133061
133074
133085
133040
133009
133042
133037
132587
134274
133128
133130
133132
133129
134242
134272
132845
135665
135670
135663
135671
135669
135684
135702
135706
135680
135681
135678
135676
135674
135673
134353
134400
134396
134394
134349
134348
134388
134389
134386
134385
134342
134343
134340
134335
134334
134337
134336
134332
134339
135651
135649
135652
135653
135655
135656
135658
135666
135657
134944
134945
135661
134942
134941
134936
134943
134351
134344
135654
135650
134933
134934
134930
134927
134929
134257
134500
134250
134256
134255
134305
134319
134320
134253
134252
134251
134247
134225
134246
134248
134260
134254
134249
134258
134263
134264
134265
134262
134327
134326
134323
134322
134321
134324
134261
134259
134928
134931
134932
134330
134345
134329
134331
134328
134333
134325
134317
134338
134341
134346
134347
134350
134352
135672
135675
135677
135679
135668
135662
135664
135660
135667
135659
132846
134360
134364
134374
134376
134378
134377
134381
134390
134392
134402
134404
134407
134411
134405
134403
134406
134410
135741
135732
135733
135730
135731
135744
135734
135735
135739
135767
135768
135712
135769
135708
135707
135758
135682
135728
135729
134408
134398
134395
134397
134393
134401
134399
134391
134384
134380
134375
134372
134361
133101
133133
133102
133120
133136
133137
133272
133269
133274
133273
133270
133271
133267
133135
133104
133122
133123
133134
133119
134621
134623
134624
134622
134318
134365
134387
134368
134366
134367
134363
134362
134186
135446
135502
135583
135584
135585
135586
135589
135590
135527
135528
135593
135529
135526
136248
135524
135517
135522
135515
135514
135481
135512
135462
135476
135477
135457
135455
135456
135475
135458
135523
135525
135520
135588
135587
135521
135519
135508
135516
135511
135492
135494
135513
135496
135497
135495
135506
135500
135503
135504
135505
135509
135499
135443
135439
135441
135440
135445
135447
135553
135554
135551
135549
135536
135537
135538
135544
135545
135546
135559
135558
135557
135560
135561
135562
135572
135574
135577
135580
135578
135579
135575
135569
135565
135567
135564
135570
136680
136695
136697
136698
136676
136677
136678
136679
136685
136686
136687
136692
136712
136714
136725
136729
136727
136728
136730
136720
136724
136723
136722
136736
136717
136721
136707
136706
136704
136705
136701
136702
136708
136700
136703
136684
136683
136699
136719
136718
136726
136709
136715
136710
136713
136735
136732
136731
136734
136733
136694
136690
136693
136674
136667
136668
136666
136658
136652
136711
136691
136689
136688
136670
136669
136682
135647
136664
136663
136662
136657
136665
136653
136651
136650
136648
136654
136656
135365
135363
135364
135360
135341
135349
135348
135351
135353
135352
135296
135345
135298
135346
135299
136641
136638
136643
136646
135279
135277
135276
135275
135270
135274
135292
135293
135291
135285
135286
135284
135282
135281
135254
135287
135288
135337
135338
135342
135339
135343
135357
135359
135317
135316
135312
135314
135311
135310
135309
135251
135250
135248
135247
135249
135280
134193
135263
135264
135259
135257
135260
134197
134192
135261
135246
135304
135302
135244
135245
135308
135305
135354
135355
135315
135313
135289
135255
135252
135253
135265
135283
135266
135267
135273
135272
135271
135269
135278
135295
135297
135294
135344
139635
135340
135290
135362
135350
136649
135347
136644
136647
136645
136655
136661
136659
136675
136660
136696
136681
135582
135571
135566
135361
135356
135568
135576
135573
135563
135358
135335
135329
135330
135331
135327
135333
135324
135322
135321
135303
135318
135217
135320
135418
135531
135419
135534
135421
135420
135422
135221
135416
135410
135417
135431
135437
135436
135484
135485
135488
135487
135489
135461
135434
135404
135430
135429
135428
135427
135413
135412
135414
135402
135405
135406
135403
135435
135433
135432
135415
135409
135220
135219
135214
135213
135216
135218
135215
135306
135301
135319
135307
135323
135325
135326
135328
135336
135547
135548
135552
135543
135334
135541
135533
135332
135532
135530
135535
135542
135550
135426
135425
135423
135438
135424
135442
135486
135493
135490
135491
135498
135507
135556
135555
135510
135501
135444
134187
135230
135243
136639
136640
139591
139592
136642
135242
135300
135239
135262
135146
135153
135159
135165
135166
135167
135171
135240
135241
135235
135237
135236
135233
135231
135224
135223
135227
135228
135222
135234
135229
135207
135163
135170
135162
135160
135152
135144
134203
134204
139611
135149
135151
135226
135161
135145
135206
135168
135200
135205
135202
135203
135201
135169
135232
135256
135258
135238
135204
135209
135208
135210
135211
135212
135407
135408
135097
135107
135450
135451
135452
135449
135106
132933
134870
134897
134899
134903
134904
134947
134950
134953
134960
134962
134978
134980
134987
134988
134990
135689
135695
135697
135699
135700
135694
135693
135805
135806
135807
135800
135798
135086
135084
135692
134992
135079
135077
135080
135082
135078
135081
135087
135075
135090
135099
135100
135094
135095
135098
135448
135400
135454
135401
135396
135395
135398
135397
135379
135378
135381
135383
135384
135375
135385
135389
135391
135390
135393
135386
135387
135064
135062
135061
135089
135056
135073
135088
135053
135055
135057
135059
135373
135372
135370
135369
135368
135366
135189
135188
135185
135186
135192
135191
135193
135182
135194
135179
135178
135177
135176
135175
135174
135173
135172
135137
135138
135130
135141
135154
135158
135140
135131
135143
135129
135126
135125
135124
135133
135135
135136
134814
134816
134829
134820
134832
134835
135139
135142
135157
135181
135180
135190
135184
135183
134837
134838
135042
135043
135048
135047
135045
135041
135054
135038
135036
135031
135033
134830
135039
134833
134823
134826
134825
134827
134828
134194
134196
135034
135040
134834
134831
134836
135044
135187
135195
135377
135198
135196
135367
135049
135050
135046
135052
135060
135058
135063
135376
135374
135371
135382
135199
135197
135380
135394
135392
135388
135096
135092
135093
135091
135074
135072
135070
135071
135069
135068
135066
135018
135021
135020
135019
135015
135026
135023
135027
135025
135030
135051
135037
135035
135032
135006
135002
135004
135005
135012
135009
135011
135010
135000
134999
134998
134895
134894
134888
134892
134889
134913
134958
134966
134963
134965
135065
134917
134915
134916
134909
134883
134908
134907
134905
134902
134906
134882
134702
134877
134878
134880
134881
134189
134797
134798
134799
134800
134801
134803
134802
134817
134815
134810
134811
134770
134813
134812
135134
135132
135119
135121
135118
134756
134766
134767
134765
134763
134764
134808
134790
134791
134740
134786
134787
134783
134781
134793
134780
134779
134778
134777
134784
134737
134736
134729
134730
134773
134774
134734
134735
134743
134745
134759
134750
134751
134749
134752
135111
135114
135112
135113
134747
134746
134744
134741
134732
134722
134731
134714
134719
134717
134651
134723
134718
134646
134649
134652
134673
134675
134672
134653
134641
134648
134636
134635
134643
134642
134645
134644
134647
134716
134712
139557
139558
139559
134713
134715
135123
139560
134708
134707
134711
134706
134710
134637
134638
134709
134728
134727
134724
134772
134680
134679
134681
134678
134677
134674
134654
134650
134655
134726
134725
134720
134721
134748
134742
134758
134757
134739
134733
134776
134775
134683
134696
134704
134698
134694
134700
134697
134695
134693
134682
134705
134782
134785
134738
134761
134760
134762
134754
134753
134755
135115
135117
135116
135128
135127
134771
135120
134768
134769
134809
134792
134789
134794
134788
134796
134795
134879
134228
134188
134237
134703
134701
134891
134893
134884
134214
134213
134890
134219
134804
134805
134994
134997
135008
134807
134806
134824
134822
134199
134198
134218
134912
134995
134996
135003
135001
134195
135007
135013
135024
135022
135014
135017
135016
134964
135029
135028
135067
135076
134983
134982
134981
135083
135085
135799
135797
134993
135696
135698
135687
135686
135685
135704
135683
134974
134972
134940
134967
134968
134975
134970
134954
134952
134951
134946
134938
134925
134924
134935
134921
134922
134923
134939
134937
134973
134976
135690
135691
135688
134991
134989
134985
134971
134984
134986
134979
139636
134977
134959
134961
138473
134969
134957
134955
134956
134949
134911
134914
134948
134926
134910
134901
134900
134898
134876
134875
134874
134872
134867
134865
134866
134871
134919
134918
134920
134862
134857
134860
134858
134861
134859
134852
134853
134851
134840
134845
134846
134684
134847
134665
134669
134668
134666
134670
134671
134667
134659
134656
134657
134658
134662
139642
134663
134660
134661
139609
134664
134843
134842
134841
134224
134223
134220
134221
134241
134240
134244
134245
134243
134239
134238
134217
134226
134227
139694
139551
134839
134222
134844
134855
134856
134864
134863
134854
134688
134850
134849
134848
134687
134686
134691
134689
134692
134685
134690
134699
134873
134896
134868
132948
134869
132947
132934
135453
135464
135156
135155
135164
135399
135703
135705
135711
135714
134676
135411
135101
135104
135850
135852
135853
135856
135869
135871
135870
135895
135896
135894
135873
135898
136230
136229
136218
136212
136217
136222
136224
136225
136227
136247
135518
135483
135482
136223
136216
135480
135474
135478
135471
135470
135469
135108
135467
135465
135466
135459
135468
135460
135479
135818
135858
135859
135897
135872
135867
135863
135866
135865
135885
135884
135883
135878
135880
135793
135879
135877
135840
135875
135727
135778
135780
135789
135790
135792
135785
135794
135795
135968
135967
135970
135943
135965
135966
135796
135788
135786
135783
135764
135771
135770
135761
135774
135791
135784
135779
135773
135772
135775
135722
135721
135776
135720
135719
135715
135701
135718
135809
135826
135812
135827
135832
135833
135838
135836
135837
135831
135842
135845
135844
135829
135823
135822
135821
135820
135815
135802
135824
135830
135841
135835
135828
135814
135813
135724
135834
135710
135716
135717
135723
135713
135777
135726
135725
135874
135839
135782
135781
135876
135846
135882
135886
135847
135864
135860
135843
135825
135861
135862
135868
135857
135855
135854
135851
135110
135849
135848
135109
135105
135103
135102
135808
135811
135463
135801
135804
136868
136869
135803
135819
132602
132713
132912
132913
132700
132911
139601
132606
132698
132699
132631
132695
132683
139602
132689
132688
132694
132678
132679
132685
132687
132704
132691
132706
132710
132703
132696
132708
132719
132720
132721
132697
132707
132682
132705
132686
132693
132914
139599
139597
132690
139596
132684
132681
132628
132618
132626
132625
132624
132619
132623
132622
132627
132632
132635
132641
132643
132910
132922
132924
132926
132927
132977
132985
132986
132991
133001
133002
132999
133005
133003
132998
132993
132994
139604
132988
132989
132932
132967
132930
132945
132949
132918
132946
132935
132919
132921
132920
132917
132915
132916
139644
139643
132909
132613
132931
132997
132992
133000
132987
132667
132981
132975
132976
132974
132928
132979
132983
132654
132647
132653
139600
132663
132665
132664
132657
132658
132652
132655
132656
132659
132650
138693
132649
132637
132644
139631
132639
132642
132651
132645
132660
132980
132661
132662
132668
139598
132990
132982
132984
132978
132929
132925
132648
132923
132646
132614
132640
132630
132621
132620
132629
132607
132608
132701
132605
132604
132714
132937
132936
132716
132692
132702
139603
132711
132718
132712
132603
132715
132722
132717
132938
132944
132952
132962
132968
133019
133117
133115
133121
133116
133114
132588
132589
135944
135918
135919
135955
135957
135954
135959
135960
136017
136018
136015
136019
136021
136025
136030
136031
136032
136037
136036
136034
136057
136054
136041
136033
136023
136022
136053
134629
136035
136029
136028
136014
136012
136011
136010
136008
135949
136006
134582
134587
134585
134586
134591
134589
134594
134584
135951
136007
134590
134592
134593
134627
136027
136026
136024
136016
136020
135990
135964
135961
136013
136009
135962
135952
135958
135950
135915
135953
135914
135709
134278
136086
135984
135999
136094
136004
136005
136047
136048
136049
136055
136058
136043
136042
136040
136001
136002
135995
135997
135994
135996
135979
135988
135986
135987
135989
136038
135985
135963
135956
135971
135969
135973
135976
135978
135977
135888
135881
136079
135887
135975
135972
135981
135980
135889
136077
135974
135991
135992
135993
136039
136046
136044
136003
136000
135998
135982
135983
136081
136078
134565
134628
134566
