3654
14699
14708
14709
14711
16964
16965
16959
16957
16963
16961
16962
16977
16984
16981
16976
16943
16944
16980
33673
33672
16974
16975
16960
33671
33669
16939
33665
33666
33667
33668
16955
16954
16953
16938
16956
16940
14707
16967
14713
16958
14710
7753
7757
20851
20849
20850
7754
25709
25710
25727
25728
25736
25737
25738
25740
25808
25814
25815
25813
25819
25822
25836
25802
25803
25804
25835
34145
27633
34147
27511
27635
27634
25794
25792
27507
27506
27632
27505
27500
27509
27512
27498
27495
27493
25653
25652
25654
25679
25678
25685
25677
25683
25684
25674
25647
25646
25645
25638
25632
25636
25634
25633
25531
25640
25643
25650
25649
25522
25523
25524
25502
25630
25635
25631
25610
25608
25613
25637
25609
25615
25614
25673
25648
25655
25639
25642
25651
27494
27499
27510
25687
27514
27639
27640
27515
27508
27636
25800
25837
25780
25779
25795
25797
25796
25798
25799
25790
25801
25789
25791
25686
25680
25675
25676
25667
25681
25783
25787
25785
25784
25781
25669
25670
25672
25765
25772
25776
25777
25811
25812
25770
25774
25763
25759
25665
25664
25579
25663
25658
25657
25625
25626
25662
25622
25627
25612
25611
25515
25616
35118
25511
25513
25516
25514
25601
25602
25607
25600
25606
25604
25618
25619
25617
25623
25554
25551
25553
25546
25480
25544
25547
25545
25548
25549
25560
25561
25562
25564
25563
25556
25559
25566
25567
25575
25583
25593
25597
25704
25760
25762
25761
25766
25768
25805
25810
25806
25726
25735
25733
25722
25724
25707
25691
25690
25706
25708
25714
25720
25723
25713
25715
25703
25719
25717
25699
25688
25692
25698
25696
25701
25596
25693
25694
25697
25695
25594
25595
25589
25590
25591
25586
25588
25584
25580
25577
25576
34123
20790
20789
25555
20788
20783
20784
20786
25542
25557
25541
25539
20785
25537
25538
25466
25467
25477
25471
25469
25470
25475
25476
25507
25473
25472
25506
25497
25494
25495
25499
25500
25517
25503
25504
25505
25521
25520
25518
25519
25488
25501
25483
25482
20826
20825
25487
25484
25485
25490
25486
25496
25493
25492
25474
25464
25465
25462
19039
19038
19030
19034
19036
20759
20758
20761
20762
20764
35415
35416
20756
20754
20757
20771
20774
16973
34273
34274
17201
17202
16972
20773
20780
20797
35193
35194
20799
20798
35461
35462
35463
35459
35460
35464
20781
35349
34276
20803
20804
20824
20823
25570
35414
25571
25573
20816
20817
20828
20807
20806
20844
20770
20793
20805
20815
34126
20766
20752
20755
20753
20750
20748
20747
18924
20450
20451
20453
20469
20473
20521
20769
20796
20795
20522
20794
20523
20525
20524
20517
20515
20529
20527
20530
20535
20537
20668
20538
20536
20534
20528
20520
20518
20526
20514
20519
20495
20494
20505
20506
20507
20508
20498
20493
20491
20490
20489
20480
20477
20479
20486
20431
20430
20433
20461
20462
20464
20465
20474
20472
20457
20467
34184
20466
20458
20459
20460
20432
20485
20496
20492
20511
20512
20531
20533
20532
20513
20510
20434
20463
20516
20468
20471
20470
20454
20452
20768
20845
20848
20831
20792
20791
20777
20782
20776
20772
34275
34393
20765
20767
20751
19035
19032
19033
25463
20760
20763
20787
20775
25572
25585
20827
25587
20830
25705
25689
20846
25721
25725
25769
25718
25716
25700
25702
25592
25581
25574
25558
25543
25540
25468
25478
25509
25479
25552
25550
25603
25598
25599
25512
25508
25510
25498
25605
25621
25620
25624
25656
25565
25568
25578
25569
25582
25666
25771
25767
25773
25758
25671
25660
25659
25668
25661
25629
25628
25682
25782
25788
25786
25764
25775
25778
25828
25823
25827
25821
25816
25820
25809
25807
25742
25734
25732
25739
25730
25729
25731
25743
25748
25744
25745
25749
20889
20887
20888
25712
20885
20884
20842
20852
20836
20838
20839
20813
20812
34392
20814
20818
20819
20821
20822
20832
20833
20837
20811
20809
20808
20669
20670
20810
20834
20843
20841
20820
20835
25711
20847
20840
6588
34998
6589
25756
25824
25825
25741
25755
25757
25754
25481
25456
25457
27578
25461
25368
25370
25372
34420
25408
34422
25421
25418
25422
25404
25417
25403
25425
25411
34148
25375
25409
25412
25410
25413
25414
25426
26605
26622
25419
25491
25489
25402
34146
25405
25406
34423
25407
25420
25371
27646
27637
27638
34166
27645
27647
25903
27533
27535
27641
27642
27536
27648
27650
35398
18705
18704
17615
17616
18707
18708
18712
18820
18821
18830
18831
18845
18846
18847
18850
18893
18848
18890
18889
18908
18888
18910
20435
20437
20439
20441
20442
20456
20443
20440
20438
20446
20447
20448
20449
20445
18921
18920
18919
19023
20749
35304
35302
35303
35300
35301
19026
19027
19025
19024
19812
19019
19022
25443
25452
25453
25455
25454
25458
25460
25440
25459
25450
25448
25449
25438
25437
25432
25433
25333
25431
25430
25436
25445
19009
19011
25441
19010
19018
19015
19005
19014
19013
18903
18896
18904
18905
18906
18902
18914
18901
18898
18895
18900
18897
18899
18922
18923
18912
18913
18894
18907
19004
19003
18916
19016
19007
25435
25434
25447
25446
25439
25444
25442
19012
19037
19017
18917
18915
18918
20444
20436
18911
18909
18891
18892
18839
18841
18835
18840
18834
18836
18838
18843
18825
18824
18822
18808
18803
18806
18804
18818
18797
18798
18801
18807
18802
34790
18799
18805
18800
18795
18812
18810
18811
18753
18750
18748
18751
18796
18793
18792
18675
18584
18579
18580
18583
18674
18676
18678
18581
18582
18586
18574
18573
18572
18577
18744
18747
18745
34257
18864
18868
18870
18869
18865
18867
18866
18575
18576
18566
18564
18568
18563
18567
18578
18570
18548
18569
18549
18550
18545
18543
18537
18403
18589
18221
18224
18226
18220
18590
18591
18592
18594
18593
18588
18412
18413
18391
18389
18384
18390
18347
18346
18349
18345
18335
18334
18343
18333
18344
18348
18407
18405
18404
18400
18399
18406
18587
18402
18318
18536
18319
18320
18534
18535
18538
18539
18540
18541
18542
18225
18544
18565
18546
18547
18749
18677
18585
18809
18794
18679
18682
18681
18683
18684
18666
18680
18664
18665
18667
18617
18611
18610
18598
18597
18609
18607
18227
18606
18661
18662
18660
18658
18659
18657
18603
18604
18571
18656
18228
18605
18596
18414
18415
18419
18421
18420
18616
18663
18608
18842
18837
18851
19002
18998
19006
25427
25428
25429
19008
18997
25324
25323
25330
25328
25331
25332
25400
25401
25390
25399
25391
25392
25396
25397
25398
25369
25367
25362
25365
25385
25384
25363
25353
25346
25347
25360
25349
25344
25348
25341
25343
25342
29004
25335
25345
25339
25364
25359
25361
25366
25395
25394
25393
25388
25387
25313
25311
25308
25309
25301
25354
25356
25382
25381
25358
25352
25351
25357
25350
25336
25334
25288
25291
25290
25296
25299
25295
25298
25292
25283
25282
25281
25284
25285
25250
25253
25286
25254
25252
25249
25251
25248
18505
18499
18497
18503
18935
18937
18939
18940
18498
25246
25247
18936
18938
18941
25289
25287
25255
25256
25337
25338
25259
25340
25355
25300
25297
25304
25302
25310
25383
25386
25389
25317
25318
25327
25326
25322
25312
25320
18986
18993
18991
18995
18992
18999
18990
18988
18989
19000
18982
18979
18981
25305
18984
18971
25303
25294
25293
18951
18952
18955
18969
18954
18953
18950
18958
18959
18949
18948
18947
18960
18946
18945
18929
18930
18931
18934
18926
18927
18932
18495
18494
18490
18492
18500
18501
18502
18489
18491
18925
18636
18635
18639
18647
18649
18652
18654
18695
18655
18699
18696
18698
18714
17632
17633
18717
18713
18718
18721
18722
18826
18829
18828
18832
18723
18975
18974
18962
18702
18961
18703
18976
18977
18978
18965
18964
18968
18967
18973
18720
18827
18719
18716
18710
18715
18689
18691
18688
18690
18692
18694
18651
18646
18630
18637
18631
18452
18449
18450
18446
18427
18428
18447
18429
18448
18468
18473
18474
18487
18475
18459
18461
18471
18477
18478
18472
18480
18483
18481
18484
18486
18485
18467
18482
18466
18465
18463
18457
18458
18455
18454
18373
18369
18368
18372
18367
18371
18425
18442
18441
18437
18440
18625
18622
18624
18627
18629
18641
18642
18643
18644
18686
18670
18671
18211
33961
18212
18673
18668
18672
18669
18619
18614
18615
18599
18600
18595
18613
18620
18618
18612
18602
18601
18623
18621
18439
18436
18408
18416
18418
18417
18435
18434
18430
18411
18410
33920
24813
18409
18431
18424
18365
18364
18423
18394
18392
18393
18351
18362
18350
18363
18361
18360
18353
34002
34006
18184
18354
18357
18358
34000
34001
34007
18352
18355
18432
18433
18422
18370
18366
18356
18359
18183
18374
18456
18460
18376
18426
18445
18375
18443
18444
18626
18628
18687
18645
18697
18701
18693
18653
18650
18648
18640
18638
18634
18453
18633
18632
18451
18479
18488
18493
18928
18700
18957
18942
18943
18944
18933
18956
18983
18970
18972
18980
18966
18985
25314
25307
25306
25315
25316
25319
25329
25325
25321
18987
18994
18996
19001
18849
18833
18844
18823
18819
18711
18709
18685
18706
25451
19028
19029
20455
18553
18562
18554
34702
6517
18304
18313
18312
18317
18310
18316
18309
18311
34743
18532
18533
18306
6519
18305
18385
18395
18386
18387
18380
18381
18382
18388
18401
18383
18378
18379
18377
18314
18315
6516
18303
18342
6525
18339
18268
18326
18327
18329
18167
18166
18176
18328
18340
18341
18173
18171
18170
18330
18179
33981
33982
33995
33996
33997
18178
33994
33993
33989
16856
27166
27165
16857
34003
33998
34004
34005
18331
18338
18336
18337
18323
33999
18177
18325
18332
16879
18324
18175
18322
33991
33992
33988
33987
33990
33985
33983
33984
18321
18267
18266
18271
18302
6526
20733
13069
20478
20483
20484
20499
20676
34182
20673
20682
20686
20855
20859
20864
20867
20890
25747
25746
25753
25842
25752
20685
20678
20677
20681
20680
20679
20857
20858
20865
20868
20866
20488
20497
20503
20651
20652
20410
20409
20504
20408
20411
20649
20650
20656
20658
20657
20671
20674
20683
20684
20720
20719
20856
20863
20872
20871
21033
20873
20882
20883
21293
21296
21298
21299
21311
21309
21310
21312
25840
25841
25750
25751
20895
21306
21287
20891
20892
21288
21289
20687
21308
21307
20894
20893
20881
20880
20724
20688
20655
20401
20394
20396
20393
20395
20397
20400
20476
20392
20402
20398
20509
20482
20502
20481
20487
20399
20475
20412
20869
20886
13070
13071
20427
20428
20429
20426
20425
20422
20421
20423
20420
20419
20418
20416
20347
20413
18884
18886
18887
18885
18882
18879
18876
18875
18874
18873
18872
18871
18774
18776
18773
18775
18785
18877
18880
18787
20342
20346
20353
20354
20355
20351
20341
18790
20348
18791
18789
18784
18783
18768
18769
18752
18771
18770
18781
18782
20344
20343
18788
18772
18786
18878
18881
18883
20356
20345
20414
20415
20417
20424
20357
20350
34127
34586
20352
20340
20349
20339
18778
20329
14354
14363
14355
34711
20364
20391
20390
34409
20389
20365
6518
18307
34183
18308
18517
18531
18291
18526
18527
18523
18551
18557
18724
18115
18260
18257
18113
18112
13999
14366
18114
18139
18137
18127
18128
14000
18138
18754
18755
18756
18740
18741
18742
18730
18743
18729
18728
18727
18733
18734
18737
18738
18731
18732
18736
35471
18725
18558
18560
18559
18555
18530
18726
18739
18735
18528
18552
18256
18508
18507
18506
18509
18289
18512
18511
18513
18514
18524
18525
18521
18520
18522
18284
18286
18283
18231
17896
18519
17897
18510
18119
34997
34253
18518
18529
18279
18290
18230
18278
18285
18287
18288
18292
18515
18516
18174
34112
18296
18264
18293
18294
18234
18235
18277
18233
18232
18259
18254
18258
18245
18255
18261
34254
18247
18297
18298
18299
18301
18300
18270
18265
18251
33975
33974
18250
18269
18246
18242
18249
18237
18240
18239
18238
18222
18223
18252
18213
18208
18209
18207
18203
18210
18205
18206
33967
33965
33963
33962
33927
33921
33925
33924
33926
33928
33929
33930
33933
33960
18168
18169
33934
33964
18161
18162
18163
18202
18219
18229
18276
18275
18281
18282
34358
17464
18273
18280
17451
17450
17449
18214
18215
18189
18190
18192
18199
18198
18200
18197
18194
18193
18191
18158
18159
33952
33953
33950
33951
33940
33939
33936
33944
33943
33949
18185
18186
17388
33947
33948
33946
33937
33919
33918
33882
33906
33916
17208
17381
17385
17390
17439
17441
17445
17455
17453
17893
17456
17898
17457
17458
17461
17462
17437
17454
17438
17442
17444
17448
17446
17393
17440
17391
17386
17380
33907
33917
17387
17382
33938
33942
18156
33935
33945
18157
18188
18187
17389
17447
17463
17465
17899
17459
18204
17460
34359
18274
18272
35089
18216
18217
18218
18195
18196
18201
18160
18236
18165
18172
18164
33970
33968
33966
18243
18244
18241
18253
18262
18263
18295
17436
33922
113453
113451
33923
33931
33957
33958
33969
33932
33971
33972
33973
34008
33941
33954
33956
33959
33955
18121
18124
18125
18126
18136
18135
18122
18123
8894
20327
20326
20328
18763
18764
18757
18759
18762
18765
18761
18767
18758
18766
18746
18556
35424
18561
20322
18760
20325
8897
8895
18777
18779
18780
17664
17665
17666
15524
15525
17669
17667
17670
17694
17714
17719
17718
17720
17722
18042
19236
19233
19237
19238
19235
19234
18041
17721
18040
18045
18046
18048
18050
18052
18049
18051
18039
18043
18047
18021
17668
17690
17689
17691
17692
17693
17713
17717
19256
19239
19257
19240
19258
19260
19259
19174
19350
19351
19243
19263
19264
19349
19261
19251
19244
19249
17730
17842
18003
18014
18016
17843
17841
17999
18058
18059
18019
18020
18024
18034
18033
18035
18022
18023
18044
18053
18036
18062
18065
18066
19241
19242
19246
19250
19245
19252
19247
19248
19274
19253
19254
19281
19282
19283
18120
18064
18063
18060
18037
19265
19266
19268
19267
17294
17205
33899
33900
33908
33909
33910
33911
33912
33913
33914
33915
33905
33880
33875
33874
33876
33895
33901
33894
33892
33877
33904
17377
17384
17403
17434
17435
17452
17407
17427
17430
17426
17408
17431
17433
17405
17428
17429
17417
17416
17410
17409
17395
17394
17364
17327
17330
17392
17331
17333
17343
17344
17413
17411
17412
17414
17415
17421
17418
17422
17423
17424
17432
17859
17863
17864
17865
17876
17881
17883
17919
17921
17925
17926
17934
17937
17944
17952
17953
17954
18072
18073
18085
18086
18117
18116
18061
18057
18081
18082
18084
18080
18070
18032
18038
18027
18028
18030
35279
18009
18068
18069
17941
18067
17943
17940
17938
17935
17939
17942
18007
18006
18010
18008
18025
18018
18017
18005
18004
18015
18000
17844
17851
17852
17853
17849
17850
17856
17858
17855
17835
17833
17834
17831
17923
17832
17918
17793
17917
17879
17880
17791
17878
17790
17873
17780
17872
17778
17776
17779
17861
17420
17419
17772
17773
17775
17768
17769
17771
17783
17784
17789
17787
17782
17785
17786
17824
17828
17829
17826
17827
17847
17811
17837
17840
17836
17838
17812
17806
17803
17805
17804
17766
17759
17757
17738
17760
17745
17746
17744
17742
17741
17739
17322
17320
17312
17319
17339
17336
17340
17338
17345
17347
17337
17341
17326
17298
17334
17302
17299
17301
17300
17293
17309
17316
17313
17314
17288
17289
17281
17296
17297
17335
17315
17311
17321
17737
17807
17823
17765
17762
17761
17781
17770
17740
17323
17767
17346
17348
17774
17777
17788
17792
17825
17830
17839
17848
17846
17845
18001
18002
17854
17857
18026
18029
18031
18055
18056
18054
18091
18093
18118
18092
18094
18095
18105
18106
18108
18107
18110
18109
18111
18102
18099
18100
18103
18104
17977
17975
17976
17974
17971
17972
17970
18097
18101
18096
17967
18079
17965
17966
17962
17959
17908
17912
17909
17961
17903
17904
17910
17928
17964
17929
17927
17930
17931
17933
17948
17949
17968
17950
17951
17947
17956
18074
18075
18076
17946
17932
17891
17890
17888
17889
17871
17894
17895
17900
17905
17906
17958
17907
17868
17885
17866
17892
17901
17902
17960
17911
17957
17969
17963
17913
17914
17915
17916
17973
18098
18089
18088
18078
18090
18087
18083
18077
18071
17955
17936
17945
17887
17886
17924
17922
17920
17884
17882
17877
17875
17869
17870
17874
17862
17860
17867
34410
17425
17342
17318
17317
17365
17366
17367
17399
17400
17370
17371
17401
17404
17378
17372
17362
17361
17360
17369
17368
17357
17332
17396
17397
17406
17398
17402
17383
17379
17376
17358
17207
17375
33903
33879
33881
17373
17374
33878
33902
33896
33893
17206
17227
17231
9080
9081
9127
17726
17310
17285
17308
17276
17283
17282
17290
17292
17305
17279
17280
17291
17728
17729
17733
9177
17471
17480
17470
17475
17484
17487
17485
17486
17519
17520
17483
17488
17521
17504
17503
17505
17522
17523
17524
17510
17507
17509
34451
17508
17526
17527
17529
17530
17532
34452
34453
34454
17531
17534
17533
17608
17610
17609
17528
17594
17596
34181
17595
17611
17612
17625
17626
17624
17593
17591
17552
17590
17516
17550
17551
17548
17549
17554
17592
17525
17514
17515
17513
17502
17496
17500
17482
17477
17474
17489
17490
17491
17044
17045
17040
17039
17014
17015
17033
17041
17042
17046
17048
17054
17497
17498
17499
17539
17536
17537
17538
17151
17540
17545
17553
17555
17597
17600
17602
17634
17637
17638
17640
17643
17646
17648
17695
17696
17698
17702
17703
17709
17710
17711
17985
17986
17987
17991
17992
17998
18013
17822
17820
17819
17817
17815
17816
17810
17809
17808
17763
17802
17801
17813
17978
17656
17979
17654
17708
17655
17798
17795
17796
17797
17794
17755
17756
17743
17735
17734
17750
17752
17753
17754
17749
17748
17747
17588
17725
17731
17732
17727
17724
17723
17192
17306
17303
17304
17287
17286
17284
17171
17187
17189
17186
17173
17168
17167
17172
17162
17126
17163
17170
17188
17191
17190
17307
17569
17567
17568
17571
17573
17581
17583
17582
17584
17585
17645
17649
17650
17642
17577
17580
17572
17570
17586
17587
17589
17736
17764
17751
17211
17212
17651
17652
17653
17707
17814
17800
17799
17758
17818
17821
17990
17988
17989
17984
17981
17983
17982
17980
17712
17715
17994
17716
17993
17997
17995
17996
17706
17705
17704
17699
17701
17700
17697
17647
17644
17641
17579
17639
17578
17630
17631
34488
17629
17627
17628
17613
17614
17623
17618
17619
17620
17606
17607
17599
17605
17598
17601
17603
17604
17617
17621
17622
17636
17560
17562
17561
17563
17566
17565
17185
17181
17182
17183
17180
17177
17160
17159
17158
17157
17156
17120
17152
17153
17122
17123
17164
17121
17119
17117
17154
17155
17149
17161
17174
17176
17175
17184
17558
17559
17557
17574
17543
17635
17575
17576
17564
17547
17556
17546
17544
17541
17542
34455
34460
34458
34459
34456
34457
17147
17148
17145
17146
17150
17056
17133
17134
17006
17132
17139
17142
17143
17144
17137
17138
17140
17141
17100
17098
17095
17099
17090
17089
17086
17071
17083
17072
17084
17073
17085
17063
17005
17080
17077
17078
17075
17076
17074
17079
17067
17068
17064
34180
17059
17062
16990
16988
17002
17004
17037
17038
17049
17050
17036
17001
17034
17031
17030
17029
16999
16997
16995
16996
16991
16992
16979
16993
16978
16969
16971
17010
17009
17011
16968
16970
16966
16994
16998
17000
16986
16985
16989
16987
17087
17081
17082
17131
17136
17091
17097
17092
17093
17096
17094
17003
17052
17051
17135
16249
17058
16248
16252
17535
17057
17055
17053
17047
17035
17032
17012
17013
17023
17020
17025
17021
17468
17469
17473
17019
17024
17043
17028
17027
17493
17495
17494
17492
17511
17512
17501
17506
17481
17478
17476
17026
17022
17472
17479
9178
17169
16946
16948
17110
17116
17125
17226
17230
17232
17228
17214
17215
17210
17213
17112
17111
17114
16952
33768
33769
33761
33770
33833
33839
33840
33837
33836
33838
33823
33824
33799
33813
33845
33814
33811
33815
33816
33806
33807
33787
33789
33788
33796
33781
33791
33795
33800
33821
33822
33819
33793
33794
33817
33818
33820
33758
33756
33755
33757
33759
33754
33753
33752
33749
33744
33706
33731
33748
33732
33730
33737
33738
33742
33743
33736
33734
33733
33714
33723
33721
33722
33726
33790
33778
33779
33720
33774
33777
33776
33610
33611
33609
33775
33608
33607
33606
33602
33605
33604
33715
33600
33711
33712
33710
33687
33707
33709
33708
34783
34746
34745
33688
33689
34058
33691
33690
33698
33699
33697
33700
33603
33717
33725
33719
33718
33716
33713
33727
33728
33724
33740
33729
33702
33703
33701
33704
33705
33750
33751
33739
33741
33792
33735
33780
18181
18180
18182
33612
33782
33784
33783
33621
33622
33802
33805
33626
33804
33625
33629
33617
33618
33615
33616
33613
33614
33623
33624
33619
33620
33786
33803
33808
33785
33810
33809
33812
33798
33797
33801
33826
34350
33835
33834
33832
33830
33831
33829
33772
16949
33763
33762
16950
33767
33760
16951
17209
17225
17115
17113
17107
17106
17105
17103
17104
17066
17060
33771
17061
31664
33745
35384
31665
35383
35380
35386
35388
35387
35382
35381
35385
35378
35379
35238
35239
17102
33695
33679
33680
33684
33694
33696
33764
17065
17088
33773
33747
33746
17070
17101
33766
17108
17109
16947
33765
17118
33825
33844
33655
33657
33658
33656
6522
6524
6523
33889
33888
33885
33886
33869
33897
33898
17352
33873
33867
33872
33871
17195
17253
17255
17258
17246
17259
17263
17262
17264
17265
17355
17257
17356
17351
17256
17271
17363
17272
17275
17273
17274
17268
17235
17269
17234
17239
17240
17324
17325
17243
17244
17241
17242
17238
17237
17236
17229
17233
17220
17221
17216
17217
33841
33842
33843
33862
33863
33847
33848
33849
33864
33850
33846
17219
33828
33827
17218
17223
17224
17252
17266
17249
17250
17248
17245
33856
33853
33857
33851
33852
33854
33858
33860
33865
17222
17267
17270
17261
17260
17251
17247
17254
17196
33868
33866
17349
17350
33870
33861
33859
33855
33887
33884
33891
8675
27534
27531
8776
8704
27504
27502
27460
27496
27497
27503
27453
25644
25641
27442
27441
27444
27452
27458
27457
27517
27463
27462
27481
27522
27525
27524
27449
27456
26864
27448
26860
26847
26846
26859
25526
25525
27443
25528
25527
25535
25534
25532
25530
25529
25536
25533
27454
27455
27459
27501
8703
27513
8676
27516
14596
14598
14607
14609
14606
14608
14597
14600
14614
14615
14616
34819
14619
14621
14642
14643
14645
14718
14732
34120
19212
14733
14719
14644
14714
14622
14620
14678
14679
14618
14677
14605
14604
14612
14611
14613
14617
14599
14553
14666
14668
14673
14674
14675
14681
14685
14687
14686
14704
14705
14712
14698
14703
14702
14701
14694
14692
14700
14693
14695
14691
14696
33491
33492
33489
33490
35410
35409
33487
33486
33484
33485
14688
14556
14689
14557
14690
14697
14706
14683
14723
14722
14724
14731
14734
14740
14741
14754
14753
14746
14744
14743
14742
14730
14728
14729
14736
14745
14735
14727
14721
14720
14725
14726
14717
14716
14715
14684
14682
14680
14664
14663
14603
14601
14676
14672
14670
14671
14554
14669
14555
14667
14665
14662
14755
14747
14748
14756
14749
14752
14757
15064
15065
17466
17467
17018
17016
17017
17007
17008
14751
14750
14550
14661
14659
14658
34563
14602
14660
33468
33482
33469
33481
33488
14551
14552
