4083
5925
5926
5927
5930
5931
5932
297
343
550
9
11
10
6444
1197
6445
606
608
6211
6212
6339
3376
3375
3402
3403
3404
3405
3406
3407
3408
3409
3412
3420
3421
3419
3417
3418
6351
6345
6346
6347
6348
3392
3393
3395
612
6384
3382
3383
586
597
1038
1040
1037
1035
1036
552
571
568
570
576
569
561
572
573
575
581
583
585
584
582
580
565
566
574
6443
559
560
564
563
546
544
548
545
567
551
587
599
591
590
592
593
595
594
588
589
579
3380
3381
3401
3379
607
609
611
610
605
604
603
1039
516
517
630
678
629
679
680
536
549
682
683
704
703
547
531
532
534
533
537
519
520
528
529
535
530
644
670
671
666
152
153
304
324
327
329
328
325
161
163
326
6401
6400
162
503
509
617
508
619
621
624
623
622
631
634
635
638
641
642
646
647
648
685
681
649
650
643
637
639
640
645
305
330
333
334
632
322
323
316
317
331
335
340
336
332
321
319
318
320
337
338
339
625
636
313
314
315
341
344
346
345
342
684
710
708
709
669
673
740
672
696
697
698
701
739
702
742
741
743
745
744
770
746
748
747
774
784
781
5
1204
6
1219
3511
3512
3514
3515
3518
3517
1414
3519
3524
3526
3595
3597
3596
3598
3599
3602
3601
3592
3603
6461
6462
3594
3587
3586
3584
1421
3589
3590
1410
1404
1405
1402
1401
1218
1216
1215
1187
1217
1186
1182
1181
1220
1183
1353
1179
1177
1176
1172
1173
1151
1150
29
42
30
1152
1078
1075
1077
1076
1079
1127
1128
1129
1175
1122
1123
1124
1125
1119
1126
1068
1067
1060
1069
1059
1058
1057
1052
1056
1082
1084
1083
1053
779
735
736
737
738
772
771
773
780
6379
734
722
723
721
728
733
1044
1048
1047
6415
1045
6414
1042
1034
1061
1041
1043
6446
1033
1032
714
715
716
730
706
705
707
6474
717
718
694
699
700
688
689
690
692
693
695
731
711
712
713
724
725
732
726
727
729
6412
719
720
1050
1049
1051
1054
1055
1130
1174
1203
1184
1199
1198
1185
1202
1201
1200
6382
6453
6383
1195
1190
1189
1191
1196
1206
1205
1211
1209
1207
1208
3484
3489
3490
3492
3488
3493
3497
3498
3500
3501
3538
3540
3537
3472
3479
3543
3539
3541
3471
3473
3533
3534
3536
3495
3532
3494
3487
3486
3446
3455
3454
3451
3452
3437
3453
3435
6495
3436
3445
3434
3432
3433
3442
3438
1170
1171
3439
1192
1169
1165
1166
1167
1188
1154
1178
1153
1072
1046
1064
1062
1065
1063
1066
1070
1074
1073
1071
6505
3441
3443
3444
3456
3468
3470
3535
3499
3496
3520
3521
3508
3522
3523
3556
3527
3528
3529
3530
3531
3616
6460
6456
6457
3557
6426
3509
3507
3503
3504
3505
1222
3506
3485
3491
1221
1213
3440
1210
1212
1193
1194
1168
1180
1223
1224
1225
1409
1418
1419
1420
3585
3588
3593
3591
3600
3583
3525
3510
1413
1415
1416
3582
1411
3516
3513
1412
3502
1226
1214
686
687
691
6378
788
782
787
783
785
786
1080
1081
6381
1363
1
12
2
48
13
1364
1365
1366
1369
1403
1406
1417
1407
6427
1370
1389
1425
1408
1368
1367
1359
1357
1356
1354
1355
1360
1361
1362
1274
1143
1264
1239
1265
1270
1271
1273
1277
1272
1266
1229
1228
1236
1113
1114
6416
1109
1112
1116
1115
1238
1108
1107
814
815
1103
1104
1093
1105
1110
1099
1111
1140
1131
1135
1117
1132
1134
1133
1118
1137
1139
1101
1121
1100
1095
1096
1097
1120
1098
1085
1086
1091
1088
1089
1090
805
806
799
797
794
798
801
800
802
803
809
6413
921
931
811
932
816
810
808
807
778
796
775
776
790
792
793
791
789
777
795
1087
1094
1092
1102
812
813
1106
1227
1237
1138
1136
1142
1141
1144
1275
1276
1280
1287
1288
1279
1286
1289
1290
1278
1358
3461
3450
3447
3449
3448
3462
6448
6450
6449
3459
3460
3464
3466
3465
3463
3474
3469
3467
7
8
1148
1149
1158
1164
1159
1157
1145
1146
1147
1156
598
1155
596
600
601
602
614
3387
3388
6408
3384
3386
3385
615
3389
6206
616
1160
3426
3427
3428
3429
3430
3431
3457
3561
3458
6447
3410
3413
6451
3414
3397
3394
3377
3378
3396
3411
3391
3390
3398
3399
3400
613
1161
1163
1162
4
3
3874
3937
3941
3943
3959
3963
3978
3980
3981
4063
4064
4039
4065
4066
4041
4067
4068
4049
4074
4059
4061
4060
4084
4058
4048
4046
4047
4045
4044
4042
4037
4023
4036
4034
3903
3915
3916
3914
3902
3901
3898
3899
4015
4020
4024
4016
4017
4030
4019
4018
4014
4026
4029
4028
4033
4055
4056
4057
4054
4052
4053
4051
3819
3822
3818
3817
3814
3815
3816
3820
3821
3803
3801
3800
3799
3802
3804
3806
4027
3805
3796
3793
3795
4009
4008
4010
4011
4007
3891
6472
3733
3732
3731
3730
3729
3716
3714
3724
3723
3725
3727
3713
3717
3722
3882
3880
3884
3892
3895
3890
3888
3906
3893
3894
3910
3907
3909
3911
3887
3885
3843
3846
3845
3865
3840
3839
3837
3841
3883
3844
3836
3878
3825
3826
3835
3828
3830
3838
3829
3832
3833
3853
3854
3866
6130
3855
3856
3871
3904
3905
3908
3869
3868
3870
3875
3873
3872
3867
3858
3857
3860
3862
3861
3923
3924
3925
3940
3929
3944
3934
3935
3948
3949
3950
3946
3945
3957
1497
2371
3965
1232
3966
3968
3971
3997
3995
3954
3996
3998
3947
3931
3930
3933
3969
3988
3999
4000
4005
4006
4004
4003
4002
4077
4072
4071
4081
4078
4079
4080
4082
4083
4001
3986
3989
3990
3985
3983
3975
3974
3952
3972
3953
3987
3992
3991
3994
4069
4070
3970
3964
3967
1233
6434
3936
3932
3919
3922
3921
3263
3259
6433
3265
3245
3246
3230
3231
2526
2656
2527
3247
3268
3269
3277
3279
3281
3282
3330
3280
3283
3278
3276
3270
3315
3316
3329
3317
3334
3333
3331
3332
3338
3324
3325
3326
4085
6395
3335
3336
3339
3341
4094
4090
4089
4087
4088
4093
2972
4091
4092
4096
4097
3366
3371
3365
3364
3363
3362
3361
3359
3360
3313
3358
3344
3347
3348
3346
3352
3354
3353
3351
3345
3322
3343
3342
3312
3311
3321
3320
3327
3328
3337
3349
3350
3340
4086
3319
3304
6438
3305
3310
3309
950
2381
951
3355
3357
3356
3367
3368
3369
2971
4095
3370
3323
3318
3306
3307
3308
3302
3303
3300
3301
3267
3314
3249
3266
3250
3248
3264
3271
3273
3275
3274
3272
3254
3252
3256
3255
3257
3253
3210
3207
3212
3218
3224
3226
3219
3852
3951
3223
3222
3847
3221
3220
3214
3215
3204
3205
3176
3179
3228
3229
3232
3233
3237
3240
3243
3242
3244
3126
3132
3241
3127
3131
3133
3129
3130
3135
3134
3122
3118
3121
3124
3117
3114
3116
3119
3115
3079
3074
3078
3112
3097
3096
3094
3093
3095
3109
3106
3103
3105
3108
3102
3089
3101
3071
3070
3061
3083
3087
3086
3085
3104
3084
3099
3165
3177
3201
3200
3189
3184
3188
3196
3198
3824
3827
3823
3686
3685
3683
3681
3682
3684
1534
1535
1536
1537
1533
1530
1529
1531
1526
1524
1513
1515
1516
1517
1519
1518
1521
3182
3190
3191
3186
1532
3181
3152
3155
3150
3154
3163
3169
3170
3172
3171
3167
3168
3160
3158
3145
3141
3142
3139
3138
3140
3146
3137
3136
2996
2997
2998
2989
3017
3018
3020
3021
3023
3156
3003
3016
3019
3011
3026
3007
3014
3013
3010
3005
1538
2977
2979
2980
2975
2973
2974
3006
2976
3036
3054
3057
3058
3056
3055
3041
3038
3039
3042
3044
3045
3046
3047
3048
3050
3052
3076
3077
2686
2687
2688
2689
2873
2874
2871
2876
2886
3284
2885
2883
2879
2875
2866
2868
2877
2864
2863
2859
2858
2860
2681
2679
2677
2673
2678
2672
2670
2669
2671
2657
2636
2617
2661
2659
2660
2662
2665
2666
2621
2619
2623
2664
2663
2616
2615
2608
2607
2606
2605
2597
2595
2596
2601
2614
2622
425
2610
2611
2599
2600
2602
2603
2598
2462
2460
2459
2569
2571
2570
2576
2591
2567
2575
2609
2612
2613
424
2624
2620
2618
2604
2594
2668
2667
2861
2841
2842
2862
2880
2881
6366
2888
2889
2891
2890
2887
2849
2850
2867
2865
2878
2882
3286
3288
3297
3298
3299
3292
3291
3287
3289
3285
2892
3290
3294
3295
2894
3296
2895
3293
2893
2884
2870
2869
2872
2680
2682
2683
2684
2685
2676
2674
2675
3075
3051
3049
2652
2653
2654
2655
2650
2651
2635
2634
2640
2639
2641
2649
3030
2647
3028
3029
2961
2555
2959
2957
2958
2956
2929
2927
2954
2953
2952
2547
2556
2522
2545
2546
2548
2538
2551
2553
2644
2645
6468
2552
2543
2544
2631
2630
2628
2633
2627
2625
2585
2592
2593
2590
2589
2566
2587
2573
2572
2579
2582
2581
2586
2561
2580
2584
6388
2577
2578
2529
2530
2493
2528
2532
2531
2533
2535
2536
2540
2539
2542
6499
2492
2525
2523
2524
2505
2508
2507
2502
2503
2517
2519
2520
2923
2924
2921
2920
2922
2515
2512
2513
2516
2514
2499
2497
2494
28
27
2498
2496
2511
2495
2510
1017
1029
2509
1030
1015
1028
1016
1031
1014
1013
1012
2506
6425
2500
2504
2501
2483
2478
2482
2467
2469
2470
2471
2472
2479
2480
2486
2491
2485
2487
2488
2477
2489
2473
2474
2475
2476
2484
2481
2490
2558
2559
2557
2448
2449
2450
2562
2563
2560
2565
2568
2453
2564
2588
2583
2534
2626
2643
2549
2550
2541
2537
2518
2521
2925
2926
2930
2955
2554
3027
2646
2637
2638
2648
2632
2629
2574
2642
2658
3043
3032
6473
3034
3035
3033
3040
3031
2962
3037
3008
2963
2960
1539
2966
2965
2968
2970
2967
2964
2951
2969
3000
2986
2984
2985
2938
2983
2993
2991
2990
1352
1351
1348
1349
1462
1472
1471
1475
1476
1477
1509
1511
1514
1507
1467
1468
1469
1466
1465
1460
1448
1344
1343
1458
1342
1459
1346
1341
1345
1350
1337
1338
1339
1328
2981
2937
2935
2936
2941
2933
2932
2940
2931
2934
2943
2944
2945
2946
2947
2950
2948
2928
1323
1019
1311
1310
1309
1026
1025
1021
1022
1023
1027
1024
1010
1008
1003
1000
998
952
1002
999
1004
1001
1006
1007
1011
1018
997
1005
996
995
994
993
992
970
972
971
976
983
984
985
981
982
975
973
974
1020
6380
1327
1326
1321
1324
1316
1315
1319
1322
1318
1312
1317
1331
1299
1308
1307
1329
1330
1306
1297
1298
1334
6431
6432
1009
1305
1335
1336
1320
1464
1508
1473
1470
1463
1461
1347
1340
2982
2942
2939
2949
3004
3012
2978
3009
3001
3002
2988
2987
2995
2994
2992
1474
2999
3022
3157
3024
3159
3161
3162
3166
3143
6369
3153
3144
3149
3148
3151
3147
1478
1510
1512
1525
1520
3192
3193
3194
3195
3187
3183
3185
3164
3025
3081
3015
3080
3082
3063
3059
3060
3062
3066
3065
3088
3092
3090
3091
3073
3072
3053
3064
3068
6394
3067
3069
3120
3123
3128
3113
3125
3098
3110
3111
3107
3173
3174
3100
3175
3203
3202
3197
3199
3216
3850
3217
3213
3225
3261
3260
3211
3206
3208
3238
3234
3235
3236
3178
3180
3209
3251
3239
3258
3920
3864
3262
3227
3859
3863
3851
3848
3849
3691
3877
3690
3687
3831
3834
3842
3886
3889
3879
3718
3720
3721
3881
6398
3719
3689
3688
3715
3728
3726
3791
3778
3779
3790
3792
3896
3794
3797
3813
3798
4012
4013
3897
4025
3900
4031
4032
6509
4050
4075
4073
4076
4043
4038
4040
4035
3913
3918
3917
3912
3960
3976
4062
3993
3982
3973
3977
3979
3961
3962
3958
3955
3956
3942
3927
3928
3938
3939
3876
3926
1457
1500
2468
2461
2463
2384
2373
2374
2382
2383
2385
2387
2389
2388
2386
2466
2377
2379
2380
2445
3700
3702
3679
3680
754
892
905
904
896
897
365
654
366
659
372
661
6424
662
373
660
663
677
755
674
675
676
830
821
820
818
819
831
836
832
840
839
822
823
824
825
828
841
866
867
868
870
872
871
873
875
967
966
968
965
911
917
969
977
989
990
991
2465
2369
2368
2464
2367
889
2365
2364
879
2363
878
877
886
887
883
884
865
862
860
863
864
857
854
856
858
876
874
882
6471
861
885
888
978
880
2366
2340
2338
890
881
916
913
895
915
912
914
894
893
891
833
834
835
838
907
845
844
843
908
909
910
846
847
869
842
826
827
829
851
855
837
655
658
653
979
988
987
986
980
2044
2097
2098
2110
2099
2100
2045
2046
2047
2048
2350
2393
2400
2402
2443
2444
2405
2406
2398
2378
2376
2375
2372
2370
2341
2357
2355
2352
2353
2354
2358
2360
2361
2362
2401
2349
2346
2347
2345
2351
2331
2343
2342
2344
2330
2336
2335
2334
2329
2337
2356
2359
2404
2403
2113
2118
2392
6497
2390
2391
2348
2410
6371
6372
2446
2447
2451
2452
1980
1981
2073
1966
1974
1973
1967
1976
1978
1968
1977
1969
1975
2049
1979
2071
2072
2080
2082
2126
2127
2125
2124
2128
2123
2103
2102
2106
2112
2107
2108
2109
2114
2115
2117
2116
2121
2122
2119
2394
2120
2104
2105
2111
2101
2067
2064
2094
2095
2096
2061
2062
2063
2065
2057
2050
2058
2053
2056
2054
2055
2068
2070
2069
2051
2052
2081
2087
74
76
2458
2743
2746
2742
2744
2745
2701
2702
2703
2705
2707
2747
2749
2750
2760
2762
2763
2843
2844
2847
2848
2853
2854
2855
2856
2914
2915
2916
2902
2901
2900
2903
2821
2909
2911
2913
2919
2918
2917
2912
2910
2906
2908
6393
2907
2820
2819
2822
2824
2823
2826
2809
2825
2839
2804
2831
2832
2795
2837
2835
2830
2828
2829
2827
2834
2792
2794
2791
2793
2789
2790
2796
2836
2838
3373
3374
3372
2327
2840
2833
2802
2803
2805
2807
2806
2785
2788
6390
2787
2784
2808
2800
2799
2801
2798
2781
2780
2797
2757
2769
2756
2758
2759
2755
2735
2736
2753
2752
2754
2709
2728
2729
2734
2737
2740
2741
2738
2739
2731
2733
2732
2726
6508
2727
2779
2778
2776
6512
2777
2775
83
2725
2730
2717
2724
2713
2714
2716
2722
2723
2719
2721
2720
2715
2718
82
84
2771
2772
6391
2768
2773
2898
2766
2764
2767
2782
2783
2786
2812
2810
2811
2813
2814
2817
2818
2899
2815
2816
6392
2896
2897
2905
2904
2770
2846
77
79
2751
2845
78
81
80
2761
2765
2748
2708
2697
2698
2706
2712
2711
2695
2694
2297
2298
6386
2299
2300
2696
2710
2282
2295
2296
2301
2287
2289
2288
2290
2293
2294
2323
2324
2321
2322
2292
2286
2314
2319
2320
2285
2291
2265
2264
2283
2281
2280
2261
2262
2263
2260
2254
2253
2211
2255
2208
2210
2213
2209
2212
2199
2202
6506
2200
2201
2192
2195
2198
2203
2204
2188
2189
2207
2249
2774
2250
2251
2206
2186
2185
2187
2236
2238
2245
2246
2244
2273
2274
2275
2271
2270
2272
2692
2691
2699
2439
2690
2427
2438
2442
2437
2436
2440
2441
2455
2456
2454
2433
2432
2431
2428
2414
2413
2430
2429
2420
2419
2417
2416
2145
2146
2147
2148
2149
2422
2423
2150
2152
2277
2276
2151
2424
2425
2138
2268
2267
2240
2241
2242
2243
2247
2176
2177
2178
2179
6373
2180
2181
2237
2182
2165
2166
2174
2175
2235
2233
2234
2085
2239
2091
2093
2092
2133
2090
2089
2088
2132
2129
2130
2131
2139
2144
2086
2083
2084
2136
2134
2135
2137
2143
2418
2142
2397
2415
2141
2140
2399
2396
2407
2409
2408
2395
2411
2421
2412
2435
2434
2426
2278
2269
2183
2184
2196
2193
2194
2190
2197
2191
6385
2205
2252
2248
2256
2257
2259
2305
2304
2306
2302
2308
2307
2309
4100
6361
4101
2310
2312
2311
2313
2317
6507
2318
2316
2217
2218
2214
2216
2225
2232
2230
2231
2229
2228
2222
2224
2223
2226
2227
2219
2221
2220
2215
2303
2258
2266
2284
2279
2693
2700
2704
2457
75
2851
2852
2857
2075
2164
2163
2074
2077
2170
2167
2168
2169
2172
2173
2076
2078
2079
2171
751
752
753
756
757
760
758
766
759
764
768
769
804
903
906
924
925
926
927
929
6428
928
945
946
947
955
957
958
1243
1244
1245
1248
1246
1247
1249
1250
1259
1256
1258
1257
1260
1261
1263
1262
1253
1255
1282
1283
1284
1268
1267
1269
1241
1240
1235
1231
1234
1230
943
939
942
937
940
938
941
936
935
933
934
956
1242
1281
1251
1254
1252
963
964
962
960
961
959
949
948
953
954
944
919
920
930
923
922
901
902
762
761
763
767
765
898
899
900
918
749
1285
1325
1291
1292
1293
1294
1300
1375
1377
1381
1385
1387
1443
3984
6435
6436
6365
6364
4021
6437
4022
6370
1442
1449
1451
1430
1479
1482
1483
1484
1491
1489
1490
1492
1494
1496
3650
3652
3654
3662
3661
1503
3653
3649
3651
1495
1441
1438
1436
1439
1493
1434
1422
1424
1423
1435
1437
1431
1429
1432
1428
1397
1392
1388
1391
1393
1395
1398
1394
1384
1390
1382
1396
1426
1427
1440
1488
1485
1487
1481
1480
1453
1486
1452
1304
1455
1303
1446
1454
1399
1433
1400
1450
1444
1380
1378
1376
1379
1332
1333
1386
1383
1374
1371
1372
1373
1302
1295
1301
1296
1445
1456
1498
1502
1504
3659
3660
1505
1506
1501
1528
3665
3667
3666
6397
1527
3678
1522
1523
1499
1447
3563
3564
3423
3424
3425
3562
3480
3481
3483
3482
3478
3475
3477
3476
6396
3545
3546
3549
3550
3548
3560
3622
3619
3620
3623
3736
3735
3734
3624
3737
3627
3628
3630
3629
3636
3637
3611
3633
3642
3645
3646
3647
3754
3759
3760
3758
3753
3756
3761
3772
3765
3771
3770
3769
3763
3764
3757
3752
3747
3750
3748
3749
3751
3755
3773
3648
3704
3705
3709
3706
3708
3774
3776
3780
3777
3782
3784
3808
3785
3809
3787
3789
3810
3812
3811
3807
3788
3783
3786
3781
3775
3707
3710
3711
3712
3698
3694
3699
3697
3552
3634
3635
3638
3639
3551
3558
3695
3692
3615
3671
3670
3673
3701
6430
6429
3677
3675
3664
3663
3658
3657
3669
3655
3668
3656
3674
3608
3607
3613
3614
3609
3605
3606
3610
3604
3693
3696
6469
3672
3676
3703
3641
3644
3643
3640
3612
3632
3626
3618
3617
3621
3631
3625
3553
3554
3559
3555
3565
6419
3566
3576
3577
3578
3574
3567
3573
3568
3579
3575
3580
3581
3762
3742
3740
3741
3572
3743
3570
3571
3569
3746
3767
3766
4098
3768
3744
3745
3738
3739
3547
3544
3542
850
852
853
476
849
848
478
2016
2017
2018
479
480
488
2019
2027
2028
2029
2032
2030
2043
2031
2036
2042
2037
2024
2025
859
2328
2332
2333
2339
490
2026
2033
2034
2035
2040
2038
2041
2039
2010
2009
2007
2003
2012
2004
2005
2006
1999
1998
1997
1996
1994
1995
2020
2008
2000
2021
2022
2023
486
487
489
491
2011
2014
2015
2066
2013
2059
2060
404
435
436
468
469
470
471
475
474
473
431
446
447
6377
453
477
448
449
450
451
456
454
458
455
457
481
459
460
464
482
485
1992
1989
1988
1987
1991
1986
445
1990
1982
1983
444
461
463
462
6375
483
484
452
426
427
472
466
467
465
438
440
437
439
433
434
406
442
441
443
1993
348
350
354
355
357
356
352
353
6494
6493
351
367
369
371
370
368
415
416
409
411
410
417
817
418
420
432
430
428
429
413
414
423
422
419
421
558
562
506
510
511
513
512
627
628
626
618
620
633
494
500
501
504
507
518
514
515
505
347
349
364
362
361
363
652
657
656
651
358
360
359
307
309
308
310
311
312
496
159
160
156
158
157
497
499
502
492
498
495
6066
6067
6070
6071
6072
493
23
24
6095
6096
6097
6180
6181
6186
555
577
578
6185
6188
6189
6190
6191
6202
6210
6198
6200
6201
6197
6203
6195
6196
6192
6194
6193
6199
6184
6183
6182
6142
6139
6141
6140
6143
6144
6145
6146
6147
6187
6118
6116
6149
6115
6111
6101
6102
6113
6117
6106
6107
6100
6103
6105
6110
6109
6035
6099
6034
6033
664
665
6022
6026
6023
6032
6025
6024
6027
5981
5976
5980
5977
6028
6031
6037
6038
6050
6048
6122
6119
6120
6121
6124
6051
6125
6126
6123
6129
6137
6128
6127
6136
6138
6134
6132
6133
6054
6131
6052
6055
6045
6091
6058
6092
6056
6057
6044
6043
6020
6083
6063
6075
6074
6073
6084
6085
6064
6082
6061
6062
6069
6076
6077
6079
6078
6080
6081
6087
6040
6041
6088
6093
6090
6098
6089
6094
539
538
542
543
553
557
556
540
541
527
524
521
522
526
525
523
6060
6068
6059
5993
121
122
5916
5991
5992
5905
5906
5944
5949
5946
5947
5948
5951
6065
5952
5935
5937
5939
5941
5942
138
140
146
151
150
143
145
144
139
142
141
5940
5938
5945
5953
5954
154
155
147
149
148
5955
5956
5866
5934
5923
5922
5920
5921
5818
5804
5805
6422
5815
6421
5814
5816
5817
5808
5809
5838
5836
5832
5837
5841
5842
5855
5863
5862
5860
5861
6006
5901
6008
5900
5903
5898
5899
5909
5914
5915
5911
5910
5854
5864
5894
5895
5896
5889
5897
5890
5892
5893
5962
5963
5965
667
750
668
5961
5968
5974
6021
5729
5719
5959
5966
5703
5699
5701
5702
5700
5714
5715
5713
5711
5716
5712
5689
5692
5690
5691
5697
5693
5694
5698
5957
5884
5885
5834
5835
5839
5840
5872
5873
5874
5875
5876
5883
5823
5820
5828
5799
5801
5802
5797
5803
5798
5800
5829
5826
5827
5822
5824
5825
5807
5806
5810
5812
5688
5686
5687
5683
5684
5685
5718
5720
5958
5960
5967
5964
5913
5907
5912
5908
5982
5987
5983
5984
6406
5989
5996
5990
5997
5995
5998
5994
6000
6407
5985
5986
5886
5887
5891
5888
5857
5858
5879
5880
5881
5902
5877
5878
5859
5882
5853
5856
5850
5851
5852
5833
5830
5831
5849
5847
5848
5917
5919
5918
5846
5843
5845
5844
5865
5869
5867
5870
5871
5868
5904
5950
5999
5988
6007
6009
6018
6015
6014
6012
6013
6016
6017
6019
6042
6039
6046
6029
6010
6011
5972
5973
6002
6003
6005
6004
6001
5969
5971
5970
6036
5978
5979
6049
6047
6030
5975
5730
6441
6104
6108
6135
554
6179
6086
72
73
6112
6114
5764
5766
5763
5759
5765
5767
5758
5732
5783
5784
5785
5791
5790
6243
6244
6245
5786
5788
5787
6246
6267
6268
6270
6241
6242
5795
5796
5792
5794
6269
6265
6266
6275
6278
6280
6282
6284
6313
6314
6315
6316
6322
6325
6326
6323
6324
6329
6328
6452
6327
6330
6332
6333
6334
6331
6352
6354
6353
6358
6355
6356
3416
6359
3415
3422
6357
6304
6308
6350
6349
6305
6306
6303
6307
6341
6340
6475
6342
6343
6337
6338
6209
6207
6208
6204
6205
6335
6177
6165
6176
6166
6175
6178
6174
6292
6163
6172
6170
6173
6287
6285
6286
6272
6271
6158
6159
6157
6155
6156
6153
6152
6154
6171
6167
6168
6169
6164
6442
6150
6288
6289
6291
6290
6293
6294
6300
6301
6302
6295
6296
6298
6299
6297
6283
6310
6312
6318
6319
6321
6320
6317
6258
6259
6263
6261
6264
6262
6260
6247
6248
6249
6311
6236
5776
5777
5781
5782
5793
6238
6239
6240
6309
6281
6277
6279
6273
6274
6276
6151
5789
5772
5769
5740
5741
5742
5750
5751
5744
5752
5745
5743
5755
5757
5756
5753
5754
5731
5717
5725
5726
5728
5727
6440
6439
6466
5721
5722
5723
260946
260952
260947
5710
5760
6148
5761
5762
6336
6344
6160
6161
6162
5924
