3863
63840
73852
63841
75284
75285
73729
61379
61380
62274
62281
62280
62276
62284
62285
78203
62291
62292
77134
62286
62288
62290
62289
62295
62296
62297
62298
62299
76775
62300
62301
76776
62294
62287
62279
62278
62283
62282
78204
62275
62277
73714
65049
59502
65166
65167
78644
58150
59905
58151
78642
59410
59649
59411
59900
78645
59901
78641
59865
68552
59866
59703
68560
65015
78643
59645
68561
59646
78640
78637
78639
78638
59704
59670
59503
65110
65050
65091
65092
65093
65089
65048
65090
58172
58173
65259
65261
65269
65275
65270
65268
65240
65244
65256
65258
65285
65284
65286
65290
65296
65295
65293
65273
65274
65267
65276
65262
65263
65229
65237
65230
65264
65265
65266
65301
65235
65236
65233
60366
60386
65231
65232
60367
60395
60432
65199
65216
65218
65219
65220
65215
65217
65223
65227
65228
65222
65221
65224
65207
65206
65205
65209
65210
65211
65212
65213
65202
65203
65204
65208
65201
65200
65190
65189
65191
65192
65188
65186
65187
65194
65195
65184
65185
65193
65197
65198
65226
65234
65225
65272
65271
65294
65278
65282
65283
65257
65249
65241
65243
65253
65242
65252
65251
65254
65248
65250
65247
65246
65238
65141
65152
65139
65137
65138
65143
65144
65142
65145
65058
65140
65063
65060
65061
65062
65064
65059
65055
65056
65043
65245
65255
65239
65214
65260
65057
65196
62412
62411
62267
62266
58177
62413
76870
62522
62524
62529
62537
62538
62526
62528
65042
78836
65040
65044
77186
77188
77187
65041
65045
65046
65047
65051
78122
78123
78125
65053
65124
65123
65125
65136
65054
65052
64998
64990
64991
62531
62530
62533
62532
62527
78837
78838
62519
62512
62513
62516
62514
62515
62464
62517
62518
78835
62521
77451
77450
78839
62523
62541
62535
62525
62536
62520
64997
62409
65153
65154
56892
56893
77136
77137
77142
77141
77135
64015
64009
64016
64006
64007
64008
64010
64011
64012
64014
64013
64032
79086
64026
64033
64027
63993
63988
64022
64025
63955
64020
64021
64024
63968
63970
64028
64287
63971
64283
64290
64285
64286
64281
64282
63963
63965
63956
63957
63958
63959
63961
63954
63960
63952
63964
64280
64279
64296
64297
64178
64179
64272
64271
64145
64144
64147
64146
64177
64176
64169
64182
64157
64168
64172
64173
64171
64158
64154
64153
64128
64109
64151
64149
64150
64148
64126
64122
64121
64120
64125
64123
64124
64101
64107
64106
64108
64219
64103
64102
64099
64100
64127
64152
64159
64161
64162
64167
64166
64160
64163
64218
64244
64246
64250
64249
64221
64222
64247
64245
64248
64184
64156
64155
64135
64137
77154
64136
64140
64142
64141
64143
64273
64274
64275
64276
64278
64277
64284
63966
64029
64030
63969
63967
64023
63962
77143
63953
63991
63989
63990
63992
63994
63984
63982
63995
63981
63922
63938
63997
63999
63996
63909
63910
63919
63916
63921
63978
63920
63975
63983
63976
63979
63974
63986
63987
63972
63912
63913
63915
63914
63911
63973
78571
63918
63917
63977
63980
63985
63998
64000
64017
64018
58140
58145
58141
64303
64319
64320
64324
64323
64325
64317
64369
64372
64361
64366
64367
64368
64365
64363
64362
64364
64268
64389
64388
64265
64269
64270
64267
64266
64260
64261
64262
77833
64264
64263
76569
77151
77150
64254
64253
64252
64251
64255
64257
64305
64301
64304
64306
64355
64307
64356
64357
64313
64314
64315
64310
64308
64312
64302
64298
64300
64183
64299
64288
64289
64293
64333
64335
64344
64321
64322
64343
64338
64332
64336
64331
64337
64329
64330
64295
64294
64334
64328
64292
64031
64170
64174
64175
64180
64181
64256
64259
64258
64358
64359
64360
64316
64311
64318
64291
64309
65094
65095
63928
63937
64346
64347
64348
64350
64351
64352
64353
64354
64034
64339
64341
64342
64345
64036
64035
64340
65348
65349
62142
62190
62143
62193
62158
62201
62202
62203
62208
62212
62215
62218
62216
62217
62229
62230
62231
63889
63890
63895
63896
63905
63906
63907
63903
63923
63924
63931
63932
63929
63933
63939
63941
63942
65005
65004
65065
65067
65070
65083
77146
77144
77145
77147
65078
65079
65084
65081
65074
65080
65086
65077
65032
65025
65026
65022
65028
65034
65036
65085
65088
65037
65035
65030
65038
65039
65027
65023
65024
65021
64995
64994
65001
64993
64992
63936
64989
64996
65003
65002
65009
65018
65071
65072
65075
65020
65019
65014
65010
65000
65008
64999
65011
64988
65029
65012
65013
65031
65033
65076
65073
78149
65016
65017
78148
65069
65066
64003
64001
64002
64005
65082
64019
65068
65006
65007
64004
63940
63934
63935
63930
63927
63904
78463
63898
62244
62241
62239
62242
63897
62243
62240
62236
63891
62233
62235
62227
62226
62228
62221
63901
63902
63899
63900
63886
63887
63883
63888
63884
63870
63878
63879
63881
63855
63856
63857
63908
63877
63875
63874
63859
63858
63861
63863
77148
62213
63865
63868
63866
62214
62211
63860
62210
62206
62204
62207
62205
62167
63833
63836
62164
63834
62163
62165
62162
62159
62160
62156
62148
62153
62154
62155
62145
62146
62147
62149
62166
63835
63837
63862
63876
63864
63869
63867
63880
63882
63892
63893
63894
62234
63873
63872
63885
76568
63871
62232
62224
62225
62219
62220
62200
62199
62209
62198
62194
62161
62157
62144
65087
62176
62192
62191
62195
62177
63925
63926
59628
59630
65336
65340
65342
65343
65358
65360
65365
65366
65369
65480
65486
65487
65484
65485
65371
65372
65373
65375
65374
65557
65559
65558
65563
65564
65565
65567
65569
65556
65499
65500
65497
65489
65488
65568
65560
65561
65469
65466
65467
65465
65463
65439
65440
65462
65445
65468
65446
65452
65438
65450
65451
65437
65436
65434
65443
65444
65442
65432
65441
65363
65364
65390
65428
65429
65391
65388
65392
65380
65387
65378
65379
65382
65393
65401
65402
65404
65403
65413
65406
65407
65408
65409
65410
65416
65414
65415
65411
65448
65395
65412
65405
65394
65397
65398
65383
60118
60119
77435
78211
65381
77434
77432
77433
65400
65385
65384
65337
65389
78574
65386
65431
65433
65430
65396
65447
65464
65435
65498
65490
65483
65482
65491
65496
65536
65537
65546
65547
65548
76573
77443
78150
65549
65544
65545
65543
65540
65541
76836
65538
65534
65535
65494
65493
65492
65478
65370
65352
65368
65353
65354
65356
65359
65355
65330
65331
65328
65327
65326
65323
65325
65324
65319
65320
65322
65338
65339
65105
65104
65106
65101
65108
65113
65114
65100
63748
63775
65109
65107
63749
65120
65111
65112
65131
65159
65098
65099
65102
65103
65321
65118
65116
65117
65119
65115
65329
65346
65344
65347
65345
65533
65539
65495
65481
65477
65479
65367
65361
65362
65357
65333
65335
65341
65334
65165
65376
65377
65332
59629
65350
77149
65351
65555
65096
78182
78183
78548
65097
60508
60509
65121
65122
65132
65160
65164
65169
65173
65175
65178
65180
65174
65399
65176
65177
65172
65179
65181
65183
65182
65287
65288
65280
65281
65277
65158
65279
65155
65149
65151
65157
65171
65170
65156
65148
65146
65147
65135
65162
65163
65161
65133
65134
65128
65126
65127
77192
77189
77191
77190
65130
65150
65168
65129
65542
65550
56849
72203
76584
66971
66972
67127
67116
65979
78760
65978
66007
56850
77400
77399
78130
78131
78133
67137
67138
65794
78136
65721
78138
78135
78137
65792
65793
65720
65780
65779
65706
65707
77620
65710
65712
65708
65711
65666
65709
65718
65714
65715
65719
65716
65717
65722
76579
78134
78132
65667
77174
60311
77224
77225
60296
60295
60299
60262
60263
60333
60332
60338
60310
60331
60364
76586
76587
77223
68566
68565
68575
60442
60441
77204
77203
77201
68638
68616
68617
77205
77213
77212
78930
77209
77210
77207
77208
77194
65927
65928
78937
78178
77195
66402
66404
66399
66400
66406
66405
66424
77226
77228
77227
66423
66430
66428
66429
76590
76591
76592
66426
66425
66421
66427
66420
66403
66422
66408
66415
65776
66412
65774
65765
65766
65767
65768
65775
65777
65764
65769
65771
65770
65763
65760
65759
65758
65757
65751
65754
65756
65752
78140
65749
65750
65746
77216
77217
65747
65730
65731
65728
65733
65735
65742
65761
65748
65739
65743
65740
65741
65744
65745
65736
65660
65663
65664
65646
65654
65653
65652
65723
65724
65644
65645
65737
65738
65734
65729
65725
65732
65755
65753
65762
65773
65772
66410
66413
66414
66409
66398
66411
66407
66397
66396
66401
77193
77202
77206
77198
77199
77200
77197
68770
68772
68775
68773
68774
68784
68771
77196
68620
68631
60437
60438
77211
65570
65571
65572
65573
65574
65578
65575
65576
65577
77219
77220
77218
77222
77221
65579
76424
76574
65562
65475
64385
64386
77437
77438
65470
77439
65456
65457
65461
77442
65458
65459
77441
77440
65427
65455
65423
65417
65424
65418
65421
65454
65422
65425
65460
65426
65419
65453
65420
76572
65449
65471
65473
65472
65474
65476
65630
78139
65289
65606
65631
65639
65640
65643
65641
65633
65642
65634
65647
65637
65648
65651
65649
65635
65638
65636
65650
65607
65632
77155
77156
77162
77619
77167
77168
77161
77164
77165
77166
65627
65625
65626
65617
65620
65624
65621
65623
65669
65674
65670
65671
65677
65681
77176
77175
77183
77182
65680
65675
65679
65678
65676
65684
65672
65693
65685
65673
65683
65701
65682
65702
65703
65662
65665
77169
65661
65659
65657
65658
65628
65700
65629
65612
65618
65613
65614
65615
65616
65668
65619
65611
65609
65622
77158
77163
77157
77160
65655
65656
78549
73569
73570
65608
60365
65699
65697
65704
65713
65705
78953
78954
65698
65299
65297
65300
65298
65610
65310
65312
65314
65313
65311
78845
62534
62540
77185
65855
77177
65308
77179
77181
77180
77178
65309
78214
78212
78215
78216
78213
78559
78560
78561
78562
78563
78564
68374
65856
68360
65884
65891
77394
68469
68547
68480
65862
65316
65696
65317
65318
65695
65688
65689
77184
65686
65690
65687
65691
65692
65305
65315
65694
65863
65307
78565
78567
74847
74848
77171
77173
77172
65306
78566
65303
65304
78141
78842
78843
78209
78844
78846
78210
65302
77215
78840
78841
77214
65857
65853
65854
78457
62542
62544
62543
78951
58143
58144
66516
66530
66529
66533
66534
66517
66527
66525
66528
66526
66531
66532
66474
66477
66518
66519
66520
66523
66522
66524
66538
66521
66535
66536
66537
76589
66510
66492
66505
66497
66504
66493
66494
66498
66499
66500
66501
66502
66503
66629
78155
66625
66627
66628
66632
66630
66640
66631
66641
66638
66639
66647
66642
66643
66543
66546
66545
66547
66544
66548
66549
66551
66550
66553
66552
66618
66616
66636
66635
66634
66623
66624
65851
66621
66626
66622
66015
66016
66014
66018
66633
58194
58195
66019
66017
66013
66008
66010
66009
66011
66004
65858
66620
77593
66619
66006
65860
66645
66646
78126
78127
65836
77395
76593
58178
65847
65838
65843
65846
65839
65831
65845
77398
77396
77397
65803
65842
66485
66486
66469
66471
66490
66506
66484
66482
66481
66479
66478
66470
66476
66480
66472
66488
66507
66491
66489
66468
66467
66466
66464
65819
65821
65818
65812
65817
65822
65815
65816
65814
65811
65809
65810
65787
65788
65782
65783
65786
65825
65829
65828
65824
65781
65795
65790
65796
65791
65797
65799
77391
77393
77392
65798
65804
65805
65833
65832
65806
65808
66005
65981
78128
78129
66003
65807
58170
58169
58164
58171
65800
65801
65784
65785
65778
65789
65813
65820
65827
66465
65826
65823
65830
65802
58163
58175
77403
77597
58176
65834
65835
58179
65859
66012
65848
58193
65840
65841
65849
76588
65852
65850
65844
66487
66539
66541
66542
66540
77401
66509
66511
66512
66508
66483
66475
58035
58036
59626
59627
66612
66613
66615
66617
66611
66614
73606
73605
73572
66596
66595
66593
66583
66581
66603
66601
66578
66579
66592
66594
73607
66584
66609
66604
66602
66610
66607
66608
66605
66606
66385
73567
73566
73583
73602
73689
73688
73695
73698
73699
73697
73707
73696
73694
73685
73686
73681
73680
73674
73679
73671
75631
76492
73668
73592
73667
73670
73682
73672
73684
73687
73683
73691
73669
73604
73594
73581
73590
73586
73582
73565
73576
77234
73531
73577
73579
73580
73588
73589
73591
73661
73660
73662
73664
73673
73087
74853
78550
78552
78551
78553
74841
74956
74954
74955
77232
77233
76652
73637
73638
73642
73641
73643
78635
76651
73563
73560
78636
73559
73556
73550
73551
73557
73558
73546
73545
73528
66390
66391
66392
66393
73561
73562
73640
73635
73639
73636
73644
73645
73676
73084
73085
73663
74842
73089
73094
73090
74849
74837
74582
73088
73659
73564
73578
73547
73530
66394
66568
66569
66570
73568
66589
73584
73585
73587
66588
66587
66590
73593
73595
73571
73596
73597
73600
73603
73601
73598
73599
73575
73574
73573
66599
66598
66591
66597
66574
66458
66459
66453
66454
66439
66419
66418
66441
66513
66440
66443
66514
66442
66444
66446
66445
66452
66460
66462
66575
66580
66577
66576
66463
66461
66457
66473
66417
66416
66435
66431
66432
66434
66455
66456
66450
66451
66433
78144
78142
78143
77229
66437
66438
66436
66582
66600
66585
66586
66567
66565
66564
66560
66561
66562
66563
66557
66555
66556
66554
66447
66448
66566
66449
66573
66571
66572
66558
66559
73675
66275
66384
58157
73632
73628
73553
73554
73634
73549
73544
73548
73541
73542
66389
66387
66395
73534
73535
76506
66380
77230
77231
66369
66368
66372
66373
66374
66376
66378
73522
73533
73532
73516
73517
73518
79065
79067
79068
79063
79061
79044
79060
73633
73630
78385
78386
78388
78387
73629
73631
73626
76705
77170
73536
73538
73539
73625
73525
73527
73524
73529
73523
73521
73520
73511
73508
73507
73519
73495
73506
73510
73472
66346
66344
66345
66343
66347
66349
76585
66348
66339
66340
66361
66360
66350
78145
66351
78146
66357
66356
66359
66358
66362
66363
66364
66381
66382
66388
66383
66274
66268
66246
66271
66266
66267
66264
66265
66269
66270
66263
66262
66240
66235
66236
66231
66232
65598
65594
65588
65593
65589
76575
66238
65599
65600
66233
66239
65597
65601
65602
65596
65603
65595
65590
65592
65591
65583
65587
66221
66222
65586
65580
65581
65584
65585
65582
65605
65604
66234
66230
66227
66229
66228
66273
66272
66261
66256
66259
66260
66245
66225
66223
66224
66220
66144
66140
66142
66143
66145
66146
66156
66162
66241
66244
66247
66249
66252
66250
66248
66255
66243
66251
66218
66333
66334
66332
66215
66214
66213
66210
66211
66209
66208
66297
66325
66327
73471
73469
66326
66354
66329
66294
66293
73489
73491
73494
73488
73490
73484
73492
73498
73500
73502
73504
73503
73617
73505
73620
73619
73621
73622
73623
73618
73501
73497
73616
73486
73485
73496
73487
79093
73480
73478
73479
73467
73468
73482
66320
66336
66321
66290
66291
66323
78472
66295
66180
66181
66191
66192
66173
66174
66194
66195
66199
66197
66198
66160
66161
66201
66202
66206
66159
66153
66152
66155
66150
66149
66148
66131
66133
66137
66136
66135
66129
66128
66127
65554
65553
66126
66132
66125
66084
66089
66087
66109
66088
66111
66122
66121
66123
66134
66151
66196
66154
66172
66124
73481
73483
66322
62343
62344
66328
66335
78147
66324
66318
66319
66296
66207
66203
66200
66204
66212
66205
66216
66217
66242
66163
66157
66138
66130
66141
66139
66158
66226
66147
66258
66257
66254
66355
66253
66219
66338
66337
66330
66331
73499
73493
73473
66352
66353
73513
66341
73512
73475
73514
66342
73509
66116
77235
66120
66119
73526
66117
78471
79064
79062
79066
73515
73476
66377
66375
66379
66371
66365
66366
66367
73537
66370
66386
73543
73555
73552
73540
58158
66237
66110
66292
66079
66080
66081
66082
66083
65525
65526
65527
65531
65532
65552
65551
58122
58123
64903
64904
64907
64906
64933
64915
64917
64935
64937
64951
64955
64957
64936
64938
64952
64953
64963
64966
64968
64977
64980
73167
73169
73191
73192
73466
73465
66302
66303
66305
66304
66310
66311
66309
73464
66300
66301
66289
66288
66287
66280
66281
66282
66189
66190
66193
66178
66176
66175
66170
66114
66118
66171
66179
66113
66115
66112
66106
66107
66096
66108
66097
66090
66095
66098
66099
66100
66101
66103
66105
66094
66102
66164
66165
66166
66168
64932
64944
66182
66185
66277
66276
66278
66283
64973
66285
66298
64981
64971
64970
64969
64960
64947
64961
64946
64943
64972
66186
66187
64945
64941
64940
64939
64934
64921
64930
64929
64928
64926
64925
64924
64892
64893
64887
64888
66091
64876
64875
64872
64874
66072
66075
66085
66074
65530
65523
65528
65529
65520
65519
65524
65516
65517
65505
65507
65503
65504
65506
65511
65502
65510
65509
64425
65501
64426
77461
64424
64446
64447
64448
64871
64884
78506
78507
64885
64880
64889
64891
64879
64882
64881
64883
64912
64911
64897
64898
64908
64910
64861
64899
64896
64895
64860
64858
64856
64845
64855
78153
78152
77236
64848
78154
78159
78160
64841
64840
64842
64407
64405
64402
64401
64382
64395
58174
62249
58153
58166
58156
77103
58167
77102
58168
77464
58152
58146
58154
58155
58147
64381
64377
64376
64378
64384
64400
66515
64393
64387
64390
64392
64391
77152
64374
64371
64370
64327
64379
64373
64375
64326
64349
78763
77462
77463
64399
64406
64413
64415
64434
64844
64862
64865
64437
77237
64436
64438
64433
64429
64430
64431
64440
64423
64422
64419
64417
64416
64418
64404
64409
64414
64408
64403
64397
64396
64398
64428
64421
64435
64441
64439
64432
64412
64410
64411
78151
64847
64849
64850
64846
64877
64878
64843
64851
64852
64853
64854
64859
64857
64864
64863
64449
64867
64869
64445
65513
64443
64866
64870
64444
64442
64427
64420
65508
65512
65518
65521
65522
65514
66071
66073
65515
64868
64873
64886
64890
64922
58132
64923
64913
64914
64919
64920
64918
64931
64927
58133
58131
64894
66092
66093
66077
66076
66078
66086
66104
66167
66169
66183
66177
66188
66184
66279
66284
66286
66299
73168
73174
73173
73190
64974
64986
73187
64984
73474
64983
73186
64975
66308
64979
64978
64976
64982
64967
64964
64965
64959
64962
64942
59819
59820
64916
64909
64905
64900
64901
64394
77153
77159
64902
73477
64948
64950
64985
73175
73176
64949
64958
64956
64954
66644
66651
66672
66673
66675
66689
66690
66691
66684
66694
66685
66696
66687
66695
66686
66661
66680
66657
66656
66674
66658
66681
66683
66679
66678
66677
66688
66670
66669
66671
66666
66667
66663
66665
66668
66676
66664
66662
66652
66648
66655
66714
66716
66718
66740
66725
66741
66721
66724
66742
66726
66744
66727
66723
66706
66707
66704
66705
66720
66715
66713
66697
66703
66701
66700
66650
66698
66699
66708
66709
66722
66719
66739
66660
66682
66717
66712
66659
66702
66654
66653
66649
58159
72286
62340
62355
62334
62357
62373
62375
62369
62374
62439
62367
62370
62440
62441
62442
62445
62446
62457
62458
62395
62400
62396
62399
62401
62397
62398
62402
62403
62453
62454
62459
62461
62460
62456
62455
62462
77449
62392
62382
62388
62389
62390
62391
62383
76769
77466
77594
76767
76768
62314
76770
62304
62305
62381
62384
62385
62322
62318
62380
62319
62315
76772
76774
76773
76771
62313
62302
76763
62303
62306
62308
62307
78876
78875
78873
78882
78883
78869
78871
78872
78867
78874
78627
78625
78629
78614
78613
78626
78623
78870
78622
78190
78624
78193
78198
78199
78628
78612
78194
78197
78187
78185
76762
76761
78184
78186
78188
78192
78189
78621
78191
78200
78195
78196
68557
68961
68558
78868
78877
78879
78880
77131
78677
77132
78881
78878
78885
78887
78886
78889
78888
78891
78890
78903
78892
78894
78893
78904
78895
78897
78896
78898
78900
78899
78905
78902
78901
78884
78906
78907
62310
62309
62311
62260
62261
62262
62263
76871
62407
62408
62265
62264
62404
62406
59403
62410
77452
62416
62539
59402
59405
62415
78866
62312
62316
62317
62336
62345
62348
62372
76764
62371
62337
62347
76765
62386
62387
76766
62378
62379
62376
62377
62338
62339
62346
62320
62414
62321
62405
62452
60988
62451
60989
62450
62420
62436
62222
62443
62447
62223
62444
62437
62438
77912
77911
62435
62430
62428
62429
78158
62427
62426
62425
60974
60975
77125
77126
77127
77124
62358
62364
62363
62361
62359
62360
62365
62366
62368
62330
62351
62350
62349
62352
61527
61526
61529
61501
61502
62014
61493
62328
62331
62329
62324
62327
62326
62325
62293
61492
61401
61402
61403
61404
62323
76558
61487
61494
61490
61525
61524
77123
61523
61491
61488
61483
61484
62332
62354
62353
62362
61528
62417
62418
62434
62424
62421
62422
62423
62333
62419
61477
61478
62356
62335
77133
62342
62341
78782
58160
62237
62238
62502
62505
62503
64987
62504
62495
62501
78462
62496
62494
62470
62471
62472
62473
78461
77577
62474
62498
62489
62500
62506
62510
62491
62507
62509
62508
62490
62488
62480
62475
62477
62478
62479
62476
77436
62481
62482
62483
62485
62486
62487
62467
62511
62492
62493
62466
62463
62484
62499
77446
62468
62497
62469
62465
77445
77444
77448
77447
62015
62016
62018
62020
62038
62049
62051
62052
62060
62063
62188
62187
62057
62061
62062
62056
62055
62046
62045
62449
62448
62059
62047
62058
62042
62041
62044
62037
62043
62035
62021
62022
77130
77129
62040
78855
62023
62024
62431
62433
62432
77913
62025
62054
62182
62183
62185
62186
62189
62197
62196
62181
62180
62179
62184
62174
62173
62175
62178
62171
62169
62168
62106
62109
78124
62108
62105
62170
62034
62033
62031
62032
62028
62027
62030
62048
62172
62053
62050
62039
62029
62036
62019
62017
65930
57099
65882
65885
65886
65887
65929
60972
65933
78539
78540
78729
78727
78728
78730
78732
77459
78731
77458
78762
77454
76900
77453
65932
76899
77007
78542
78541
77455
78543
77008
65888
65878
65880
65877
65889
65890
65876
65861
65867
65868
65869
65866
65873
65872
65871
65870
65874
65875
78079
78083
78091
78090
78081
78089
78080
78088
78092
78087
78086
78085
78084
78082
78093
65865
65864
60973
65879
65883
65881
57101
57100
57102
57103
56954
74019
74020
73930
74023
75705
75709
78103
78261
78263
78262
75723
75725
75726
73866
73847
77340
77622
77341
77623
73935
78783
73846
73934
73845
75724
75721
75708
73865
73864
74021
75704
74022
73928
64063
73981
74013
74014
74015
74016
73929
64064
73980
73999
74001
74000
78573
73992
74002
73995
74005
73998
73997
74007
73996
74004
73994
73993
74003
74006
76425
73944
73977
73964
73988
73989
73987
73990
73991
73985
73984
73950
73982
73983
73954
73986
73955
73948
73949
73951
73952
73624
73953
73961
73959
73958
73960
73968
73978
74012
74011
74010
74009
74008
73965
73969
73970
73966
73971
73972
73973
73893
73892
73891
73895
73838
73887
73840
73841
73834
73835
73826
73830
73831
73842
73829
73770
73771
73828
73822
73821
73819
73818
73824
73823
73832
73810
73836
73809
73815
73807
73814
73806
73808
73804
73783
73784
73782
73777
73746
73745
73747
73751
73787
73788
73789
73790
73816
73786
73785
73791
73753
73752
73767
73769
73773
73763
73772
73759
73765
73764
73738
73757
73754
73612
73611
73610
66761
66762
73613
73760
73614
73762
73945
73940
73946
73936
73937
66693
66763
73942
73761
73941
73755
73756
73739
73748
73743
73741
73712
73740
73706
73709
73705
73710
73713
73716
73774
73775
73704
73701
73702
73703
73758
73766
73750
73749
73744
73742
73711
73715
73778
73776
73805
73792
73793
73794
73795
73817
73768
73820
73827
73833
73825
73839
73843
73837
73812
73896
73899
73890
73888
73889
73894
73975
73976
73926
73974
73956
73957
73608
73947
78268
73609
73615
56986
56987
57164
57162
57269
73943
73938
73939
77402
66496
77404
66495
73962
73963
73967
73979
73925
64138
74018
74017
64139
56955
73854
74025
75714
78572
74024
74026
78235
78234
78260
78231
78233
78232
78264
77607
77603
77604
78265
76756
76758
76757
61055
61056
75719
76655
75716
78229
75715
76747
76759
76654
75706
76760
66692
73886
73902
73690
73692
73693
73700
73708
73730
73732
73737
73851
73862
73863
73860
73861
73877
73878
73879
78269
73882
73884
73907
73908
73913
73914
73916
73931
73932
73923
73924
73922
73919
73927
73904
73903
73900
73897
73918
73917
73898
73881
73880
73871
73872
73873
73813
73811
73801
73857
73859
73803
73802
73856
73736
73799
73796
73734
73779
73781
73780
73733
73800
73797
73798
73867
73869
73870
73874
73901
73933
75727
75728
73921
73920
73915
73885
73909
73910
73883
73912
76653
73868
73858
73849
73848
73853
73905
73875
73906
73876
73911
73735
73731
63943
63944
73850
73844
73718
73721
73677
73717
73678
73719
73720
73726
73727
73728
73725
73723
73722
73724
