3482
81351
81359
81355
81356
81357
81358
81354
86524
86525
86527
86526
86528
86529
91463
86530
86531
86532
91462
86533
86664
86663
86676
86677
86662
81969
86660
86661
81970
81971
86659
86678
86679
86673
86672
86787
86788
86854
86850
86856
86855
86851
86867
86868
86869
90806
86870
86784
86872
86871
86873
86874
86675
86537
86538
86853
86785
86786
86674
86499
81352
81353
86415
86416
86665
91464
86666
86667
80553
86720
86772
86773
86803
86807
86812
86813
86695
86694
86693
86692
86686
86688
86658
82617
82618
86670
86669
86671
91100
86701
86702
86540
86656
86590
86589
86592
86591
86588
86490
86486
86485
86564
86563
86447
86593
86448
86450
86489
86561
86570
86560
86559
86558
86583
86580
86584
91098
86587
86586
86585
86598
86602
86608
86568
86569
80776
80777
86567
86548
86599
86597
86551
86550
86549
86552
86578
86577
86579
86574
86575
86571
86556
86555
86476
86553
86472
86542
86541
86470
86306
86310
86305
86469
86307
86454
86465
86456
86462
86463
86466
86468
86467
86461
86383
86399
86457
86455
86397
86381
86380
86367
86365
86366
86368
86369
86370
86371
86382
86393
86386
86373
86374
86372
86291
86292
86286
86287
86290
86297
86300
91911
91918
91916
91915
91913
91912
91910
91909
91907
91914
91924
91923
91921
91922
91393
91394
91925
91920
91908
91917
82722
82723
82729
82730
86303
86301
86309
91817
86304
86302
82727
82728
82720
82721
86299
86285
91919
86288
86289
86293
86298
86378
86379
86398
86392
86385
86395
86396
86413
86425
86426
86427
86418
86419
86423
86420
86422
86421
86424
86414
86388
86389
86403
86404
86406
86417
86405
86400
86391
86375
86402
86376
86401
86377
86390
86387
86384
86460
86459
86458
86453
86452
86451
86308
86314
86315
86471
86464
86313
86312
86311
86477
86473
86554
86544
86543
86573
86572
80774
86581
80775
86565
86582
86576
86566
86557
86478
86479
86480
86474
86475
86487
86488
86449
86428
86429
86430
86431
86433
86438
86434
86437
86436
86435
86432
86439
86440
86441
86442
86443
82698
82696
86634
86635
86600
86636
86644
86654
86655
86638
82029
82028
82703
82732
82731
86682
86710
86681
86680
86685
86689
86711
86684
86683
81967
81968
82025
82024
82032
82088
82140
86652
86653
86642
86641
86632
86640
86639
86651
86715
86721
86746
86752
86765
86771
86938
86948
86947
87004
87009
87025
87010
87017
87012
87015
87016
86825
87028
87029
87026
87036
87032
87031
87033
87061
87062
86980
86981
86979
86978
87055
87039
87038
87066
87068
87069
87052
87053
87054
87070
86875
86876
87048
86794
86791
86792
86793
86790
87018
87019
87049
87045
87046
87044
87042
87043
86817
86819
87047
87022
87024
87023
86820
86821
86822
86823
86826
87020
87021
86828
86827
86824
87041
86789
87051
87050
87067
87040
87035
86975
87091
87093
90807
90809
90810
90811
90808
87092
87056
86915
86916
86909
86910
86914
86911
86913
86912
86908
86907
87057
87058
87060
87059
86905
87134
86906
86974
86976
86977
87034
86982
86983
86984
86985
87037
91108
91110
91109
86986
87090
87065
87064
91111
86987
86988
87063
86991
86992
86993
86994
86989
86990
87027
87030
86960
91112
86929
86930
86931
86932
86933
86961
86962
87002
87008
86945
86934
86928
86949
86951
86952
86950
91345
86923
86943
86941
86953
86942
86954
86955
86754
86759
86760
86738
86739
86757
86758
86756
86920
86940
86921
86936
86937
86768
86769
86762
86750
86749
86763
81978
81979
81977
86919
81976
86748
86729
86730
86742
86741
86735
86725
86724
86734
86723
86726
86737
86712
86713
86714
86645
86647
86648
86646
86626
82633
86704
86708
86707
86709
81363
86706
86705
86697
86696
86698
86699
86700
86703
86620
86616
86611
86612
86613
86614
86615
86625
86605
86606
86594
86596
82649
82670
82648
82671
82669
86604
82635
86603
86607
86609
86546
86547
86545
86621
86618
86619
86617
82636
82634
86627
81362
81360
81361
86727
86736
86731
86732
86733
85200
85201
91696
85199
82015
82014
82013
86743
86744
86761
86918
86917
86740
86728
86755
86924
86925
86926
86927
86922
86944
86818
87013
87014
86816
87011
86799
86798
86811
86810
86805
86775
86766
86717
86806
86814
86815
87006
87005
86809
87003
87007
86946
86935
86808
86770
86939
86767
86764
86753
86751
86747
86745
86722
86716
86719
80557
80556
82155
86649
86650
82463
82139
82089
82031
80555
82026
82702
82027
86610
82030
86643
86637
86631
86601
86595
86562
86492
86494
91099
86491
86493
86633
86657
82695
86668
82697
82619
82616
86687
86691
86800
86804
86801
86802
86774
86690
81966
86718
80554
86776
86778
86779
86780
86782
86781
86783
86777
86795
86972
86973
86498
86500
86501
86502
86504
86505
86861
86506
87275
86503
86539
86849
81749
81924
81925
81751
81750
87150
87152
87153
87154
87151
86839
86840
86841
86857
86252
86253
86842
86847
86846
86843
86845
86844
86834
86829
86848
86835
86831
86833
86837
86832
90805
86830
86507
86508
86519
86520
86521
86495
86496
86497
86522
86523
86518
86510
86511
86512
86513
86515
86514
86516
86517
86509
86838
86863
86864
86862
86852
86859
86858
82038
82035
82036
82037
81752
81753
90958
90959
86254
86255
86536
91095
81400
81597
81582
81596
81611
81675
81674
81673
81605
81586
81585
81587
81589
81588
81590
81591
81620
81618
81619
81612
81608
81609
81692
81693
90956
90961
90963
90960
81607
81601
86256
86257
86278
86258
86268
86269
86270
86259
86267
86280
86263
86264
86266
86265
86262
86260
86261
81603
81602
81599
81600
81598
81613
81592
81610
81604
81595
81583
81584
81606
81580
81579
81581
81402
81403
81401
86271
86272
86277
81339
81340
81346
86350
86356
86535
86358
86362
86364
86360
86361
91097
86359
91096
86279
81344
81343
86273
86836
86274
81342
90804
86357
86363
86351
86534
81345
81341
85983
86251
86347
86250
85950
85951
86196
85998
85999
85996
85997
85984
85985
85987
85995
85988
85990
85993
85994
85991
85992
85989
85986
85982
86207
91419
91420
91421
86206
86205
86203
91656
86204
91417
91416
91655
91418
91654
86332
86345
86344
86343
86411
86444
86446
86445
86412
86346
86348
79942
84967
84993
84995
85001
85006
84953
84951
85007
84952
85003
85002
84996
85011
85019
85026
85025
85004
85020
85012
85013
85016
85015
85018
85055
84981
85078
85077
85076
85079
85037
85040
91026
91690
85035
85034
85039
85031
85033
85032
85030
85029
85027
85028
85073
85082
85068
85083
85069
85090
85092
85091
85093
85094
91692
85088
85071
84918
84923
84919
84917
84943
85086
84941
85099
85089
85096
85107
83419
83415
83416
85104
83417
83418
85095
85106
85097
85109
85111
90632
90638
90633
90635
90637
90636
90634
85110
85108
85105
83420
85075
85074
85021
85022
84134
85023
85024
85060
85056
85098
85066
85065
85103
85067
85057
85062
85052
85064
85053
85048
85063
85049
85050
85051
85047
85046
85530
85061
85085
84980
85058
84133
84132
85059
83421
83423
83422
85084
84920
85087
85070
84921
84922
85072
91691
85054
85038
84979
85017
85555
85010
84998
85014
85036
85008
85009
85005
84997
84994
84954
84992
84990
84989
91113
84991
91114
79944
91103
91104
84965
84966
84964
85151
85155
85154
85156
85153
87103
87110
87114
87115
87116
87108
87107
82624
82625
82623
82622
82620
82621
87105
87106
86963
86964
87097
87096
87094
86971
86970
86968
86969
86967
87095
86965
86966
86484
86483
86995
87112
87098
87080
87081
87087
87089
87086
87085
87084
87082
87083
87073
87074
86996
87001
87000
87071
90646
87072
91695
86997
86998
86999
86958
86956
86957
91346
86959
85160
85161
87088
87076
87079
87075
86481
86482
87109
87104
85157
85158
85159
85152
84958
84957
84983
84984
84987
87111
84986
85043
85044
84969
84968
85045
85042
84970
84971
84972
84973
84974
84975
84960
85041
84988
84985
84982
84956
84955
84963
84999
85000
84977
84978
84976
84962
84959
84961
79943
79946
79947
85163
85164
87099
87100
91105
91107
91106
87101
87102
91115
91852
91853
91851
85162
87077
87078
79945
81043
81044
86243
86244
81041
86249
86014
86013
86012
83944
83943
83942
81042
86248
86242
91070
91652
86246
86245
86211
86213
91073
91074
91072
91075
91071
86202
86193
86194
86195
86188
86167
86166
86159
86158
86139
86140
85516
81062
81064
85524
85585
85683
91514
91516
91515
85684
85685
85686
85694
85693
86183
86190
85682
85523
81065
81066
81063
86141
86142
86143
86144
86146
86145
86192
86191
86212
91653
86138
86153
86154
86160
86161
86165
86164
86162
86163
90802
90803
86147
86148
86149
90801
86150
86151
86231
86232
86233
86239
86234
86236
86235
86230
86238
86152
86237
86137
86189
81627
81831
81832
81629
81833
81848
81834
81844
90951
90952
81845
81835
81630
86860
81628
81511
81648
81680
81650
81649
81817
81818
81808
81814
81819
81820
81822
81821
81827
81838
81839
81798
81800
81799
81824
81651
81658
81795
81796
81792
81793
81679
81678
81677
81656
81577
81578
81576
81575
81573
81574
81594
81593
81617
81676
81761
81760
81762
81763
81769
81770
81767
81768
90964
81765
81828
81830
81829
90965
81738
81739
81764
81791
81614
81737
81742
81766
81741
81740
81616
81782
81778
81615
81779
81794
81655
81657
81652
81816
81811
81810
81807
81826
81683
81684
81805
91674
81812
81813
91676
91675
81685
81686
81687
81689
81688
81653
81654
81681
81682
81780
81789
81790
81781
81788
81787
81786
90966
81784
81785
81783
81840
81836
90720
81843
81841
90719
81842
81803
81804
81801
81802
90721
90722
81849
81850
81837
81797
81825
81815
81809
81806
82679
85343
85344
85736
85776
85773
85775
85774
90639
91808
85777
91807
85735
85750
85751
85752
85616
85703
82673
85868
91054
85887
85886
85885
85883
85880
85876
85877
91077
91946
91078
91430
91428
91429
91426
91427
91424
91947
91425
91422
91423
86060
86061
91945
86062
86059
91079
91898
91899
91903
91944
91904
91943
91905
91942
91906
91941
91902
91511
91301
91302
91510
86330
91508
86331
91303
91509
86091
86092
86088
91092
86087
86086
86089
86090
91090
86328
86329
90647
91080
91081
91093
91094
90648
90649
86342
86339
86340
91088
91086
91087
91085
86319
86316
86318
86111
86112
86099
86079
86093
86094
86095
86097
86071
86072
86069
86070
86073
86074
86075
86080
91084
86081
86082
86083
91083
86084
86114
86115
91082
86102
86105
86104
86108
86110
86120
86121
86122
86036
86034
86035
86029
86117
86118
86119
86002
86003
86030
86109
86033
86107
86103
86113
86085
86098
86096
86068
86067
86066
86064
86065
86063
85890
86100
86327
85891
91076
85889
86101
86317
86336
86341
86326
86338
86323
86324
86322
91089
91091
86321
86320
85895
85896
85897
85898
85899
91901
91900
86337
86325
85888
85892
85878
86042
86076
86077
86043
86044
86045
86046
86016
86018
91061
86019
91057
86005
86006
85798
85799
85800
85801
85934
86011
85802
85740
85739
85907
85738
85737
85914
85933
85935
85938
85937
85949
86008
85948
85946
85960
86009
85961
85668
86010
85667
85675
85669
85673
86020
85674
86025
90651
86037
90650
91058
91060
86078
86021
86024
86106
86041
86039
86040
85978
86031
86032
86028
86027
91062
91068
91063
91065
91067
91066
91064
85956
85959
85955
85954
85687
85688
85689
85690
85691
85692
85952
85953
85626
85627
85651
85650
85642
85643
85644
85645
85646
85648
85647
85649
85641
85619
85618
85957
86001
85958
86000
85981
85980
85925
85924
85926
85927
85928
85929
85930
85923
86116
90798
90800
90799
85916
85915
85921
85920
85918
85919
85917
85969
85979
85968
85964
85965
85967
85966
85963
85971
85977
85972
85974
85976
85975
85973
86023
86022
86038
86026
85677
85970
85922
85653
85652
85947
85941
85911
85944
85912
85913
90796
90797
85943
85942
90795
85910
85945
85962
85940
86007
85939
85909
85936
85676
85932
85908
82678
82677
85875
85847
82676
82675
85931
91059
85881
86017
85882
85879
85860
85859
85855
85856
85857
85858
85854
86281
91960
86284
91961
86282
91959
91949
91958
91951
91957
91953
91956
91955
91954
91952
91950
86283
91948
85853
85852
90645
85843
85844
85849
85850
85865
85866
85851
85845
85848
90793
85840
85838
85839
85837
85841
85836
85842
85828
85827
85822
85821
85825
85826
85813
85815
85823
85824
85807
85808
85811
85817
85816
85812
85820
85830
85819
85829
85771
85770
85769
85760
85768
85762
85767
85764
85766
85765
85763
85761
85779
85785
85794
91802
85810
85706
85705
91801
85707
91810
85708
91809
85709
85710
85711
85804
85806
85795
85796
85788
91803
85787
85791
85792
85783
85782
91806
85778
85743
85744
85781
85758
85759
85757
85756
85797
85753
85749
85755
85754
85741
85742
85789
85747
85746
91804
85748
91805
85745
85790
85786
85784
85780
85809
85803
85805
85793
85712
85814
85818
85772
85846
85861
85862
85863
85884
85864
85869
85867
90792
82680
82674
86004
85587
85623
85662
85664
85663
85621
85622
85620
85893
86334
86335
85894
86333
86349
85591
85624
85625
85628
85696
85629
85630
85631
85632
83946
84699
85365
85367
85366
85363
85368
85370
85369
85364
84698
84696
85346
84697
85345
85358
83916
83938
83917
85374
85373
85385
85424
85426
85466
85467
85714
85715
85720
85719
85726
85727
85728
85729
85724
85465
85464
85463
85461
85462
85449
85450
85460
85428
85431
85394
85395
85432
85437
85438
85439
85446
85440
85436
85434
90791
85435
90789
90790
85433
85430
85396
85397
83921
83922
85387
85429
85447
85448
85442
85459
85469
85479
85567
85480
85566
85478
85563
85576
85582
85903
90794
85904
85577
85578
85579
85580
85581
85571
85472
85565
85572
85573
85471
85562
85561
85570
85558
85557
85575
85599
85600
85901
85902
85601
85602
85603
85905
85906
85607
85608
85457
85605
85606
85723
85604
85574
85564
85477
85470
91055
85458
85443
85456
85609
85610
85614
85611
85613
85612
85615
85716
85725
85721
85722
85717
85718
85455
85453
85454
85713
85359
85468
85360
85451
85452
85361
85362
85427
85371
85425
85386
85372
83920
83918
83919
85177
86127
86128
90581
90584
90585
91520
90582
90583
90576
90577
90578
90579
91518
91519
90580
90123
90124
90125
86126
86130
86131
90606
90586
90588
90608
90609
90589
90607
90610
91228
91229
91223
86240
86241
91224
91225
91658
91659
91660
91661
90611
86182
86181
91226
86180
91227
90612
91512
91657
91513
86178
86177
90587
86176
86174
86175
86173
91662
86172
91733
86124
86125
90602
90603
90605
90604
90600
90601
90599
86123
91517
90575
85175
85178
86134
86133
86132
86135
86136
85517
85519
85518
85520
85521
85522
85680
91038
91039
91041
91040
85670
85681
85695
85672
86048
86047
90564
90565
91069
90559
85661
85660
85659
85665
85658
91056
85657
85639
85633
85634
85635
85636
85637
85638
85640
85666
85593
85592
90561
90562
90563
90560
86058
86057
90502
90504
90513
90505
90498
90497
90506
90512
90507
90511
90508
90510
90503
90509
85654
85656
86049
85655
85671
86050
86051
86052
86053
86054
85176
86055
86056
89870
89881
89882
89889
89888
89887
90322
90323
90319
90318
90317
90376
90312
90382
90313
89897
89898
90320
89899
89895
89896
89894
89900
89901
90321
89902
90345
90346
90348
91237
91800
90347
85283
83760
90343
90341
90342
83761
90344
89906
90329
90330
90338
90337
90335
90336
90450
90423
90421
90531
90535
90530
90532
90533
90412
90411
90406
90407
90408
90410
90409
90351
90352
90405
90404
90403
90439
85233
85234
90539
85377
85378
90536
90538
90537
85376
85228
85229
85390
85389
85391
85393
85392
85280
83934
85423
83936
83937
83935
85281
85282
85224
85225
85221
85222
83932
83933
83931
83930
85383
85384
91292
83927
91291
83928
83929
83926
85401
85400
85399
85398
85406
85230
83923
83924
85231
83925
85382
85388
85291
85226
85227
85375
85235
85232
90401
90396
90397
90400
90399
89931
89929
89930
89927
89928
89925
89926
89924
90387
90311
89921
89922
89923
89912
90398
90339
90395
90353
90354
90355
90356
90357
90326
90325
90358
90327
90402
90350
90359
85223
90422
90534
85220
90324
89880
90333
90334
90331
90332
90328
89907
90310
89904
89905
89903
90340
90447
91182
91295
91296
90448
91181
90449
91180
80438
89812
89825
83886
88036
88037
89831
89821
89830
89828
89837
89850
89853
89852
89868
89869
89865
86623
89826
89866
89817
89816
89843
90282
90281
89890
89891
89892
89893
90309
90294
90308
90293
90292
90370
90369
90372
90375
90377
90378
90522
90523
90525
90524
85238
91235
91236
85237
85236
85243
85248
85252
85251
85262
85268
85269
85306
85312
85311
85325
85326
85327
85340
85347
85348
91045
85357
91044
85356
91043
85355
85353
83945
83949
83947
83948
91929
85381
91928
85380
85379
85354
91042
85704
85349
85352
85329
85320
85351
85321
85322
85330
91926
85331
91927
85323
85332
85278
85279
85277
85276
85293
85300
85305
85294
85271
91034
91033
91035
91339
91289
91290
91333
91287
91334
91286
91281
91280
91285
83908
83909
91032
91283
91336
91284
81048
81045
81046
81060
91341
91340
85256
85255
85289
85254
85258
85257
85264
81059
91282
91335
91288
85295
85296
85275
85274
85273
85284
85292
85272
83910
83911
83912
83913
85297
85324
85298
85299
85350
85339
85337
85336
85342
85702
91046
91047
91048
91049
91050
85700
85699
91053
91693
85314
85316
91694
85317
85315
85697
85698
91051
91052
85678
85679
84930
85318
85319
85313
85308
85309
85335
85338
85303
85302
85301
84948
84947
85267
85266
85307
85285
84915
84913
84914
85286
81084
81085
85259
85260
85261
85218
85245
85202
85203
85215
85216
85211
85214
90520
90257
90262
90232
90233
90255
90261
90256
90260
90361
90366
90362
90363
90365
90307
90306
90287
90286
90290
90241
90242
90289
90243
90288
90226
90227
90228
90229
90277
90283
90291
90301
90295
90296
90297
90278
90285
90305
90304
90303
90373
90299
90274
90275
90276
90268
90267
89885
90193
90270
90269
90271
90207
90199
90198
90209
90224
90225
90197
90222
90221
90235
90244
90245
90238
90220
90236
90250
90253
91523
90254
90784
90252
90783
90785
90786
85198
85194
85193
85192
85217
90249
90878
90217
90163
90162
90246
90247
90164
90204
90206
90215
90214
90212
90186
90185
90213
90183
90182
90173
90179
90167
90166
90174
90177
90180
90181
87915
87908
87909
87905
87906
87911
87914
91177
87895
87893
87894
87880
87881
87890
87892
87889
87885
87886
87902
87922
87926
87927
87928
87888
87883
87925
87924
89846
89849
87923
87929
90189
90188
90187
90191
90194
87912
87913
87898
87897
87916
87917
87884
87875
87876
89815
89814
89813
87879
83894
83893
87850
83897
83896
83895
83898
83901
83902
89800
91798
89820
83903
83900
83899
89801
91799
87877
87878
87918
87901
87887
87863
87860
87861
87859
87862
87874
87873
87871
87870
87867
90161
90160
87868
87865
87864
87866
87882
87872
87869
87891
87910
91178
87907
87899
87904
90178
87903
90171
90168
87900
87896
90184
90196
90211
90203
90248
90165
90205
90230
90218
90216
90219
90201
90202
90195
90200
90192
90190
90208
89847
89848
89886
90266
90273
90272
90210
90223
90240
90239
90284
90302
90364
90379
90380
90384
90385
90360
90237
90265
90367
90263
90521
90264
90251
90234
90231
90258
90259
85196
85195
91031
90383
85212
85239
85242
85191
85197
81087
85246
85249
81086
85253
84928
84929
84912
85701
85341
85334
85328
85288
85310
85287
85290
85304
85270
84949
85265
85263
85250
81061
85247
85244
81049
85240
85241
85219
81047
85213
90386
90389
90388
90390
90393
90394
90391
90392
91855
90381
90374
90371
90368
86630
90300
90298
86629
86628
90314
90316
90315
90279
90280
89844
89845
89810
89839
89829
86624
86622
89867
89860
89872
89861
89871
89873
89875
89876
89883
91711
89884
91709
91722
91710
89877
89878
89879
89874
91721
89863
91720
89864
89939
89950
91719
89951
91534
91535
89743
89742
89738
89739
89740
89741
89737
89735
89736
89734
89733
89732
89952
89953
89731
89729
89730
89728
89727
89858
89856
89840
89725
89726
89841
89823
89781
89782
83905
83907
83906
83904
89783
89786
89784
89785
89787
89842
88041
88042
89780
88046
88045
88044
88043
89834
89832
89835
89836
89833
91816
88047
89805
89806
89808
89807
89788
89778
89779
88040
88039
88038
89859
89862
89855
89851
89838
89827
89824
89822
80440
83887
83888
89802
83889
89803
89804
83890
83891
90717
88048
83884
83885
83892
89818
89819
89809
89811
80441
80439
90159
90170
90172
90175
90169
90176
83962
85333
89915
89916
89917
89918
89919
89920
91179
90414
90413
83963
89913
89914
83964
90419
90420
89961
89960
90417
89959
90416
90418
89956
89957
89958
89940
85402
85417
85418
85419
85422
85441
90787
85421
85420
90540
85536
85537
91036
85532
85531
85547
85539
85542
85544
85543
85538
85546
85545
85552
85553
85569
85583
85584
85494
85495
85586
85588
91037
85589
85617
85597
85596
85594
85549
85550
85560
85595
85598
85559
85590
85496
85497
85499
85498
85500
85501
85502
85503
85554
90574
85506
85507
85526
85527
90573
85528
90555
90556
90572
90557
90566
90567
90571
90568
90570
90569
90558
90496
90478
90479
90477
90483
90482
90487
90488
90553
85548
90485
90484
90552
90551
90880
85493
85490
85488
85491
85509
85489
85481
85482
85487
90541
85486
85485
90463
90464
90455
90457
90456
91298
89943
90024
90025
90036
90026
90027
90028
90034
90035
87991
87992
90029
90030
90031
90032
90033
89944
90037
90046
90047
90045
90044
90460
90461
90467
90462
90039
90038
90040
90879
90048
90041
91183
90042
90459
90043
90051
90475
90476
90050
90049
90427
90426
85413
85414
85415
85534
85412
85541
85411
85483
85484
90550
85492
90458
90486
90489
90474
90554
85525
85529
85508
85504
85505
85515
85568
85513
85514
85511
85512
85551
85510
85540
85473
85474
85556
85533
85475
85444
85445
85476
85535
85416
85405
85404
90788
85410
85409
90440
90454
90542
90544
90546
90547
90548
90425
90424
90480
90436
90437
90435
90452
90453
90442
90433
90443
90444
90445
90432
90446
90431
90429
90430
90428
91293
91297
91294
90434
90438
90481
90545
90549
90451
90441
85408
90543
85407
85403
90023
89941
91278
90465
90466
91299
91277
91300
89942
90468
90501
90469
90493
90494
90882
90499
90500
90883
90884
90885
90495
90490
90471
90472
90869
90871
90870
90473
90492
90872
90491
90881
90470
