3971
21994
22008
22009
22010
22006
22007
22014
22018
22017
22022
22029
28721
22030
22171
22173
22172
22175
34509
22174
22176
22186
22188
22189
22204
22184
22183
22185
22182
22181
22180
22187
22197
22198
22206
22207
22259
22260
22262
22263
22264
22266
22217
22209
22203
22208
22213
22200
22201
22202
22179
22031
22028
22013
22016
22015
22012
22011
21995
10921
10915
13414
10914
10913
11019
11006
11010
11004
11005
11003
11009
11022
11023
11032
11027
11030
11021
11024
11038
11031
11033
11012
11026
14219
13392
13470
13471
14305
14304
13472
7755
13374
13375
13400
13455
13600
13450
13468
13469
13466
13467
34784
34105
35122
11198
11197
13453
34106
13459
13595
13594
13448
13442
13449
13461
13436
13439
13434
13435
13441
13443
13445
35366
13444
13440
13437
34781
34782
35123
13446
13447
13389
13386
13396
13395
13393
13394
13355
13383
13350
13352
13379
13354
13348
13381
13382
13378
13388
13387
13377
13346
13344
13343
13331
13332
13345
13334
13298
13349
13347
13335
13353
13351
13342
13380
13385
13384
13390
13460
13456
13399
13438
13391
13454
13397
13398
8214
8213
8382
8277
13593
13373
13372
13371
13357
13361
13368
13370
13360
13358
13340
13341
12789
13338
13337
13336
13330
12779
12780
13329
13333
34470
8209
13328
34468
34469
12777
12679
12677
12675
12676
12757
12756
12759
12761
12781
12786
12784
12785
12788
12805
12806
12813
12815
12820
12814
12812
13365
13366
13364
12797
12811
12816
12808
12793
12774
12772
12773
12769
12770
12760
12810
12809
12775
12782
12758
12776
8208
12778
12807
12787
13339
13359
13356
13362
13367
13369
8211
8212
7756
8148
8099
34785
8807
13465
13463
13464
13473
14296
14303
14297
14294
14295
14300
35105
14302
35106
35107
14301
14311
35100
14308
14307
14309
14306
14310
14334
14329
14332
14330
14333
13474
13601
14331
14293
8808
13458
13457
14238
14292
14239
14256
34111
14251
14257
14260
14263
14287
14252
14253
35110
35368
14286
14285
35095
14244
14250
14242
14243
14245
14274
35096
14288
14290
14289
11212
14271
14270
14235
14267
14266
14265
14364
14264
14234
14272
14277
14291
11208
14254
14255
14262
34110
34109
14299
14298
14248
14249
14261
14259
14284
14236
14258
13462
11209
34339
13416
13421
13420
35099
13423
13422
13426
13418
13427
13419
35098
13425
13424
14227
34108
35097
35475
14237
14225
14226
34992
14228
14231
14232
14268
14269
14230
35108
14229
15748
14233
14240
14241
14283
35109
14282
14281
11034
11036
11039
11056
11059
11060
11065
11064
11110
11066
11199
35474
11062
11058
11054
11055
11057
11037
11040
11035
10636
10646
10648
10652
10676
10677
10679
34099
34100
10653
10932
10933
10935
10937
34097
10936
10939
10940
10982
10983
10985
10984
10986
10987
34107
11072
11073
11074
11089
11090
11092
11087
10975
10994
11086
10995
35045
34201
34999
11088
34825
34824
11100
11101
11102
11113
11118
11121
11119
11120
11122
11124
11125
13428
14349
14348
11123
35479
11112
11114
35367
11107
11106
11109
11108
11077
11105
11083
11085
11080
11081
11079
11078
11067
11069
11068
10979
10981
13415
10977
10925
10971
10967
35336
10966
35352
10965
10976
34093
34473
34474
10972
10919
10920
34713
10916
10918
10917
10922
10923
11018
10924
11025
11029
31131
10978
11075
11076
10926
11084
11093
11094
35369
11115
35480
34826
35370
11097
11098
35082
35094
11096
35093
11095
35335
35334
11082
11071
11070
10980
10973
10974
10938
10970
10968
10969
34098
10934
10931
10948
10956
10959
10989
10988
10993
10992
10996
10998
11000
11091
11001
10999
10997
13402
13401
13404
13405
13407
11116
11117
13417
14224
11202
11201
11200
13409
13408
13411
13410
13322
13412
13413
13321
13319
13320
13310
13289
13290
13325
34462
13318
24755
13291
13285
13297
13326
13327
13295
13286
13292
13293
13294
13284
13282
12691
12682
12685
13276
12681
12683
12684
13260
13262
12663
13261
12662
13259
13288
13263
13273
13275
13274
13303
13304
13306
13302
13305
13301
13311
13312
13315
13316
13314
13313
10990
10952
13300
10945
10701
10702
10703
10704
10954
13264
13266
13267
13269
13268
13265
34463
12655
13258
12649
12654
12656
12642
12645
12652
12665
12664
12666
12668
12686
12672
12693
34467
34466
13287
12678
12687
12674
12671
12673
12667
12651
10690
10692
10700
10699
34780
10693
34464
10694
10696
10697
10698
10929
10930
10942
10953
10941
10943
10944
10689
10927
34779
10682
10686
10685
10681
10684
10675
10666
34461
10667
10680
10688
10687
12653
10691
10695
13271
13270
13272
34236
12659
12650
12657
12658
12660
12661
12680
12690
12689
12688
13281
13280
13279
13278
13307
13309
13308
13317
13403
11099
11104
31141
35371
11103
13406
10991
10964
10963
10957
10950
10951
10949
10958
10947
10946
10928
10683
10678
10674
10673
10649
10909
10912
10651
10650
10910
10911
10647
13296
13299
35372
10191
10211
10210
10212
10333
10322
10323
10337
10334
10215
10217
34671
10216
10222
35337
10336
10362
12768
10625
10361
10363
10631
10632
10219
10218
10220
10221
10208
10209
10213
10214
34219
34218
10193
10192
10320
10207
10412
10414
10415
10416
10627
10628
9835
10420
9836
34174
34568
10417
10418
10537
10548
10575
10549
10576
10550
10577
10668
10670
10659
10658
10539
10540
10542
10553
10538
10405
10528
34794
34795
34796
34797
34798
10409
34096
10408
10427
10428
10429
10432
10433
10435
10437
10446
10450
10451
10453
10606
10609
10654
10656
10613
10608
10612
10614
10664
10624
10645
10663
10623
10607
10604
10605
34175
10600
10603
10610
10611
10621
10622
10644
10618
10619
10643
10641
10639
10629
10595
10594
10630
10635
34800
10626
10640
10642
10620
10616
10615
10592
10602
10598
10599
10597
10442
10441
10591
10422
10421
10419
10423
10424
10425
10438
10440
10596
10593
10617
10601
10448
10444
10443
10545
10655
10660
10665
10662
10661
10657
10544
10543
10547
10541
10531
10534
10530
10526
10490
10483
10482
10474
10475
10477
10479
10481
10478
10470
10469
10460
10461
10462
10456
10463
10480
10491
10546
10452
10449
10447
10439
10445
10436
10529
10430
10431
10527
10434
10426
10406
10669
9031
9035
11445
11449
11450
11506
11515
11519
12441
12442
12443
12444
12446
12451
12453
12455
12457
12501
12502
12507
12508
12510
12512
12525
12529
12531
12532
34471
12522
12538
12541
12539
12542
12540
12708
12732
12733
12735
12736
12747
12750
34787
12749
34103
12783
12790
12791
12751
12765
12727
12723
12726
34233
12725
12706
12709
12710
12704
12699
12695
12698
12702
12700
12620
12701
12713
12715
12632
12631
12634
12630
12617
12619
12618
12696
12518
12697
12694
12438
12436
12440
12439
12703
34472
12721
12728
12724
12722
12711
12707
12705
12521
12523
12517
12520
12519
12516
12515
12514
12505
12419
12417
12412
12414
12428
12429
12430
12431
12437
12435
12615
12616
12611
12613
12614
12633
12627
12628
12626
12625
12629
12624
12622
12623
12591
12593
12594
12590
12595
12596
12641
12646
12647
12648
12639
12640
12635
12636
12637
12638
12586
12585
12584
12597
12592
12598
12599
12575
12572
12588
12589
12570
12566
12587
12564
12582
12583
12581
12579
10671
10672
12578
12576
34465
12554
12561
12552
12553
12555
12559
12560
12563
34104
12392
12391
12381
12380
10573
12379
12378
12377
12333
35248
12334
12382
10567
10564
10566
35164
10565
10568
10569
10561
10562
30955
10560
10559
10535
10536
10533
10557
10555
10556
10522
10521
10520
10524
35249
12332
35151
10519
35152
10503
35153
10504
12319
35158
11394
22295
9902
9900
10492
10499
10493
32377
10465
10471
32253
10496
10497
10498
10506
10511
10512
10508
10513
10488
10507
10505
10472
10494
10495
10467
10468
10466
9878
9875
9876
16937
9832
9833
9873
9874
10387
10388
9872
34482
34484
34483
9844
34481
9838
9837
9901
10500
10501
10502
10518
35163
10514
10515
10551
10554
10552
10484
10485
35134
31748
10489
10532
10558
22304
10563
10523
10525
35161
10570
10572
10578
10579
10580
10581
10583
10585
10586
10587
12393
12394
12556
12551
10571
10574
10582
10584
12569
12558
12557
10588
12580
12577
12562
12565
12571
12621
12612
12609
12608
12606
12574
12573
12567
12568
12600
12601
12602
12603
12604
12426
12424
12425
12404
12406
12400
12401
12399
34229
34230
12362
12364
12349
12351
34228
11432
11431
12368
11438
11433
22301
11422
11423
11427
11426
11415
11425
11428
11429
11404
12321
12347
12324
12348
12325
12320
11406
11393
11405
11398
11401
11402
11400
11399
11413
11391
11392
11387
11390
11397
34601
11382
9898
9899
9896
9897
34757
34755
34756
9895
9893
9892
9894
9891
9877
9890
9883
9884
9885
9889
9886
9887
11379
11378
9882
11375
11349
11353
11350
22297
11376
11383
11339
11346
11345
11352
11347
11354
11366
11410
11411
11414
11365
11407
11408
11386
11356
11385
11381
11380
11355
11348
11364
11367
11343
34599
11342
11341
11351
11344
11337
11338
11336
11325
11327
11334
11329
11340
11328
32607
11235
11323
11322
11230
11229
11227
22336
22339
22340
22300
22338
22298
22313
21631
9783
35072
9779
34485
9790
9780
34486
9786
9787
9784
16936
9785
22341
11222
11223
9788
9789
22335
22337
22334
22333
9794
9797
9798
9849
9850
9866
9867
9865
9846
9847
9863
35049
9864
35048
9845
9855
9860
9861
9843
9852
9851
9848
34487
9782
9781
9853
9857
9854
9856
9778
9777
9841
9839
9840
9842
9862
9859
11319
9858
9800
11225
11320
11224
35321
9799
9793
9796
9791
9792
35320
9795
22299
11226
11228
11234
11377
11326
11324
11321
9870
9881
9879
9871
9880
9888
11384
11389
11388
11395
35002
35003
11396
12322
11403
11409
11412
11430
12327
12330
12350
12331
12326
12329
12337
12335
12340
12339
12363
12342
12366
12344
12367
12384
12385
12346
12383
12386
12388
12387
12402
12389
12405
12420
12396
12422
12423
13277
12390
12395
12341
12345
12343
12338
12323
12328
12336
12398
12365
12369
12403
12421
12397
12607
34231
12610
12605
12427
12415
12407
12409
12408
12410
12370
12371
12373
12374
12376
12372
12359
12360
12357
12356
12355
12353
12352
11435
11436
11434
11417
11416
11420
11421
11369
11370
11444
11368
11371
11373
11374
11418
11424
12375
12416
12418
12432
12433
12434
12506
12530
12533
12534
12528
12526
12527
12484
12482
34102
12483
12487
12488
12486
12485
12489
12471
12472
12470
12465
12466
12475
12477
12458
12478
12481
12480
12463
12450
12449
34448
12448
11535
11533
12447
11530
11531
11523
11524
11525
11529
11526
11532
11513
11514
11537
11538
11553
11555
11561
11554
11557
11558
11559
11560
12461
11539
11540
11541
11548
11501
11483
11475
11472
11474
11476
11495
11496
11494
11493
11492
11490
11460
11459
11457
11464
11463
11462
11461
11510
11508
11517
11521
11509
11453
11451
11455
11456
34225
11454
11458
11448
11468
11467
11469
11471
11443
11441
11491
11473
11470
11482
11500
11499
11498
11528
11556
11497
11466
11465
11512
11518
11511
11522
11534
11527
11536
12462
12464
12476
12479
10486
10487
12524
12513
12509
12511
12460
12459
12503
12413
12411
12456
12454
12452
12361
12445
12358
12354
11520
11516
11437
11507
11419
11452
11372
11447
11446
11442
11361
11362
11440
10454
10464
9030
11439
11276
11277
12643
12644
21621
21628
21629
21630
10633
10634
10902
10637
10896
10897
10899
10901
10908
11011
10906
10903
10905
10907
10900
10904
10898
10638
9654
9723
9724
9726
9727
9729
9728
9802
9801
9771
9774
9775
9773
9776
9772
9803
9804
9809
9810
9811
9812
9834
10386
10394
10401
10407
34799
10476
10457
10473
10398
10397
10455
10458
10459
10393
10391
10390
10389
10396
10395
10403
10404
10413
10400
10402
10399
10392
10382
10383
10095
10098
10099
10100
10113
10115
10116
10118
10188
34669
34670
10114
10102
10101
10117
10139
10112
10097
10096
6885
6886
35250
9758
9756
9759
9760
9761
9762
10148
10151
10158
10162
10163
10367
10374
10375
34094
10201
10410
10206
10411
10204
10205
10198
10197
10199
10195
10196
10177
10178
10179
10180
10176
10160
10164
10157
10152
10153
10154
10155
34216
10170
10172
10168
10169
35413
10175
10171
10174
10173
10166
10194
10147
10146
10142
10145
10189
10187
10183
10184
10185
10186
10141
10138
10136
10135
10137
10134
9241
10126
10127
10130
35338
9240
10124
9743
9745
9744
10125
9741
9740
9746
9706
9705
9748
9747
9742
10128
10140
10144
10129
10133
10143
10167
10190
10182
10376
10378
10380
10131
10360
10385
10384
10132
10379
34173
10202
10203
34672
10373
10381
10370
10371
10369
10368
9829
9828
9820
9825
9826
9823
9763
9764
9767
9768
9766
9821
9822
9818
9816
9813
9815
9819
9814
9731
9730
9807
9808
9757
9765
9824
9817
9827
10366
10181
10372
10365
10364
10165
10159
10161
10156
10150
10149
9738
9739
9749
9755
9753
9750
9751
9752
34095
9805
9806
12714
12716
12717
12720
12762
12771
12763
12767
12766
12755
12718
12754
12546
12737
12742
12745
12734
12731
12729
12730
34232
12550
12548
12549
10589
12882
10590
11859
11860
12945
11911
11912
11910
11909
11907
11839
11834
11833
11832
11837
11836
11856
12878
12879
12881
12884
12891
12892
12896
12894
12886
12887
12890
12889
12929
12867
12875
12873
12871
12857
12858
12866
12885
12859
11848
11817
11819
11820
12840
12841
12842
11847
12869
12868
12870
12877
11858
11851
11853
11854
11852
11843
11842
11841
11840
11846
11845
11850
12872
11849
12864
12906
12888
12876
12880
12874
11855
11835
11830
11829
11825
11828
11827
11822
11823
11824
11759
11760
11765
11767
11772
11764
11766
11768
11769
11826
11831
11771
11770
11773
11774
11908
11857
11838
12883
11308
11309
11312
11478
11477
11485
11487
11504
11544
11550
11562
12469
12467
11563
12473
12490
12491
12498
12497
12499
12535
12495
12536
12543
12545
12902
12918
12919
12921
13047
13043
13048
12924
13044
13046
12922
12746
13042
12739
34786
12752
12753
12740
12738
12920
12741
12917
12547
12900
12901
12903
12910
12912
12925
12926
34811
12923
12927
12928
12938
12940
12944
12941
12942
12936
12937
12893
12931
12930
12934
12933
12932
12913
12907
12908
12935
12916
12914
12915
12911
12909
12865
12904
12861
12862
12855
12856
12843
12846
12848
12852
12849
12851
12850
12897
12835
12833
12834
12838
12836
12828
12830
12831
12839
11803
11804
11809
11982
11810
11815
11818
11816
11813
11814
11844
11794
11793
11792
11798
11799
11797
11796
11789
11790
11734
11735
11733
11729
11728
11724
11704
11705
11742
11753
11755
11756
11757
11758
11744
11750
11761
11762
11763
11751
11752
11864
11749
11863
11877
11648
11865
11879
11880
11878
11906
11644
11642
11639
11638
11637
11640
11645
11861
11862
11747
11746
11745
11630
11632
11626
11625
11739
11738
11737
11736
11697
11696
11621
11600
11624
11622
11618
11619
34141
11620
11628
11623
11629
11633
11641
11643
11646
11748
11740
11743
11741
11703
11702
11727
11732
11791
11754
11812
11811
11808
11807
11787
11788
11786
11730
11718
11784
11785
11783
11723
11707
11721
34226
11689
11687
11688
11691
11692
11693
11694
11709
11710
11579
11580
11686
11712
11711
11714
11489
11775
11547
11776
11715
11717
11716
11777
11781
11780
11800
11801
11719
11720
11552
11488
11480
11481
11690
11577
11574
11576
11575
11565
11578
11566
11593
11596
11597
11594
11598
11601
11695
11698
11699
11700
11701
11589
11592
11595
11599
11722
11725
11726
11706
11713
11731
11795
11802
11782
11805
11806
12824
12825
12827
12832
12494
12493
12829
12496
12845
12847
12837
12844
34618
12860
12863
12905
12854
12853
12899
12544
12537
12898
34619
12500
12492
12474
12823
12826
34227
11564
11551
11545
11549
11546
11542
11543
34600
11505
11502
11503
34598
11486
11318
11317
11310
11311
11627
11617
11573
11588
12943
13078
13080
12996
13152
13153
12468
11635
12895
12981
12982
12983
12984
13154
13155
13156
13158
13161
13162
13164
12999
12997
12992
12989
35115
12988
12987
12986
13159
12954
12953
12951
12946
13160
13157
12985
12952
12950
11924
11925
12958
12948
12947
12949
12955
12956
12994
12993
13163
13166
13165
13052
13049
12798
12799
13050
13099
13053
13098
13051
13105
13106
13064
13087
13088
13086
13091
13095
13167
13168
13093
13079
13077
13084
13082
13081
13068
12939
13067
13059
13058
13062
13072
13073
13076
13075
13074
13085
13083
13063
13057
13089
13094
13090
13045
13054
13110
12792
12795
12794
12796
12801
12817
13127
12818
12819
12822
13118
13119
13475
13479
13480
13482
13492
13491
13486
13481
13483
13376
13478
13116
13101
13103
13114
13115
13130
13129
13096
13092
13112
13102
13100
13128
13111
13113
13104
12803
12821
12804
12802
12800
13363
13169
13097
13133
13137
13204
13207
35278
13205
13210
13225
13227
13231
13542
13247
13249
13250
13556
13557
13555
13566
13582
13583
13590
13591
13605
13606
14022
14019
14021
14020
14007
14001
14006
13562
13569
13567
13568
13584
13585
14005
13588
13589
13592
13564
13565
13546
13252
13559
13560
13561
13257
13256
13253
13242
13243
13254
13240
13198
13197
13233
13235
13236
13216
13215
13214
13175
13176
13194
13195
13234
13196
13193
13172
13232
13246
13255
13251
13547
13245
13248
13237
13218
13217
13221
13226
13543
13230
13541
13544
13545
13552
13553
13570
13563
13571
13572
13573
13577
13602
13603
13604
13579
13581
13587
13586
13578
13580
13575
13574
13576
13534
13532
13533
13522
13510
13521
13520
13523
13509
13524
13526
13519
13484
13515
13514
13513
13511
13485
13518
13528
13504
13512
13551
13548
13554
13540
13549
13550
13539
13508
13502
13507
13505
13506
13517
13501
13500
13498
13497
13487
13488
13144
13149
13150
13148
13151
13142
13141
13224
13535
13536
13219
13206
13139
13138
13143
13145
13146
13147
13126
13477
13489
13490
13494
13476
13123
13120
13122
13117
13124
13125
13121
13493
13495
13496
13499
13503
13538
13537
13220
13229
13223
13228
13222
13209
13212
13208
13211
13213
13174
13173
13170
13171
13134
13140
13135
13136
13132
13131
11568
11569
11571
11572
11582
11584
11586
11587
11591
11603
11605
11607
11609
35412
11611
11613
11615
11631
11634
22649
22644
11636
22650
22651
22569
22567
22572
22568
22571
22564
22561
22565
22570
22563
22560
22562
22559
22557
22556
22554
22555
22529
22558
11616
11614
11612
11610
11608
11606
11604
11602
11590
22552
11585
22496
22498
11583
22551
11581
11570
22548
22116
22413
22414
22415
22466
22473
22475
22478
22490
22501
22520
22521
22522
22524
22530
22531
22534
22540
22541
22566
22542
22539
22590
22538
22516
22533
22519
22512
22513
22506
22507
22508
22505
22504
22509
22147
22148
22155
22156
22150
22157
22151
22510
22511
22514
22535
22532
22526
22525
22527
22528
22523
22502
22503
22152
22153
22142
22143
22138
22139
22500
22499
22497
22495
22494
22491
22488
22487
22476
22477
22485
22486
22472
22482
22483
22484
22544
22549
22550
22543
22471
22489
22154
22474
22129
22470
22465
22481
22469
22467
22468
22418
22479
22419
22127
22515
22518
22645
11980
22605
22607
22603
22609
22635
22638
22639
22642
22658
14324
14325
22659
22660
22657
22661
23249
22292
22623
22267
22631
22632
22633
22634
22628
22640
22624
22625
22618
22616
22614
22615
22589
22612
22281
22287
22288
22617
22620
22619
22294
22621
22622
22629
22291
22289
22285
22290
22283
22284
22282
22280
22278
22276
22274
22277
22273
22270
22269
22265
22268
22214
22261
22258
22257
22252
22253
22254
22247
22255
22574
22584
22587
22248
20183
20182
22250
22249
22251
22235
22241
22243
22244
22245
22242
22226
22227
22230
22231
22236
22229
22234
22228
22237
22246
22232
22233
22205
22256
22272
22271
22293
22286
22279
22275
22585
22586
22588
22613
22626
22627
22630
22653
22656
22641
22643
22637
22636
22604
22611
22608
22610
22602
22601
22596
22600
22606
22647
22648
22652
22646
22599
22598
22597
22592
22591
22583
22593
22581
22582
22573
22577
22579
22580
22578
22575
22240
22221
22225
22223
22224
22238
22239
22222
22159
22158
22517
22576
22537
22536
22595
22594
11981
22654
11647
11650
11881
11670
11882
11871
11873
11874
11887
34138
11870
11869
11866
11669
11668
11656
11653
11655
11666
11654
11659
11660
11663
11665
11678
11662
11664
11661
11651
11652
11667
11671
11868
11872
34139
11875
34143
11867
11649
22436
22437
22445
22480
22443
22444
21579
21581
21592
21906
21909
21596
21910
21916
21917
21918
21920
21928
21932
21933
21934
21935
21936
22057
22058
22076
22059
22067
22068
22071
22073
22100
22131
22074
22099
22098
22069
22061
22065
34896
22064
22063
21785
21787
21844
21845
21846
21865
21850
21851
21852
21843
21842
21849
21833
21847
21841
21848
21829
21778
21776
21775
21774
21773
21769
21770
21757
21758
21760
21759
21766
21611
21601
21600
21604
21606
21605
21603
21602
21599
21598
21754
21607
21786
21777
35419
21781
21782
21783
22054
22052
21927
21925
21923
21922
21764
21763
21765
21618
21616
21617
21615
21595
21614
21612
21610
21609
21608
21594
21613
21761
21762
21768
35418
21767
21780
21779
21784
22060
22072
22070
22066
22062
22055
22053
22056
21926
21931
21930
21914
21913
21929
21924
21921
21919
21912
21619
21911
21597
21905
21907
21908
21593
21868
21869
22113
22115
22114
22125
22128
22126
22124
22122
22118
22117
22120
22119
35111
22096
22095
22111
22093
22097
22109
22108
22091
22092
22094
22110
22103
22104
22101
22102
22105
22106
22121
22123
22112
22107
21870
21871
11231
11232
11233
11246
11248
11359
11360
11357
11358
11257
11259
11363
11258
11261
11273
11274
11275
11272
11271
11265
11267
11278
11280
11284
11285
11286
11300
11301
11303
11298
11304
11306
11307
11314
11313
11315
22463
22462
22458
22455
22440
22456
22460
22442
22441
14352
14353
22439
22438
22416
22464
22412
22411
22417
22434
22427
22432
22433
11288
11297
22429
22422
22423
22399
22420
22391
22409
22410
22408
22394
22395
22405
22401
22402
21864
21861
21862
21863
22403
22407
22400
21858
21856
21857
21859
21840
21854
34507
34506
34505
21867
21866
21834
21838
21839
34604
21837
21832
21853
21830
21831
21801
21800
21771
21752
34064
34286
21751
21798
21799
21802
21805
21807
21804
34714
21803
21806
34893
21815
21797
21816
21817
21812
21818
21810
21796
21713
22317
22331
22330
22328
22332
22380
22329
22327
22324
22326
22318
21711
21698
21710
21697
21708
21707
21706
22312
22311
22314
22315
22310
22306
22307
22308
22309
21704
21701
21700
21687
21702
21703
22320
22302
22303
22322
22321
22305
21684
22296
21680
21681
35261
21633
21661
21662
21660
21641
21637
21486
21484
21625
21623
21622
21620
21627
21626
21632
21476
21474
21473
21470
21472
21477
21475
21483
21635
21624
21666
21685
21686
21688
21667
21669
21682
21689
21691
21683
21675
21673
21676
21677
21695
21693
21696
21674
21678
21739
21740
21742
21789
21788
21790
21792
21791
21793
21794
21741
21744
21737
21738
21746
21747
21748
21732
21733
21755
21591
21724
21723
21726
21728
21727
21720
21719
21718
21717
21716
21715
21650
21714
21649
21503
21647
21652
21656
21655
21658
21654
21670
21665
21664
21644
21643
21639
21642
21640
21638
21636
21490
21491
21478
21487
21488
21489
21480
21494
21493
21496
21499
21501
21498
21495
21497
21479
21481
21482
21588
21589
21445
21466
21467
21468
21485
34602
21471
21469
21492
16220
16221
21648
21651
21646
21645
21500
21502
21587
21653
21657
21659
21734
34504
21735
21722
21725
21590
21730
34894
21731
21745
21729
21721
21736
34503
21672
34895
21671
21668
21663
21692
21705
21690
21694
21709
22323
22325
22319
22316
21712
21699
21795
21749
21743
21750
21835
21836
21855
21822
21823
35258
35257
22366
21828
21824
21826
21827
21825
22361
22365
22379
22385
22387
22451
22454
22396
22389
22397
11270
22388
22372
22368
22370
22371
22450
22449
22453
22452
22446
22448
22383
22378
22360
22362
22359
22375
22377
22358
22356
22376
22381
22346
22447
22345
22347
22344
11256
11240
11242
11253
11243
11244
11251
11250
22343
22342
34063
11252
22384
22386
22382
22369
22363
22367
22357
21814
22355
21808
21809
21813
21820
21819
21811
21821
22364
21860
22404
22373
22374
22406
22390
22392
22421
22393
22398
11282
11295
22430
22431
22424
22426
22428
22425
11290
11305
22457
11294
22459
22461
11292
11291
11293
11299
11289
11287
11296
11283
11281
11279
11269
11268
11266
11264
11263
11262
11260
11241
11239
11255
11254
11249
11335
11333
11331
11238
11237
11330
11332
11247
11245
11236
21753
21756
21772
11316
11567
11302
12669
13596
21990
22005
22021
22004
22003
22002
34789
22001
22000
21945
21952
21951
22020
21957
21956
21955
22078
22083
22086
22145
22149
22144
22136
22134
22135
22140
22137
22130
22132
22077
22087
22084
22075
21949
21953
21940
21939
21938
21937
21899
21894
21895
21901
21902
21943
21903
21900
21941
21942
21915
21948
13452
13451
22133
22141
22088
22080
22090
22177
22178
22170
22169
22165
22166
22168
22167
22164
22161
22160
21992
22081
22163
22162
22089
22146
22219
22220
22085
22082
22079
21954
21946
21947
21950
21904
21962
21966
21965
21963
21964
21999
34788
21944
21991
13599
12748
22019
12670
