4092
252433
252460
252461
252462
252882
252883
252470
252885
252886
252471
252467
252465
252464
252463
252459
252441
252458
252435
252436
252457
236334
236335
259930
259938
259945
259946
259947
259719
259720
259729
259730
251165
259733
259734
252167
264153
252168
251166
259728
259939
259890
259891
259940
259917
259916
259914
259918
259919
259874
259888
259893
259944
259942
259943
259912
259915
259913
259948
259859
259731
262312
262314
262315
262313
264088
264089
259732
259880
259881
259882
259983
258562
259892
258604
259894
259896
259908
259907
259910
259924
259928
259929
259936
259958
259966
260010
259952
259953
259955
259956
259967
259950
259959
259969
259973
259971
260013
260011
260012
260024
263406
263459
260043
264312
259968
259921
259922
259926
259927
259923
259949
259920
259951
259941
238300
259470
238301
263704
259962
259957
256143
260203
259963
260202
259964
262308
256141
256142
256139
256140
259931
259933
134174
134179
134176
139550
134177
134178
138749
138753
138754
134183
134182
134175
253703
253702
253696
253704
253694
253695
253692
253691
253689
253690
253697
253715
253717
253720
253725
253726
253723
253872
253873
253877
253882
253883
253878
253880
253881
253893
253894
253896
253901
253902
254876
255028
255022
255023
254996
254989
255058
255031
255054
255072
255066
254995
262286
263481
263480
263479
254990
254867
253895
263746
253890
253897
253888
253889
253891
253892
253885
253788
253794
253795
253796
253797
253798
253799
253846
253847
253884
253787
253786
253776
253743
253775
253772
253742
253740
253738
253736
253737
253655
253658
253657
253659
253661
253663
253662
263394
253650
253651
253652
253667
253668
263994
263993
253777
253778
253779
253782
253783
253784
253870
253871
253874
253875
253868
253711
261276
253869
253709
253710
253712
253714
253713
253707
253705
253706
253669
253670
253671
253660
253654
253636
253635
253730
253733
253731
253729
253637
253735
253744
253632
253630
253620
253621
253622
253623
253631
253626
253628
253664
253770
253773
253771
253665
253739
253666
253774
253780
253781
253887
253886
253879
253876
253718
253722
253719
253721
134180
134181
253716
253708
253693
253701
261753
253724
255717
255768
255773
254748
255769
254747
254768
254769
254753
254754
254755
254756
254757
254758
254749
254751
255771
255772
255806
255959
255958
255964
255965
255967
255970
255972
255988
255973
255974
255989
255991
257445
255996
256007
256011
256012
257448
257446
257447
257443
257852
257440
257441
257442
256010
256009
257444
256008
256004
256006
256111
256112
256113
256114
256116
256118
256125
256126
256128
256129
256123
256119
256120
256106
256107
256124
256121
256122
256127
256117
256115
257450
257449
257451
257510
256110
256108
256109
256005
256000
255998
255999
256001
256002
256105
255520
263989
255519
256056
256059
255815
255781
256047
256057
256100
256102
256101
256103
256104
255782
255778
255779
255808
255809
255811
255810
255777
255775
255776
255774
255987
255995
255993
255992
255984
255982
255981
255979
255976
255977
255980
255978
255963
255975
255962
255985
255986
256003
255997
255994
255990
255983
255969
255966
255960
255961
264167
255805
255812
255814
255813
256474
255816
255818
255971
255823
255824
255803
255804
255957
255968
255908
255907
255947
255948
261195
255949
255944
255946
255952
255953
255951
255937
255938
255939
255950
255936
255915
255933
255934
255935
255914
255913
255916
255917
255920
255921
255941
255893
255891
263992
255892
255895
255942
255885
255890
255889
255899
255905
255897
255898
255900
255901
255883
255881
255878
255797
255798
255800
255796
255795
255784
255794
255785
255786
255788
255791
255801
255790
255792
255789
255787
255783
255742
255741
255743
255740
255748
255753
255751
255750
255846
255844
255842
255840
255839
255836
255725
255729
255837
255745
255728
255727
255721
255724
255722
255714
255726
255723
255715
255716
255719
255720
255830
255825
255828
255827
255833
255835
255850
255851
255849
255852
255834
255619
255615
255822
255831
255832
261620
255819
255820
255821
255826
255718
255712
255829
255841
255838
255747
255749
255737
255735
255746
255736
255738
255698
255744
261439
255739
255697
255699
255793
255754
255755
255758
255759
255876
255877
255874
255884
255875
255757
255756
255752
255847
255872
255871
255848
255861
255866
263477
255862
255867
255868
255918
255870
255869
255845
255863
255864
255859
255860
255858
255857
255909
255659
255911
255661
255660
255658
255648
255649
255622
255623
255624
255651
255854
255650
255621
261763
255620
255654
255655
255656
255645
255646
255667
255657
255677
255678
255652
255653
255855
255856
255853
255843
255760
255799
255882
255880
255879
255888
255887
255873
255886
261762
255894
255919
255865
255910
255912
255927
255922
255924
261621
255923
255945
255943
255896
255906
255904
255903
255902
255956
255802
255807
255770
255940
255925
255926
254746
255767
255764
261440
255763
255765
255766
254281
255517
261759
261760
253959
253960
255518
261191
255527
255523
255524
255525
255526
261192
255706
255701
255534
255535
255700
255707
255711
255708
255709
255710
255731
255732
255734
255733
254284
254285
254752
254760
254761
254289
254762
254763
254759
254286
251495
251496
254079
254080
254077
254078
254075
254076
263371
263376
263375
263372
263374
263373
253946
264236
253947
263788
264237
254117
254115
254116
254118
254120
254125
254712
254713
255681
255687
255702
255704
255703
264235
255685
255705
255682
255684
255683
255690
255730
255696
255692
255693
254750
255762
255694
254726
255688
254715
254716
254718
254717
254719
254142
254141
254137
254140
254134
254136
254135
254138
254124
254121
254123
254119
254122
254128
254126
254127
254083
254082
254081
254129
255695
254268
254269
254279
254280
261438
254278
254528
247175
254632
254636
254638
254641
254793
254794
254798
254787
254795
256028
256031
256061
256062
256032
256053
256054
256027
256048
256050
256052
256058
256055
256049
256051
256021
256020
256014
256018
256019
256046
254789
256017
256013
256016
255780
254766
254767
254790
254765
254764
254775
254776
254777
254615
254779
254622
254623
254628
254784
254786
256196
256184
254627
254625
254605
254609
254633
254631
254634
254548
254629
254579
254580
254582
254578
254581
254583
254584
261761
254585
254586
254637
263478
254589
254567
254569
254570
254571
254566
254568
254560
254558
254575
254559
254555
254553
254554
254552
254551
254549
254550
254524
254523
254517
254518
254519
254521
254538
254539
254541
254540
254536
254546
254547
254603
254604
254602
254607
254608
254618
261614
254619
254620
254621
254600
254601
254611
254613
254614
254288
254287
254610
254597
254594
254592
254593
254532
254533
254531
254530
254529
254271
254272
254275
254274
254282
254273
254595
254283
254598
254596
254599
254537
254534
254535
254522
254542
254544
254557
254556
254561
254565
254564
254562
254577
254576
254545
254543
254606
254626
254624
254617
254612
254616
254772
254773
254774
254778
254781
254780
254788
256015
256033
256064
256065
264004
256063
256035
256041
256044
256066
256068
256067
256070
256071
256099
256091
256092
256093
256095
256097
256098
256089
256088
256086
256082
256081
256084
256083
256077
256076
256073
254833
256074
254821
254822
254823
254824
254829
256090
256072
254828
254830
254826
254819
254704
254817
254807
254814
254809
254815
256037
256039
256040
256045
256038
256036
254813
254812
254810
254804
254805
254653
254654
254655
254698
254803
254651
254644
254799
254646
254647
254643
254648
254649
254650
254652
254800
254802
254811
254808
254806
254699
254701
254702
254703
254700
264054
254818
254820
254816
256075
256080
254825
256078
256079
256096
256094
256087
256085
256069
256043
256042
256030
256026
256025
256029
256034
256024
256022
256023
254801
254785
254783
254642
254640
254639
254645
254635
254630
247176
254006
254003
254002
254004
243421
243420
244584
244583
254009
254024
254025
254030
254151
254152
254154
254155
254156
254159
254162
254163
254169
254168
254170
254171
254216
254228
254227
254230
254242
254245
254246
254248
254250
254741
254742
254743
254740
261294
254737
254736
254734
254732
254733
254725
254727
255689
254724
254720
254721
254723
254729
254730
254728
254239
254240
254244
254224
254234
254235
254236
254143
254222
254213
254220
254221
254223
254212
254214
254166
254215
254218
254219
254225
254217
254237
254722
254139
254132
254130
254131
254133
254164
254165
254109
254105
254106
261758
254107
254108
254101
254110
254091
254096
254098
254099
254100
254097
254095
254087
254088
254092
254102
254103
254104
254094
254114
254111
254112
254113
254731
254735
254739
254277
254270
254258
254259
254260
254265
254266
254264
254210
254211
254263
254267
263716
254261
254262
254207
254203
254209
254208
254276
254256
254254
254255
254253
254252
254251
254202
254201
254197
254232
254247
254195
254198
254199
254200
254229
254174
254172
254173
254157
254181
254180
254194
254196
254189
254190
254184
254183
254179
254177
254058
254176
254060
254068
254069
254049
254050
254061
254062
254063
254064
254048
254045
254044
254047
254051
254040
254052
254053
254028
254054
254038
254037
254036
254033
254034
254035
253995
253993
253994
253990
254001
254046
254345
253999
253992
253991
253985
253983
253984
253982
253988
253981
253980
253978
253979
253989
254005
254007
254010
254011
254039
254041
254043
254042
254059
254057
254056
254055
254178
254070
254071
254182
254233
254257
254249
254243
254231
254241
254238
254226
254175
254167
254161
254160
254093
254019
254021
254144
254145
254146
261609
254015
254020
254022
254147
254149
254148
254023
254017
254018
254012
254013
254014
254016
254158
254153
254150
254032
254031
254029
254027
254026
254008
253961
253962
253963
238994
240247
254084
238995
253958
253957
253955
253956
253948
253952
253949
261757
261756
253954
253944
253953
253941
253943
253942
253964
254086
254089
254090
254085
235639
260124
253247
254438
254441
254439
254444
254443
254433
254432
254399
253220
253219
254398
253218
255158
253215
253217
253246
254431
235640
253245
253249
254446
254447
254448
254455
254459
254503
254460
254463
254504
254462
254847
254848
254849
254507
254508
254864
254850
254865
254871
254877
254873
254875
264339
254889
254890
263254
254891
254887
254886
254882
254881
254879
254880
254883
254874
254868
254869
254856
254857
254860
254846
254842
254844
254845
254843
254836
254840
254839
253253
254837
254835
253824
253823
253822
253818
253817
253820
253251
253816
253250
253803
253244
253802
253801
253805
253807
253809
253814
253813
253825
253826
253827
253829
253831
253855
253856
253861
253862
253866
253867
254852
254853
253865
253898
253900
253899
253853
253852
253851
253854
253849
253850
253863
253857
253845
253844
253840
253841
253842
253838
253832
253812
253810
253811
253769
253768
254997
253763
253762
253761
253765
253758
253760
253741
253734
253746
253747
253748
253749
253754
253755
253237
253751
253750
253176
253185
253182
253184
253233
253232
253238
253239
253240
253183
253181
253224
253229
253230
253225
253228
253227
253214
253213
253212
253202
253198
253199
253200
253209
253206
253207
253208
253211
253216
253210
253203
253204
253223
253222
253226
253221
253197
253201
253142
253139
253140
253164
253165
253173
253168
253171
253179
253154
253162
253177
253178
253160
253158
253161
253175
253732
253728
253727
252999
252995
252997
252994
252962
263471
252963
252974
252975
252976
253619
252992
253629
252973
253618
252971
253617
252970
252969
252972
252968
252966
252967
252957
252960
252961
252965
252991
252990
252964
252984
253145
253147
253149
253150
253148
252989
252987
253146
252988
253144
253143
253119
252981
252982
252985
252983
252958
252959
252956
252910
252911
252912
252916
252917
252977
252993
252996
252998
253633
253159
253157
253156
253155
253153
253167
253169
253166
253152
253151
253141
253170
253174
253172
253180
253163
253243
253234
253752
253753
253757
253756
253766
253745
253785
253790
253834
253835
253833
255074
253791
253789
253767
253764
253839
253836
253837
253848
253792
253864
253859
253858
253843
253830
253815
253808
253759
253806
253800
253236
253241
253235
253804
253819
253821
253860
254851
253828
254861
254858
254863
254854
254862
254855
254859
254878
254888
255230
254892
254894
254893
254885
254884
254872
254870
254841
254838
254458
254457
254461
249578
249579
254456
254449
254445
253252
253248
253242
253231
251167
259714
260815
254591
254588
254590
254587
254669
254670
254660
254662
254679
262736
262735
254659
254657
254656
254658
254390
254388
254493
254492
254489
254491
254473
254472
254471
254372
254371
254376
254385
254375
254373
254378
254380
254382
254381
254384
254379
254383
254374
254369
254370
255265
254365
254342
254341
254364
254337
254391
254359
254363
254360
254516
254520
254366
254367
254414
254464
254465
254468
254469
254470
254479
254483
254478
254485
254484
254481
254482
254486
254487
254682
254496
254495
254497
254501
254500
254499
254663
254665
254664
254666
254430
254429
254451
254452
254454
254453
254425
254450
254442
254400
254401
254405
254418
254404
254419
254422
254423
254474
254426
254421
254343
254410
254407
254408
254412
254409
254411
254392
254393
254397
254396
254344
261298
261610
261611
254394
254395
254402
254417
254403
254406
254424
254420
254428
254477
254466
254480
254476
254475
254427
254416
254415
254413
254368
254467
261613
254377
254490
254488
254386
254389
254387
254494
254498
256060
254667
254680
254692
254691
254695
254696
254706
254705
254707
254683
254684
254685
254708
254709
254710
254711
254834
254689
254688
254690
254697
254687
254686
254674
254671
254672
254673
254675
254677
254676
254681
254668
254661
254573
254572
254574
251168
252979
252980
253124
253121
252753
252809
252811
252812
252818
252841
252843
252842
253024
253026
253035
253034
253073
253085
253086
253087
253088
253089
253102
253104
254326
253107
253205
253194
253193
253195
253138
253137
253132
253133
253134
253114
253122
253120
253118
253116
253117
252986
252952
252946
252955
252951
252935
252937
252978
252936
252881
252879
252878
252875
252874
252933
252931
252930
252941
252940
252943
252944
253115
252949
252942
252938
252929
252939
252924
252925
252926
252923
252866
252862
252863
252865
252867
252868
252864
252869
252870
252857
252855
252856
252858
252779
252778
252777
252780
252793
252795
252796
252797
252830
252832
252833
252845
252848
252850
252847
252839
252844
252837
252836
252821
252822
252823
252824
252825
252787
252786
252784
252789
252791
252819
252810
252756
252757
252788
252790
252782
252783
252771
252785
252820
252827
252826
252828
252829
252792
252781
252794
252861
252798
252831
252834
252835
252846
252927
252928
252932
252873
252860
252871
252890
252903
252872
252889
252888
252887
252859
252884
252876
252877
252909
252934
252880
252945
252947
252948
252954
252953
252950
253112
253113
253111
253127
253126
253129
253130
253186
253187
253188
253191
253094
253190
253189
253092
253040
253039
253036
253028
253027
252849
253023
253108
253109
253125
253110
253128
253123
253135
253136
253131
253192
253106
253105
253103
253093
253038
253075
253084
253083
253079
253076
253077
253078
253072
253031
253070
253030
253033
253071
253074
253037
253032
253029
253021
253025
253022
252840
252838
252817
252808
252816
252755
253090
253091
253100
253101
253196
254322
254323
253007
253017
253018
253020
253016
253019
253015
252472
252895
252898
252899
252902
252918
252920
252921
252922
252919
253587
252896
252897
252915
253586
252914
252913
252900
252901
252892
252894
252891
252893
252907
252908
252906
252905
238481
252742
252743
253986
253987
254293
254294
254306
254000
253997
254292
253063
254295
254297
254305
254301
254308
254310
254348
254353
254355
254352
254361
254351
254349
254350
254362
254307
254303
254311
254334
254335
254313
254332
254333
254338
254331
254339
254340
254330
254325
254324
254320
254321
254329
254317
254314
254312
253099
253098
253067
253064
253066
253065
253068
253069
254327
254319
254336
254328
254318
254300
254304
254309
254302
255264
254298
254299
254296
253061
253060
253059
253062
253051
253050
252747
254290
252745
252746
252744
253048
253049
253042
253053
253046
253045
253044
253013
253014
253011
253012
253006
253005
253004
253002
253003
253001
252735
252733
252736
252738
252737
252739
253008
253010
253009
253043
249358
249357
253047
253057
253056
253095
253096
253097
253082
253081
253055
253080
253041
253054
253058
253052
254291
253998
253996
252741
254354
254065
254066
254346
254347
261612
254067
254072
254073
254074
254186
254188
254509
254192
254510
254511
254512
254513
254514
254515
254526
254527
254205
254204
254525
254206
254191
254193
254358
254356
254357
254187
254185
255679
256299
256300
256304
257354
257356
257364
257397
257392
257396
257393
257394
257404
257405
257406
257407
257412
257413
257414
257417
257432
257431
257427
257428
257430
257452
257429
257433
257425
257423
257426
257424
257388
257438
257437
257439
261765
257435
257436
257434
257383
257382
257385
257386
257420
257419
257912
257401
257403
257400
257408
257399
257370
257377
257376
257359
257355
257357
255932
255931
257351
257353
255928
255929
255930
257358
257372
257375
257378
257374
255954
255955
257373
257360
257402
263792
257379
257380
257381
257384
257421
257387
257422
257409
257410
257411
257398
257389
257390
257391
257395
263793
263791
263810
256391
256392
256335
257365
264242
257363
257366
257367
257362
256312
256323
256331
256324
261764
256307
256325
256305
256308
256321
256309
256306
256296
256297
256310
256326
256333
256334
256336
261766
257371
257368
257369
257361
257352
256311
256303
256301
256302
256298
255680
255364
256390
256388
256386
256330
256332
256328
256322
256327
256379
256383
256384
256394
256395
256398
256399
261793
256528
256529
256401
256408
256405
256526
256404
256403
256406
256407
256409
256411
256410
261792
256393
256387
255367
255368
256400
256527
256532
264238
256533
256531
256520
256521
256553
256505
256503
256502
256496
256497
256498
256512
256499
256500
256510
256511
256508
256443
256493
256494
256507
256490
256489
256364
256367
256369
256495
256491
256368
256361
256362
256371
256352
256374
264337
256351
256347
256286
256285
256283
256280
256281
256292
256293
256277
256278
261790
256270
256268
256276
256269
264307
256279
258046
264206
258047
256274
256341
256342
256338
256340
256344
256357
256251
256358
256263
256365
261623
256262
256265
256266
256267
256259
256264
256260
256248
256247
256241
256215
256214
256243
256244
256216
256242
256249
256250
256343
256339
256337
256275
261788
256271
256273
258052
256272
261789
256282
256284
256345
256346
256360
256363
256366
256359
256488
256434
256442
256445
256509
256492
256370
256501
256565
256373
256564
256372
256375
256356
256381
256350
256377
256348
256316
256315
256317
256318
256313
256294
256287
256289
256291
256290
256288
256295
256349
256353
256354
256355
256504
256506
256530
256396
256397
256376
256385
256382
256378
256380
256320
256319
256314
256329
255369
256389
256402
255366
255365
256213
258029
256534
256537
255503
255541
255543
255545
255544
255547
261786
255546
255565
255566
255563
255568
255564
255569
255567
255577
255557
255558
255561
255562
255572
255573
255599
255582
255600
255601
255602
255604
255597
255603
255598
255589
255586
255587
255560
255588
255583
255585
255637
255639
255641
255643
255642
255628
255627
261194
255625
255640
255644
255521
255522
255609
255635
255636
258025
255610
255608
255638
255607
255626
255584
255574
255559
255570
255575
255580
255581
255578
255630
255579
255576
255571
255533
255528
255530
255531
255532
255529
255540
255542
255551
255552
255555
255550
255549
255452
255453
255464
255536
255463
255537
255553
255556
255554
255631
261782
255632
255634
261787
255633
255665
255675
255668
261441
261442
255670
262287
262288
262290
262289
255669
255671
255672
255676
261791
255616
255617
255618
255647
255666
255673
255674
255612
255595
255592
255596
255594
255593
255614
255605
255606
255613
255590
255817
255713
255591
255611
248308
248388
248381
248380
248313
248312
248310
248309
255499
255460
255507
255506
255505
255508
255504
255461
255462
255500
255502
255501
255430
261193
255498
255465
256135
256136
256252
256237
256235
256236
256446
256239
256240
256246
256211
256212
256238
256245
256257
264310
256253
256254
256427
256426
256261
256431
256430
256432
256433
256444
256258
256256
256229
256436
256476
256449
256447
261873
256448
256466
263970
256465
256480
256513
256514
256477
256524
256484
256774
256775
256787
256790
256858
261184
261188
264259
256822
256826
256829
256844
256848
256849
256833
256850
256851
256868
256869
256881
256882
256883
256887
256896
256897
256895
256898
256908
261768
256909
257077
257079
256901
256905
256907
256903
256904
256893
261767
256906
259075
257512
257513
256894
257511
256857
256886
256855
256856
256891
256900
256902
256899
256890
256888
256889
256892
256884
256885
256839
256847
256852
256854
256853
256846
256845
256838
256867
256875
256866
256863
256831
256825
256824
256859
256860
256862
256865
256864
256834
256828
256832
256827
256830
256570
256571
256567
256556
256552
256551
256555
256557
256566
256546
256823
256486
256487
264000
256485
256538
259078
259079
256547
256525
256541
241924
264240
241925
256540
256539
256535
256518
256536
256542
256573
256574
256576
256568
256577
256584
256585
256590
256588
256589
256592
256591
256835
256593
256594
256843
261185
256842
256586
256587
256569
256563
256561
256558
256559
254902
254903
256560
256562
256575
256572
256519
256517
256515
256522
256523
256516
256543
256578
256579
256583
258872
256582
256595
256580
256581
256545
256544
256836
256837
256841
256840
255482
255473
255481
255474
256153
256154
256166
256178
256180
256183
256188
256191
256194
256193
256225
256182
256192
256176
256177
259214
256168
256160
256157
256147
256169
256171
256170
256146
256149
256148
256145
256144
256150
256189
256218
256220
256222
256221
256208
256210
256207
256209
256204
256203
255539
255548
255538
255480
255485
255486
256163
256164
256186
256187
256219
256185
256165
255488
255484
255479
255478
255477
255475
255476
255487
256205
256206
256217
256181
256179
256167
256161
256162
256159
256156
256158
256155
256151
256152
255483
256195
256199
256198
256200
256412
256413
256419
262227
256421
256422
256424
256425
256467
256468
256472
256473
256475
256470
256471
256441
256437
256435
256440
256439
256438
256457
256458
256459
256469
256481
256456
256414
256415
256452
256453
256451
256201
256450
256202
256416
256417
256423
256420
256428
256429
256418
256255
256230
256232
256233
256234
256227
256226
256231
256223
256224
256228
256197
256454
256455
256464
256759
256754
256760
261189
262284
256762
256761
256772
256776
256781
256783
256770
256768
256771
256769
256797
256798
256804
256802
256803
256799
256686
256918
256687
256912
256801
256685
256689
256688
256683
256676
256633
256635
256682
256626
256629
256630
256677
256634
256673
256672
256678
256679
256680
256674
256675
256681
256684
256795
256796
256612
256628
256613
256800
261183
256794
262285
256793
256764
256792
256757
256763
256756
256758
256750
256701
256700
256729
256734
256739
256738
256741
256978
256749
257198
257295
257297
257299
257298
257296
257294
257199
256992
256993
257301
261631
263998
256737
256975
256736
256735
256733
256702
256766
256765
256767
256753
256755
256482
256479
256463
256460
256462
256461
256752
261794
256751
256483
256773
256780
257416
257415
257455
257456
257458
257461
257464
258000
257991
257996
257992
257465
257496
264241
263415
264343
263416
264329
264328
261186
261187
257466
257467
257468
257494
257495
257469
257497
257498
257505
257499
257506
257508
257507
257504
261632
257489
257500
257488
257492
257501
257502
257503
257491
257493
257475
257490
257481
257482
257484
257483
257477
257474
257476
257479
257509
257453
257454
257478
257470
257473
257471
257460
257472
257485
257486
257487
257463
257462
257459
257457
257418
257542
240256
240257
257109
257543
257093
257108
257110
257111
257112
257550
257551
257152
257553
257555
257564
257151
257155
257330
257334
257335
257336
257337
257162
257163
257164
263476
257095
257096
257097
257148
257149
257156
257150
257104
257101
257103
257089
257106
257090
257086
257085
257087
257083
257080
257082
257078
257073
257075
257072
257074
257076
257071
257094
257069
257035
257036
257046
257068
257038
257045
261629
257041
257044
261776
257061
257056
257063
257067
257123
261777
257066
257125
257128
257132
257133
257135
257136
257153
257154
263999
257157
257134
257147
257144
257145
257146
257137
257120
257017
257022
257018
257021
261773
257138
261774
257140
257339
257141
257139
264188
257317
257321
257318
257320
257324
257319
257311
257312
264191
264189
264190
257314
257313
257315
257322
257323
257331
257332
257333
257338
257345
257350
257344
257327
257346
257347
257348
257342
257340
257341
257349
257325
257326
257308
257304
257305
257309
257310
257002
257303
257012
257001
257008
257011
257006
257007
240584
240585
257014
257126
256965
256966
257009
257116
257114
257115
257052
257050
257051
257053
257058
257043
257028
257030
256871
256872
261626
261627
257027
257039
257040
261775
257054
257042
257032
257033
256879
256873
256878
256874
257031
257023
257024
257025
257026
256964
256960
256959
256963
256962
256961
256944
256942
256943
256945
256947
256948
256950
256985
256984
256986
256987
256988
256994
256995
256996
256998
256997
256991
257300
256982
256979
256974
256976
256969
256968
256938
256970
256971
256939
256940
256931
256929
256914
256920
256930
256913
256919
256925
256927
256924
256926
256932
256933
256934
256935
256915
256921
256809
256807
256808
256812
259081
256819
256818
256820
256806
256805
256870
256821
256791
256817
256779
256777
256778
256784
256811
261205
256785
256786
256789
256815
256814
256788
256816
256810
256813
256782
256928
256937
256936
256967
256973
256977
256989
256990
256953
257003
257004
261628
257005
264001
256941
256972
256983
256980
256981
256951
256946
256923
256922
256954
256955
256956
256949
256957
256958
256952
257048
257049
257047
257010
257000
256999
257302
257306
257013
257015
257016
257019
257020
257316
257117
257118
257119
257121
257122
257130
257059
257060
257127
257129
257143
257142
257131
257124
257057
257055
257034
256861
256877
256876
256880
257037
257070
256910
256911
257084
257531
257536
257541
257535
257533
257534
257530
257532
257540
261769
257547
257548
257546
257558
261288
261443
261444
257544
257549
257522
257561
257562
257559
257560
257526
257527
257529
261203
257563
257523
257528
257524
257525
257521
259066
257519
257517
257520
257518
257545
257516
257514
257515
257539
258158
258263
258269
258299
258505
257538
257556
257557
261770
261771
257554
261772
257081
257102
257105
257088
257100
257099
257098
257065
257064
257062
257552
257113
257107
257091
257092
257537
257261
257328
257329
259161
259162
257262
257264
257288
257290
257289
257292
261630
257265
257263
257266
257267
253642
253653
259239
259238
260206
259395
259396
260207
260208
260204
260205
264345
261202
253643
253645
253656
256190
256175
256174
256172
256173
261190
256608
256609
256610
256611
256604
256607
256599
256600
260233
260230
260231
256596
256598
256603
256597
260232
260210
260227
260225
260217
260218
260226
263880
260209
256602
256601
256605
256614
256615
256618
261795
256617
256622
256619
256661
261624
256621
256636
256620
256662
262221
256606
262223
262225
263409
262224
262226
263426
262222
260238
260229
260220
259960
259961
259970
259972
260015
260216
260215
260213
259974
260211
260212
259965
259975
260016
260014
260214
260221
260222
260224
260228
260246
260292
263787
260245
260244
260223
260236
260237
260219
256616
256623
256625
256624
256627
134146
134147
253700
253685
253687
253688
253644
253647
253646
253649
253648
253686
253641
253613
253614
253639
253612
253616
253611
253609
253638
253607
253627
253640
253625
253624
253593
253606
253592
253591
253604
253602
253603
253605
253608
253610
249083
255104
259205
256708
256709
256671
256728
261778
256740
256730
256731
256732
256727
256724
256694
256696
256693
256695
256698
256697
256691
256669
256663
256668
256664
256665
256666
256670
256699
256726
256667
249084
256643
256631
256647
256642
256639
256641
256640
256632
256648
256637
256649
256706
257190
256721
256722
256723
256720
256719
256718
264055
256716
256717
256707
256638
261625
263806
260248
256744
256745
257192
257194
257195
257207
257210
257253
257255
257252
257209
257254
256746
256747
257196
257197
257208
257205
257206
257183
257258
257247
257257
257240
257237
257239
257245
257244
257238
257241
257236
257242
257243
257259
257283
257287
261179
257286
257281
257282
257256
257260
257251
257250
257249
257203
257201
257246
257202
257200
257204
257235
263410
257233
257232
257214
257222
257220
257218
257219
257215
257217
257234
257221
257248
257216
257184
