3487
31456
31457
31477
31478
31481
31562
31567
31480
31584
31559
31571
31566
31551
31550
31469
31464
31472
31473
31470
31563
31565
31605
31606
31607
31597
31601
31602
31648
31590
31589
31585
31586
31588
31594
31587
31568
31569
31564
31528
31529
31560
31561
31479
31649
31658
31663
32229
32232
34742
34740
32228
32233
32226
32227
31661
31662
31310
31408
31409
31411
31431
31426
31427
31429
31430
31428
31410
31415
31414
31421
31420
31422
31423
31424
31425
31419
31432
31417
31418
31416
31398
31413
31412
31396
31397
31401
31399
31402
31400
31406
31407
31405
31547
31548
31553
31556
31558
31557
31570
31575
31581
31580
31572
31573
31574
31576
31578
31579
31577
31403
31311
31404
31582
32156
31583
31591
32171
32173
32175
32172
32174
35041
32176
32177
31592
31593
32178
32179
31549
31468
31467
31471
31465
31466
22351
22352
27217
27435
27737
31112
31113
31111
31114
31124
31125
31122
31126
31123
31121
31130
31127
29640
29641
31450
31454
31128
31129
31449
31453
34812
34810
34813
31452
31455
31475
31476
31474
31461
31462
31463
31448
31446
31442
31444
31443
31458
31441
31459
31460
31275
31309
31276
35215
31270
31274
31271
31434
31433
31437
31104
31436
34335
31102
31103
31106
31438
31101
22354
31100
31098
31017
31018
31019
31099
31016
31011
31012
31013
31014
31015
30999
31003
30232
34300
30233
31445
31447
31451
31439
31440
29749
29440
29753
29441
29746
29628
34009
29629
29747
34749
35213
35212
29444
29442
29447
29443
29445
33172
34217
34188
29626
29627
29707
29708
31120
31118
31117
31116
31080
31058
31059
31057
31079
31115
31119
31110
31107
31109
31108
22492
22493
27763
22353
31167
31168
31169
31096
31097
30077
30079
30078
6565
22194
30199
30200
30174
30170
30156
6566
30208
30189
30188
30129
30153
30155
30154
30159
30171
34329
30161
30160
30167
30168
30165
30163
30164
30158
30166
30114
30162
30175
30179
30190
30180
30181
30191
30178
30176
30182
30187
30183
35346
30184
31228
31313
31318
31333
31332
31232
31224
31231
31223
31222
30116
30119
30115
30117
31215
30118
34569
34571
34573
34572
34570
31193
30092
30093
34715
31191
31192
30090
30970
30969
29834
29837
30966
29838
34019
29835
29833
30967
30968
30973
30982
34814
31199
31205
31206
31207
31208
30972
30977
30959
30958
30957
30971
30956
30974
30975
30976
30979
30980
30981
31005
31006
31200
31201
31204
31202
31211
31203
30990
24003
24002
24007
35450
24008
29621
29624
31010
34862
31260
33340
31020
31021
31266
31268
31267
31269
31264
31009
30960
30962
30963
30987
30992
30991
35270
30961
30964
30965
30978
29836
29842
29844
29847
29843
29846
29845
30086
30088
30089
34328
30091
30087
30094
30095
30083
30085
30084
30097
30098
29729
29728
29736
34492
34493
29731
35427
32936
34861
34345
29730
30082
30061
30062
30103
30104
30107
30106
30080
30081
30105
30128
30099
30109
30112
30110
30100
30096
31218
31217
31220
31221
34333
31209
31210
31213
31214
31235
31252
31196
31197
31198
31277
31280
31281
31289
31008
31007
31291
31292
31382
31390
31383
31392
31395
31393
31394
34028
31343
31375
31377
31373
31376
31371
31374
31372
31352
31330
31331
31219
31327
31326
31319
31320
31325
31322
31324
31328
35408
31323
31316
30185
31216
30186
31314
31317
34436
34435
29829
31353
29830
18470
18469
31329
31337
31334
29828
31338
31335
31336
31339
31341
31342
31345
31344
31340
31386
31388
31389
31391
31384
31301
31385
31303
31308
31302
31297
31306
17277
17295
29737
31305
31307
17278
31304
31259
31287
31285
31288
34334
31258
31286
31253
31254
31255
31240
31245
31241
31250
31251
31244
31242
31243
31246
34613
31247
31249
31248
31263
31272
31273
31262
31261
31265
31295
31294
31296
31284
31299
31298
31283
31300
31293
31387
31290
31282
31279
31278
31257
31256
31237
31238
31239
29823
29824
31236
31212
31233
31234
31321
31315
31312
31227
31225
31226
30177
29826
29827
30122
30120
30121
30113
30150
30152
30108
30157
30151
30127
25060
25061
29697
29698
29699
29701
29700
29977
35181
35184
35183
29688
29702
29713
29712
29711
29714
35014
35015
35016
29690
29691
29693
29692
29694
29695
29696
29715
29718
28718
35011
35012
35013
28716
28717
29706
35375
35374
11160
29777
35010
11159
29822
34017
12964
34010
34013
29831
29832
34014
34012
30058
30905
30906
29779
14337
24029
29780
27437
27438
14338
29656
34927
27440
29784
29741
29742
29783
29738
29739
34136
27615
27609
30239
31194
34134
34237
30276
30240
30238
30237
34869
34874
34873
34875
34868
34872
34866
34867
34864
34871
34863
34870
30071
29820
29973
30063
30064
30068
29966
29979
29981
29980
29982
29978
29971
29972
29974
29975
29976
29963
30006
30007
30008
30012
29996
29995
29959
29960
29947
29951
29923
34346
34015
29922
29945
29949
29948
29890
29895
29904
29893
29894
29903
29888
29886
29887
29858
29856
29918
29857
34860
29889
29859
29919
29910
29921
29926
29931
29932
29953
29955
29954
29928
29952
29929
29927
29908
29909
29914
29933
29956
29957
29964
29967
29968
29969
29970
29716
29722
29720
29724
29721
29934
29937
29940
29717
29719
34577
29723
34758
29725
29906
29930
29950
29905
29958
29962
29997
29961
29942
29943
29965
29786
29807
30059
30060
29935
29944
29941
29938
29939
29936
29819
29817
29818
29811
29813
29812
29806
29654
29655
29805
33325
29804
25154
29789
34415
34416
34417
34135
29710
29709
23332
23998
34282
35353
34281
34283
24435
35354
24434
33266
23333
35195
27618
32942
34235
34284
27617
23329
23331
23330
35291
35289
35290
24701
25021
24702
35288
23302
34419
29816
23301
24449
24450
23293
29775
23294
29808
29650
29815
29785
29788
27552
29787
28955
34876
28946
28947
34865
34877
30247
27591
27592
27616
27551
13828
13827
27439
30273
34925
29778
29790
29791
29781
34251
29782
34011
12963
29825
29821
11189
29809
29814
29810
30011
30130
30169
23427
30126
30131
30125
23428
30076
30075
29771
30065
30066
30067
30013
30014
34016
30023
29770
30074
30069
30070
30072
30073
14492
14502
14493
34973
15183
15240
15241
15252
15253
15256
15255
15516
15459
15457
15456
15455
15199
15203
15201
15197
15196
15198
15251
15184
15182
15194
15176
15177
15178
15175
15173
15174
15170
15172
15171
15187
15185
15188
15193
15192
15190
15180
15179
15200
15189
15195
15191
15205
15254
15204
15202
15239
15242
15181
15238
15216
15217
15515
15517
15519
15518
15521
15520
15533
15151
15152
15156
15157
15166
15168
15186
15167
15169
15441
15440
15445
15466
15467
15535
15536
15442
15154
15155
15160
15161
15162
15165
15439
15458
15460
15534
14496
14495
14501
14494
14522
14520
14523
14525
14806
14803
14804
14802
14805
14810
14801
14799
14798
14791
14792
14793
14794
14796
14797
14864
34245
34244
14818
14823
14876
14879
14882
15013
15016
15020
15024
15122
15123
15124
15126
14940
14941
15132
15133
15137
15139
15140
15134
15135
15136
15131
14939
14929
14927
14889
14926
14887
14888
14928
15125
15026
15127
15128
15025
15129
15130
15141
15142
15146
15147
15148
15149
15143
15083
15206
15215
15208
15041
15082
15085
15207
15209
15097
15089
15096
19046
15095
15091
15098
15092
15100
15210
15211
15099
15113
15114
15112
15118
15119
15120
17517
17518
15117
15109
15108
15106
15072
15073
15103
15105
15104
15071
15079
15063
15078
15081
15093
15075
15080
15074
15052
15050
15051
15059
15058
15060
15056
15057
15055
15054
15011
15009
15008
15004
15028
15030
15032
15039
15034
15033
15027
15000
15003
15007
15005
15006
15010
15031
15077
15062
15076
15061
15068
15067
15069
15070
15101
15121
15116
15115
15107
15102
15111
15110
15094
15090
15088
15087
15086
15084
15040
15036
15037
15042
15038
15035
15138
15145
34246
15023
15022
15021
15019
15014
15015
14986
14985
14975
14973
14984
14971
14970
14825
14982
14826
14824
14819
14817
14821
14820
14822
14809
14530
14531
14808
14529
14527
14532
14630
14631
14637
14992
14993
14989
14994
14995
14999
15001
14991
14996
14990
14657
14656
14652
14649
14650
14636
14628
14633
14629
14626
14624
14623
14514
14512
14515
14505
14509
14510
14513
14583
14585
14588
14589
14610
14639
14646
14648
14655
14654
14737
15044
15046
15045
15049
15053
14640
14638
14584
14587
14582
14581
14528
14586
14590
14641
14647
14653
14998
15043
14997
14651
14980
14981
14987
14979
14974
14635
14634
14627
14625
14516
14524
14526
14632
14972
14978
14988
15002
15029
34725
15018
15017
15012
14983
14878
14881
14880
14883
14875
14868
14870
14872
14869
14866
14867
14856
14858
14857
14874
14841
14877
14873
14871
14816
14837
14836
14865
34559
14839
14840
14795
14812
14811
14813
14814
14815
14800
14790
14521
14519
14517
14518
14739
14738
15144
15229
14580
14360
19066
19064
14362
19097
15559
15560
19099
15686
15709
15682
15685
35130
15687
15688
15703
15702
15700
15701
15617
15681
15626
15625
15679
35129
15675
15678
15677
15676
15670
15662
15669
15671
15672
15674
15680
15665
15582
15659
15658
15656
15657
15622
15514
15613
15618
15621
15624
15623
15611
15503
15598
15599
15512
15507
15610
15504
15502
15505
15508
15499
15509
15511
15574
15566
15575
15576
15565
15569
15568
15564
15563
15537
15538
15570
15571
15572
15573
15584
15587
15586
15497
15496
15494
15493
15488
15461
15465
15464
15486
15490
15491
15444
15454
15451
15452
15492
34726
15484
15483
15485
15443
15435
15453
15471
15472
15473
15475
15480
15593
15479
15592
15476
15478
15477
15482
15481
15489
15474
15330
15328
15329
15327
15325
15326
15321
15319
15311
15323
15304
15470
15305
15320
15322
15463
35241
15462
15469
35101
15468
15312
15447
15446
15449
34584
15448
15450
15308
15307
15324
15432
15434
34727
15433
15487
15500
15510
15498
15495
15501
15506
15513
15577
15578
15579
15581
34971
15580
15583
15666
15667
15589
15590
15591
15585
15660
15673
15661
15616
16072
15594
15612
15614
15615
15668
15683
15684
19074
14361
15588
15164
15431
15706
15710
19117
15707
19118
19138
34542
19127
19103
19104
19125
19111
19114
19115
19154
19116
19126
19065
19075
19069
19102
19070
34059
34061
34062
34060
19067
19068
7528
7529
14964
15295
34583
14963
14959
14960
14962
15299
15309
15310
15297
14965
14969
14968
15300
14967
15301
15298
15159
15163
15436
15438
15437
15158
14966
15153
14961
15296
9381
9382
14956
14957
15288
20611
15290
9569
9725
10200
34582
15303
9570
15302
15292
15293
15289
15294
14899
14900
14953
14898
14946
34479
14945
14922
14949
14950
14955
15287
14954
14944
15150
7595
7596
7598
7597
14897
7605
7606
14942
7428
7449
7450
7452
7455
7456
34194
7454
7464
7500
7519
7537
7539
7540
7543
14761
14786
14787
14827
35400
14763
14828
14831
7574
7576
14767
14766
14845
14847
14914
14918
14901
14906
14920
14902
14923
14933
14924
14925
14932
14936
14947
14948
14934
14935
14938
14937
14943
14958
14951
14952
14930
14931
14919
14913
14846
14905
14909
14908
14910
14916
14917
14921
14915
14904
14903
14907
14896
14894
14895
14893
14891
14890
14892
7581
7584
7560
7561
7557
7530
7555
34657
7525
34656
7518
7501
7502
7498
7496
7494
7466
7467
7462
7460
7461
7465
7495
7524
7520
7521
7527
7556
7570
7569
7572
7571
7580
14768
7594
14764
14765
14830
14832
14849
14834
14838
14854
14861
14911
14860
14852
14851
14843
14844
14850
14848
14863
14912
14862
14885
14884
14886
14859
14853
14855
14835
14833
34077
34585
34078
34561
34560
14842
14829
7579
7575
7573
14788
14777
14773
14772
14769
14759
14758
14429
14426
14428
14427
14425
7478
7479
7475
7481
7531
7532
7533
7534
7482
7480
7483
7535
14487
14771
14762
14760
7536
7542
7541
7538
7526
7503
7499
7497
7463
7471
7472
7473
7474
11778
24643
11779
15237
15232
15235
15270
15278
15280
15269
15268
15266
15265
15267
15271
15272
15273
15276
15548
15553
15551
15561
15558
15554
15557
15552
15281
15547
15549
15562
15546
15545
15542
15532
15529
15527
15522
15523
15526
15262
15261
15260
15248
15257
15258
15244
15246
15247
15250
15243
15227
15245
15231
15226
15230
15212
15213
15214
19071
15222
15228
15218
15219
15221
15225
15220
15223
15224
15259
15528
15531
15530
15539
15540
15543
15541
15544
15275
15274
15263
15264
15249
15279
15234
15233
15236
17658
34544
17671
17676
17683
17684
19055
19054
17681
17674
17675
17685
17687
19042
19043
19044
19049
34517
34519
34518
34521
34520
34557
34556
19048
19051
35073
35112
19050
19062
19063
19072
19073
19061
19082
19085
19084
19086
19107
19108
19109
19112
19113
19150
19151
19152
19148
19149
19153
19110
34068
19166
19167
19170
19172
19171
19175
19352
19169
19173
19160
19168
19158
19163
19164
19159
19105
19106
19080
19083
19087
19088
19094
19093
19090
19092
19089
19091
19081
19077
19076
19058
19057
19059
19079
19078
19060
19047
17682
15282
15555
15556
19045
19041
19040
15277
17677
17672
17679
17678
17673
17688
17680
17686
19052
19056
19053
17660
17659
17657
7393
7397
7804
7802
7382
7383
7385
7384
7590
7589
7601
7603
7604
7600
7602
8535
8536
8538
7396
8534
13429
8533
8546
8547
8548
7395
8537
7611
7610
7608
7607
7609
7394
7599
8539
8540
7342
6985
6986
6988
7177
7174
7159
7173
7160
6987
7163
7165
7166
7164
7167
7178
7179
7283
7284
7286
34196
7279
7285
7289
7287
7292
7339
7338
7372
7373
7378
7368
7371
7369
7356
7367
7370
7375
7374
7343
7274
7262
7263
7276
7282
7273
7275
7272
7265
7271
7266
13516
7180
34545
7176
7175
7172
7153
7280
7281
7293
7301
7302
7337
7305
7306
7307
7298
7299
7300
7192
7227
7232
7234
7251
7249
7233
7231
7228
7236
7243
7241
7242
7240
7235
7239
7354
7238
34947
34948
7237
7181
7184
6769
6770
6786
6785
7206
7212
7213
7613
7614
7615
7623
34630
7624
7646
7628
7629
7626
7627
34195
7622
7215
7617
7616
7214
7209
7210
7211
34631
7618
7620
7619
7621
7223
7630
7636
7637
7645
7224
7631
7219
7216
7218
7196
7197
7199
7198
7202
7221
7632
7222
7633
7220
7200
7201
7203
7204
7230
7244
7247
7248
7679
7678
7246
7245
7673
7674
7252
7680
7250
7229
7226
7225
7193
7154
7186
7190
7191
7187
35087
7152
7150
7188
7189
7217
7185
7208
7207
7182
7183
7205
34938
6590
6644
6645
6647
6650
6665
6666
6668
6667
6669
6671
35269
6670
6672
6673
6674
6675
6700
6643
6593
6595
6625
6685
6691
6688
7113
7114
7115
7135
7136
7138
7141
7142
7143
34635
34633
34634
7151
6973
34144
7144
7145
7149
6974
7137
6763
7140
6715
6712
6713
6761
6764
34326
34264
6762
34118
6768
6755
6753
6757
6758
6704
6703
6697
6696
6750
6702
6683
6682
6692
6681
6679
6684
6677
6678
6651
6648
6649
6714
6695
6693
6694
6709
6706
6698
6705
6699
6708
6707
6710
7131
7130
7139
7122
7119
6711
34636
7111
7118
7112
7116
7117
6942
6943
6945
6944
7109
7110
6941
6619
32613
6629
6630
6632
35086
6631
6626
6627
6620
6624
6686
6628
6687
6621
6680
6618
6607
6615
6594
6603
6606
6608
6611
6609
32036
32035
6610
6604
6605
6612
6543
6914
34080
6913
6925
6926
6927
6928
6946
6949
6950
6951
6953
6952
6930
6924
6923
6911
32077
32078
32080
6898
32084
32081
32083
6897
6899
6912
34974
6900
32073
32074
32075
34299
32079
6910
6613
34978
19031
6544
32028
32029
32031
32051
32076
32082
32070
32071
32072
6614
34716
35084
35085
34792
34793
6940
6937
6938
35472
6934
6936
6935
6939
6947
6948
7120
7121
7123
34637
7129
7132
7134
7147
7146
7133
7124
7125
6958
6954
6955
7126
7128
7148
7168
7169
7171
7161
7162
7170
7157
7127
6563
6569
6575
6576
6598
6599
6600
6602
34612
6601
6573
6597
6596
6570
6572
6571
6568
6567
17329
14221
14222
34704
35188
35189
20168
20167
22741
22855
22722
32000
35298
35187
32003
32004
32005
32030
32007
29911
29872
29871
34427
34434
34433
29913
34429
34430
29917
34587
29916
34977
29920
34424
34426
29915
34432
29841
29912
23165
23166
19902
19903
34268
34431
32032
32033
32034
32027
32015
32016
32009
31982
30195
30196
30197
30203
30204
32006
32008
31983
32014
17328
17354
17443
17353
34717
17359
7407
7408
18152
34976
34975
34616
34617
18155
34703
18154
34706
34428
18140
18141
31999
22723
31230
30201
30202
30149
30147
30148
30198
30194
30193
30192
30173
30132
30133
30142
30143
30134
30172
30144
25244
25245
30145
31229
6901
35083
6902
6915
6903
6904
6916
6905
6906
14475
32097
14474
6920
6919
34271
6909
32096
32095
32094
32093
32091
32089
32090
32088
32130
32131
32133
32135
34658
34659
32136
32107
32108
32139
34738
34739
34737
32138
32149
32150
34729
34347
34818
34348
34728
32152
32151
32169
32194
32195
32163
32161
32162
32159
32158
32155
32154
32157
34046
32164
32170
32183
35000
32185
32189
32190
32182
32192
32224
32230
32252
32231
32225
32191
32180
32181
32188
32186
27660
27661
32213
32214
32215
32217
32218
32220
32219
32212
32216
32211
32210
32200
32201
35040
6997
32204
32203
32209
32199
32206
32205
34047
32167
32197
32198
6995
6996
6998
34735
34736
34734
34733
6999
7001
7015
34820
7000
32208
32187
27659
32202
32184
32165
32207
32117
32118
32128
32160
32166
32168
32196
32129
32193
32122
32123
32109
32120
32121
32127
32126
32112
32119
32103
32111
32104
32110
32124
32125
34730
32113
32114
32115
32116
32137
32147
32148
32145
32144
32143
32141
32140
6963
6962
35216
6966
6964
6965
32146
32153
32105
32106
32132
32134
32142
32100
32102
32101
34048
32068
32066
32067
32085
32086
32065
32069
32092
32087
6907
6908
6960
6961
6969
6970
6975
6976
6983
6981
6982
34081
34084
34085
34087
34660
34086
6990
6933
6967
6968
6971
6972
6931
6932
6957
6979
6956
6977
6984
6980
7158
6978
6929
6959
6917
6918
6921
6922
22196
22195
30206
30207
30217
30218
32019
32022
32025
35191
35190
35192
32024
32049
32050
32052
32018
32023
32010
32012
32011
32013
32017
32021
30223
32026
32020
32037
32039
32043
32045
32048
32053
32047
32046
31368
32040
31362
31363
31367
31351
31355
31364
31360
29925
29924
31365
31358
31361
31357
31354
31356
31359
31350
31349
30220
30219
30214
30212
30215
30211
31346
31347
30209
30210
30216
31348
31366
31370
31369
32044
32042
32041
32038
30221
30222
30224
30225
30213
30205
31378
32098
32099
31380
32062
32061
32059
32060
32063
32064
32057
32055
32056
32054
32058
31381
31379
6527
6531
6533
6537
6536
6535
6539
6538
30101
30111
30102
227112
227110
227097
227114
227090
6534
24087
24088
31981
34889
31980
31979
31978
31974
31975
31976
31961
31965
31966
31986
31987
31988
27627
31990
31991
34890
31992
22913
35273
30146
30141
30136
30140
30139
30137
34306
29649
29653
34421
34680
30049
30057
31985
30138
30056
30055
31950
31951
31953
31954
31952
31963
31960
31946
31945
31942
31941
31943
31944
31940
30039
30033
30031
30032
30029
30228
30030
30038
30036
30037
30045
30050
30053
30044
30042
30043
30046
30027
30048
30026
30028
30025
30123
30024
30019
30016
30018
30017
34117
30021
30022
30020
30035
30005
30004
29999
30003
30010
30009
30015
30041
30034
30040
30054
31948
27243
22915
31984
34621
34620
27239
22916
33403
33483
27244
27629
35272
35198
35362
18813
18814
31949
30051
30052
30047
18476
6591
30124
6592
31977
22914
34224
27628
31955
31964
31959
31956
31957
31947
31958
31972
31969
31971
31970
31973
34891
31962
16881
16880
35175
31996
34270
17129
25817
25818
34266
34269
17130
17165
17166
33328
33329
33341
17178
17179
17193
34089
16882
17200
17197
17199
17198
17194
35186
30135
34267
16983
16982
17124
17069
17127
17128
6542
31997
31989
31993
31994
31995
31998
6541
6551
6552
6561
6560
6553
6557
6562
6564
6578
6579
6582
6586
6587
6583
6584
6585
6641
6635
6633
6634
6640
6638
6637
6639
6636
6580
6540
6577
6554
6555
6556
6581
6558
6559
6550
6545
6546
6547
6548
6549
6530
6532
6528
6529
31967
6642
6646
34679
6989
7264
7267
7268
7269
7270
7278
7277
7304
7319
7321
7323
7331
7335
7328
7332
7334
7333
7505
7317
7491
7492
7493
7504
7506
7489
7488
7459
7490
7486
7487
7448
7445
7446
7447
7458
7444
7443
7425
7426
7078
34191
7073
7424
7427
7416
7423
7415
7061
7414
7057
7053
7058
7048
7067
7069
7071
7075
7091
7103
7104
7313
7324
7325
7314
7315
7107
7108
7106
7312
7105
7092
7090
7088
7310
7318
7098
7309
7097
7096
7099
7101
7308
34595
34615
34575
7102
7100
7095
7084
7094
7066
7064
7065
7083
7074
7051
7049
7045
7044
7027
7043
7026
7029
7035
7036
7030
7037
7028
7032
7063
7033
7034
7085
7086
7087
7093
7089
7076
7072
7068
7070
7050
7047
7046
7059
7062
7060
7077
7457
7316
7329
7327
7326
7330
7322
7320
7311
7303
13432
13430
7016
7017
34614
13431
13433
7080
7081
7082
7297
7023
7022
7079
7018
7012
34079
7011
7021
7019
7296
7295
7020
7156
7155
7013
7014
7507
7508
7509
7510
7516
7517
7547
7513
7523
7522
7514
7515
7511
7512
7009
34732
34731
7010
7336
7345
7348
7349
7563
7566
7585
7586
7588
7550
7544
7545
7546
7548
7549
7551
7552
7553
7554
7558
7559
7565
7562
7564
7341
7344
7347
7340
7346
7567
7568
7587
7578
7577
7591
7593
7592
14472
14480
14482
15066
14504
14491
14507
14490
14498
14488
14776
14500
14784
14778
14782
14783
14779
14789
14781
34899
14780
14785
14497
14499
14489
14770
34397
14485
6991
32221
32222
32223
32258
32257
32256
32260
32259
32261
32262
32264
32265
9314
9315
32263
9321
32254
32255
9350
9320
9349
6994
7003
7008
7006
7025
6993
7007
7002
7004
7031
7024
7005
34662
34661
34663
6992
