4001
69020
78664
78661
78663
71259
78662
71233
71242
71232
71236
71234
71235
71223
71225
71224
71237
77308
77315
77316
77379
76582
76583
77798
78660
71241
71333
71260
71353
71261
71334
71336
71335
71352
71339
71332
71329
71240
71328
71227
71226
71323
71221
71322
71300
71311
71310
71299
71066
71296
71295
71061
71063
71064
71065
71072
71073
71220
71222
77304
71074
71238
71239
71231
71229
71219
76479
71230
71211
71228
71215
71216
71217
71051
78057
78058
71218
71204
71202
71200
71203
71209
71208
71201
71199
71212
71196
71195
71198
71213
71210
71214
69021
71068
71071
64468
64506
64554
64559
64568
64569
64570
70780
64567
70793
70796
76478
71059
71060
64578
64580
71037
71050
71016
71052
71017
76631
71049
71053
71055
71054
71021
71062
71067
71069
71070
71019
71018
71020
71047
71048
60914
60915
66919
67397
67396
67388
67389
67376
67377
78957
67375
67379
67378
67341
67339
67340
67338
67336
67333
67332
67335
67321
67334
67367
67368
67374
67390
67320
67319
66934
66923
66924
67318
67322
67323
67324
67325
67326
67327
67328
67329
67330
70858
70863
70870
70876
70877
70878
70911
70913
76910
76916
70912
70917
70919
70916
70915
70914
70881
70882
70883
70869
70880
77087
70733
70868
70887
70897
70885
70888
70900
70902
70905
70937
70938
70941
70940
70939
70935
70929
70934
70921
70933
71086
71085
70954
70955
71084
71087
71088
71095
71078
71077
71076
71082
71083
71094
71091
71092
71093
71090
67526
67523
67569
71137
71139
71138
67570
67524
67525
71079
71080
71081
70924
70925
70927
70926
76245
67399
70922
76909
70923
67514
71075
67515
67517
67516
70931
70928
70932
70920
70930
70936
70910
70942
70945
70949
70947
70951
70948
71024
71025
71027
71029
71028
71026
71031
71043
71046
71034
71045
71044
71197
71194
71032
71033
71036
76630
71035
64579
71038
70997
71030
70995
70994
70987
70988
70992
70982
70996
70998
71009
71010
71013
71014
71015
71005
71002
71004
71006
71003
70779
70973
70975
70977
70999
71000
71001
70974
70976
70979
70980
70972
70775
70776
70966
70967
70986
70774
70968
70969
70970
70772
70769
70770
70768
70771
70761
70765
70764
70766
70760
64566
70762
70767
70773
70777
70778
71008
71007
70978
70981
70971
70984
70991
70993
70990
70985
70989
70908
70906
70907
70895
70896
70983
70893
70752
70750
70753
70749
70748
70747
70741
70738
70740
70736
70699
70737
70734
77088
70695
70692
70693
64545
70696
70697
76570
64549
70698
70701
70759
70754
70755
70756
70763
64563
64565
64564
64550
64548
64535
64553
64498
64505
64496
64478
64471
64495
64499
64497
64529
64530
64531
64533
64546
64494
64528
64527
64526
64525
64536
64537
64540
64541
64552
64542
64538
64539
64523
64524
64522
64521
64520
64519
64487
64488
64489
64484
64486
64492
64485
64483
64480
64482
64479
64476
64473
64472
64474
64469
64464
64463
64465
64462
64456
64457
64466
64475
64477
64481
64491
64490
64493
64532
64534
64551
64547
64543
64544
70694
70700
70739
70892
70894
70890
70745
70751
70746
76633
70743
70730
70735
70742
77825
70731
70729
70728
70727
70720
70724
70725
70860
70866
70862
70874
70872
70873
70861
70723
70722
70715
70704
70714
70716
70717
70712
70709
70710
70711
70713
70691
64518
77739
64517
64516
64514
64512
64513
64515
70707
70705
76476
70703
70708
70706
70702
66921
66920
66927
66928
66932
66933
76596
66935
66930
66931
66929
66918
66915
66916
76979
66914
70718
70719
70726
70946
70943
70944
70903
70904
70899
70901
70909
70891
70889
70886
70744
70732
70867
70884
70898
70918
70879
70875
67381
67382
67383
70871
70864
70865
70859
70721
66917
66922
66925
66926
67331
67337
67371
67369
67370
67380
67391
67394
67395
67513
67398
71089
64470
64459
64460
64461
64467
71262
71263
78175
76634
71454
71495
71497
71461
71463
71464
71498
71499
71500
71504
67372
67373
67387
67393
76992
76991
71267
71456
71455
71462
71268
71057
71011
71012
71056
71022
71023
71058
71269
70950
70959
70961
70964
70965
71039
76629
71040
71187
71041
71190
71042
71118
71188
71189
71120
71191
71122
71192
71193
71205
71206
71136
71134
71166
71132
71130
71131
71128
71158
71155
71159
71161
71162
71160
71149
71156
71144
71143
71146
71099
71097
71096
71124
71127
71113
71125
71110
71108
71109
71112
71116
71114
71111
71105
71103
71102
71100
71101
71107
71104
71106
71123
71142
71148
71147
71140
71141
71157
71145
71098
71129
71126
71121
71135
71133
71119
71117
71115
70962
70960
70963
70958
70952
70953
70956
70957
71163
71165
71173
78810
71174
71179
71180
71176
71175
71169
71170
71172
71243
71244
71207
71168
71171
71178
71164
71167
76632
77089
61221
61222
60634
60635
58142
61287
61285
61288
61303
61313
61295
61314
61341
61346
61348
61350
61351
61352
61345
61354
61355
61357
61410
61356
61358
61359
61342
61343
61344
61349
61347
61315
61311
61317
61312
61309
77915
77916
76544
60642
77918
77917
77919
77914
77920
60639
61300
61301
61305
61307
61304
60640
60641
60637
60638
60630
60643
60633
61362
60656
61360
61361
60655
60653
60654
60652
60650
60651
58165
60644
60646
61306
60906
61310
61308
61316
61340
61353
61297
61329
61330
61338
61339
61407
61335
61336
61278
61276
61250
61248
61249
61277
61408
61405
61406
61334
61333
61337
61328
61332
61326
61327
61324
61323
61223
61320
61319
61321
61293
61318
61217
61211
61290
61292
61281
61283
61296
61282
61210
61215
61216
61219
61209
61218
61220
61247
61322
61325
61331
61291
61298
61299
61289
61294
61302
61286
60631
60632
61284
60636
61279
61280
61376
60657
61375
62272
78205
58148
62254
62271
62253
62273
62255
62257
62256
62259
62258
62248
62251
62250
62252
62247
62245
62246
58149
60658
61374
61377
61378
61395
61372
61387
62268
62270
62269
61373
61384
61386
61392
78933
61399
61398
77128
61394
61393
60950
60951
61390
61388
61389
61385
61363
76530
61364
61381
61382
61400
61397
78934
61473
61476
61471
61413
61411
61472
61412
76555
61396
61391
61383
61370
61371
61365
61366
61368
61367
60659
60660
77122
77121
60649
60647
60648
60645
58161
58162
73139
73140
73137
78157
73138
61369
61567
61568
61574
61575
61579
61580
61725
61573
61724
61572
61570
61571
61583
61569
61582
61620
61619
61621
61617
61594
61595
61596
61618
61212
117356
61227
117350
117349
117354
117481
117483
117484
117482
117485
117487
117489
117490
117491
117409
117493
61251
61259
117494
61261
117495
61262
117451
117455
117468
118479
117470
117471
117476
117477
61531
61584
61587
61589
61592
61598
61599
61265
61266
61264
61593
61597
61590
61591
61588
61534
61533
61535
117548
117474
117545
117467
117466
117465
117544
117542
117543
117550
117553
117558
61554
61564
117552
117551
117554
117555
117556
117569
117557
117571
117572
117573
117532
117540
117541
117567
117531
117535
117538
117563
117564
117566
117565
117574
117570
61566
61562
117568
118319
118318
117536
117560
117561
117525
117528
117559
117277
117278
117276
117272
117275
118317
117274
117501
117503
117523
117505
118313
117506
117517
117534
117529
117516
117518
117520
117515
117507
117508
117513
117509
117504
117502
117440
117177
118316
117178
117439
117432
117441
117498
117500
117496
117499
117497
117273
117522
117524
117539
117526
117562
117527
117537
117530
117521
118461
117519
61563
117514
117549
117512
117546
117510
117511
117442
117436
117437
118475
117438
117462
117457
117447
117443
117444
117445
118476
117448
117452
117412
117406
117407
117396
117398
117408
117399
117397
117395
117390
117391
117340
117478
117339
117337
117388
117389
117387
117393
117385
117401
117400
117404
117403
117381
117382
117420
117423
117424
117422
117426
117428
117427
117434
117433
117425
117418
117419
117330
117383
117329
117331
117328
117384
117386
117336
117332
117333
117338
117334
117335
117345
117346
117351
117392
117394
117411
117405
117446
117402
117421
117429
117430
117435
118462
117464
117463
117460
117459
117458
61555
117461
61536
61537
61586
61268
61269
61585
61532
61530
61272
61274
117472
61273
61275
117475
117473
117469
117453
117454
117456
117449
117450
61267
61254
61253
61260
61263
76550
76551
76549
76548
76546
76547
61239
61256
61255
61257
61238
61235
61236
61237
61245
76552
61246
61258
61252
117492
117410
118315
61270
117486
117488
61271
117480
61231
61232
61242
61240
61244
61243
61226
61241
61228
61229
61230
61234
61233
61224
117479
117352
117353
117348
117347
117343
117344
117355
117051
61214
61225
61213
56859
56876
61762
61782
61780
61778
61765
61764
61763
61208
61207
62709
62710
61205
61206
61200
61198
61197
61177
61179
61704
61699
61705
61698
61697
61686
61684
61166
61175
61174
61173
61172
61170
61168
61167
61153
61151
61157
61107
61108
61160
61162
61161
61158
61156
61109
61110
61102
61101
61093
61095
61094
61096
61075
77538
61073
61074
61071
61072
61069
61085
61097
61098
61100
61086
61090
61082
61062
61077
61076
61155
61099
61149
61150
61143
61141
61138
61142
61144
61169
61193
61089
61152
61154
61171
61163
61165
61164
61159
61178
61176
61194
61201
61199
61761
56875
56860
61103
61104
61545
61679
61681
61687
61692
61691
61709
61710
61713
61767
61768
61775
61792
61795
63516
63523
63526
63527
63528
63549
63565
63566
63543
63567
63544
63542
63541
63539
63540
78270
63524
63529
63530
63531
63538
78275
63537
63512
62711
63511
63548
63545
63546
78819
61823
61820
63518
63519
61824
63525
63520
63522
63521
63514
63513
63515
61787
61783
61786
61784
61785
61790
61789
61781
61779
61773
61770
61771
61766
61711
61712
61774
61788
63517
61796
61794
61793
61776
61800
61791
61777
61772
61769
61707
61688
61701
61703
61702
61700
61706
61708
61714
61734
61797
61743
61744
61798
61799
61807
61808
61809
61822
61825
63557
63559
63561
63573
63574
63576
63578
63600
63601
63607
63662
63741
63602
76423
63742
63754
63786
63788
63791
63799
63805
63806
64110
63800
63792
63801
63793
63794
63795
63790
63789
63787
63752
63753
63764
63763
63762
63760
63761
63765
63796
63766
63767
63797
63798
63810
63809
63746
63747
63757
78604
63656
63658
63638
63637
63621
63635
63636
63622
63664
63661
63659
63663
63660
63665
63743
63745
63744
63633
63657
63634
63630
63631
63616
63613
63612
63618
63617
63611
61888
61892
61895
63619
63624
63625
63626
63620
63627
61898
63623
61897
61894
61922
61923
61924
63639
63640
63642
63641
61926
61925
61919
61918
61908
61921
63649
63650
63651
63648
63643
63647
63655
63646
63654
63644
63645
61890
63759
61920
61899
61903
61905
61901
61902
61904
76904
61906
61900
77113
72936
77119
77117
77118
77115
77116
61877
61852
61853
61875
61857
61874
61854
61855
61856
77114
78172
61846
61841
61638
61835
61834
61836
61838
61837
61839
61730
61729
61726
61727
61625
61622
61623
77827
61728
61833
61626
61624
61627
61637
61843
61844
61840
61848
61849
61847
61865
77111
77112
61866
61881
61882
61879
61880
61891
61907
61893
61883
61884
61878
61876
61872
61870
61869
61871
61885
76557
61887
61886
61831
63608
63609
63564
63628
63629
63563
63556
63558
61830
61827
61816
61826
76647
61815
61812
61813
61759
61758
61757
61756
61731
61732
78821
61754
61755
61752
61753
61751
61740
61746
61801
61802
61804
61805
61748
61747
61738
61737
61736
61735
61723
61721
61695
61719
61716
61715
61718
61722
61717
61581
61577
61576
61565
61551
61550
61557
77828
61556
61559
61560
61561
61689
61552
61578
61558
61690
61694
61720
61739
61749
61750
78820
61760
61811
61803
61817
61832
61828
61819
61818
61814
61851
61850
61873
61896
63610
61889
63615
63614
63632
63750
63751
63577
63572
63571
63570
63550
63568
63553
63554
63551
78276
78277
63575
63569
63555
63562
63560
63552
63547
61829
61821
61810
61806
61745
61742
61741
61733
61696
61693
61685
61682
61683
61111
61547
61548
61553
61542
61538
61539
61540
61541
61543
61680
61546
61544
61105
61106
61070
63653
63652
63667
63666
63846
63842
63843
63849
63850
61091
61134
61133
61137
61140
61146
61202
61203
61092
77247
63758
63773
63776
58001
58139
63951
63950
63949
63852
63851
58002
78581
63946
63945
63778
63777
63779
63780
63781
63782
61549
117115
117116
64055
64059
64056
64080
64073
63783
63785
63818
63817
63816
63784
63815
64116
63813
64117
64119
64130
64131
64132
64133
64134
64118
64129
63814
64111
64114
64115
64113
64112
64066
64060
64061
64057
64058
64062
64065
63807
63808
63803
63802
63811
63804
63812
61409
61414
61456
61457
61464
61951
61466
61955
61961
61963
61959
61998
61958
62000
62001
62094
62100
62101
62102
62103
62112
62099
62097
62098
62088
62111
78206
62110
62136
62137
62140
62141
62150
62152
63827
63828
63829
63831
63832
63838
63839
63848
63847
63844
63845
63830
62151
62133
63825
62134
62135
63826
62126
62120
62132
62131
62127
62123
62122
62119
62116
62115
62083
62080
62066
62081
62064
62065
61864
62079
61672
61677
61670
61675
61671
61676
61674
61678
61987
61986
61985
61988
61994
62067
62069
61997
62068
62072
62075
62076
62084
62085
62086
62089
62090
62129
77120
62078
62074
62073
62002
61978
61996
61976
61974
61973
61970
61969
61971
61981
61977
61991
61966
61979
61980
61982
61990
61989
61661
61655
61658
61660
61657
61656
61649
61668
61647
61648
61651
61652
61605
61603
61604
61612
61606
61608
61615
61616
61611
61614
61940
61941
61939
61968
61938
61934
61930
61933
61946
61936
61935
61439
61450
61454
61453
61950
76554
61451
61452
78436
61445
61446
61448
61449
61465
61444
61442
61443
61423
61422
61424
61425
61426
61427
61440
61441
61433
61434
61431
61432
61437
61438
61931
61435
61436
61929
61601
61600
61609
61932
61602
61610
61607
61653
61613
61965
61654
61964
61967
61947
61949
61972
62070
62071
61995
61993
61984
61992
61983
61669
61673
61659
61667
61914
61928
62125
61915
61927
61913
61909
61911
78165
61910
61912
62082
62118
62091
62092
62124
62121
78580
62117
62130
62003
62005
62104
62107
62113
62114
62139
62138
62004
62026
62012
62008
61503
61507
61508
61510
61509
61520
62006
62009
62010
62011
62013
76556
62007
61506
61518
61519
61516
61517
61522
61521
61499
61497
61498
61500
61514
61515
61511
61512
61513
61505
61481
61482
61489
61485
61486
76553
78921
78931
78932
61479
61480
61475
78960
61474
61496
61495
61504
61415
61418
61420
61429
61430
61428
61421
61948
62128
62087
62077
62093
62095
62096
61999
61962
61975
61944
61945
77537
61957
61952
61953
61956
61954
61960
61937
61419
61460
61462
61461
61469
61470
61468
61459
61467
61458
61463
61447
61455
61641
61643
61645
61666
61650
61644
61642
61861
61628
61633
61635
61636
61842
61845
61860
61858
61859
61863
61665
61862
61662
61664
61646
61632
61631
61663
61639
61640
61634
61630
61629
61059
61079
61078
61060
61063
61061
61068
61067
61066
61064
61065
117264
117267
117057
116980
117053
117055
116987
116989
116990
116988
116985
116986
117052
116981
116978
116979
116977
116976
117054
117058
117056
117062
118403
118404
118405
118406
118407
118458
118409
118408
118402
118401
118411
118410
117063
117066
117065
117120
117151
117159
117160
117161
117164
117200
117199
117201
117205
117206
117207
117208
117209
117212
117221
117240
117241
117247
117271
117269
117270
117254
117253
117257
117252
117250
117238
117239
117431
117255
117256
117234
117237
117236
117231
117233
117229
117232
117230
117192
117228
117217
117218
117226
117220
117185
117191
117183
117184
117189
117190
117357
117358
117359
117365
117366
117374
117377
117378
117417
117415
117416
117373
117380
117372
117379
117370
117371
117368
117319
117321
117322
117369
117313
117320
117291
117323
117298
117299
117302
117304
117305
117325
117327
117324
117326
117303
117300
117043
117049
117341
117050
117342
117048
117045
117047
117042
117046
117035
117044
117296
117036
117041
117292
117039
117282
117284
117286
117306
117308
117142
117310
117147
117309
117146
118477
117145
117143
117144
117140
117170
117171
117172
117175
117176
117179
118478
117180
117168
117154
117155
117156
117125
117136
117126
117128
117127
117129
117131
117132
117134
117100
117104
117103
117102
117099
117098
117096
117095
117083
117091
117092
117094
117023
117084
117017
117025
117086
117085
117088
117087
117027
117028
117024
117021
117019
117022
117071
117081
117072
117077
117078
117069
117068
117074
118312
118366
118412
118413
118450
118451
118414
118416
118415
118449
118452
118448
118453
118372
117073
117060
117059
118352
118361
118422
118362
118363
118354
118357
118367
118370
118369
118456
118368
118421
118420
118356
118358
118465
118464
118359
118360
117061
118335
118466
118336
118371
118467
118469
118468
118365
118364
118353
118340
118339
118341
118337
118338
116998
117002
117005
116997
116999
116996
118355
118423
118457
117067
117012
117010
117013
117000
117003
117004
117006
117007
117008
118455
117001
117014
117011
117009
117070
117018
117016
117015
117090
117082
117109
117111
117123
117122
117113
117112
117119
117114
117118
118417
117121
117108
117107
117093
117089
117097
117110
117124
117157
117169
117139
117137
117130
117141
117133
117135
117307
117287
117289
117295
117293
117294
117288
117101
117283
117285
117281
117026
117037
117038
117034
117032
117029
117030
117279
117280
117301
117297
117290
117311
117312
117315
117314
117317
117318
117360
117367
117361
117375
117376
117413
117414
117195
117193
117194
117173
117174
117364
117362
117363
117316
117148
117188
117235
117182
117181
117219
117224
117225
117249
117227
117243
117196
117251
117245
117268
117248
117263
117244
117265
117266
117215
117216
117261
117260
117210
117213
117246
117242
117214
117223
117222
117186
117187
117211
118424
117204
117203
117202
117167
117162
117163
117166
117158
117165
117152
117153
117117
117064
62778
62835
62844
62845
62843
62849
62856
63114
63116
63118
63132
63130
63131
63134
63125
63123
63124
63120
63107
63108
77063
76566
63133
63152
63153
63157
63174
63175
63178
63180
63177
63172
63173
63170
63171
63137
63136
77910
63176
63185
63192
63194
63195
63183
63181
63193
63189
63191
63190
63168
63167
63184
63165
63164
63155
63145
63148
63150
63147
63143
63141
63113
63117
62857
62874
62875
63146
63144
63149
63163
63188
63187
63186
63182
63166
63169
63156
63154
63151
63142
63135
63111
63115
63110
63102
63109
63101
62846
63112
63103
62855
62852
62842
62834
62838
62839
62833
62779
63139
63218
63219
63243
63251
63270
63240
63276
63277
63236
63237
63252
63271
63253
63272
63273
63274
63275
63285
63284
63266
63268
63267
63269
64074
64087
64088
64190
64191
64192
64193
64196
64200
64199
64201
64195
64194
64077
64091
64079
64089
64090
64092
64084
64093
64086
64095
64094
77831
78163
77070
77072
77071
77075
64096
64097
64098
76682
64105
64104
64085
64083
64081
64078
64082
64072
64052
64071
64075
64069
64067
64049
64050
64046
64048
64053
64054
64051
64047
78593
63260
63197
63196
63262
63259
63258
63256
63257
63250
63248
63249
63255
64070
64076
64068
63292
63293
63289
63261
63263
63264
63265
63283
63254
63247
63245
63224
63225
63244
63220
63221
63217
63140
63179
63246
62719
62746
62749
62758
62793
62789
62790
62797
62787
62788
62830
62827
62829
62828
62832
62795
62796
62831
62836
62801
62837
62840
62841
62863
62864
62866
62873
62880
62889
62888
63726
63727
64038
64042
63735
76422
77830
64044
64043
63731
63732
63733
76978
63738
63716
63721
63717
63720
63729
63710
63718
63714
63713
63706
63683
63709
77829
63679
63682
63707
63685
63687
63691
63693
63700
63701
63699
63702
63705
63696
63697
63603
63605
63606
77991
78659
78658
63698
63594
63598
63595
63596
63674
63675
63684
63676
63673
63694
63672
63670
63669
63586
63587
63671
63584
63582
63583
63590
63581
62756
62754
62755
62753
62761
62805
62811
62818
62821
62822
62825
62867
62868
62869
62870
63711
63722
63723
63734
62872
76969
62882
62871
62862
62859
62858
62819
62824
62820
62823
62816
62810
62809
62807
62806
62808
62802
62798
62815
62763
62813
62812
62804
62762
62760
62751
62721
63579
62817
62814
63668
63588
63597
63589
63591
63585
63592
63593
76475
63599
63604
63695
63677
63686
63681
63680
63678
62826
63688
63689
63690
63712
63724
63708
63719
63715
63692
63703
63704
63730
64041
64039
63162
63161
63159
63158
62886
62885
62879
62878
62877
62854
62853
62850
62851
63728
64037
64040
63725
63160
62884
62883
62887
62881
62876
62865
62861
62848
62860
62847
62799
62800
62794
62759
62803
62757
62791
62792
62752
62750
62748
62744
62745
62747
62720
63533
62713
62712
63534
63535
63536
63580
63532
62714
62716
62717
77467
62718
62715
62784
56866
56869
63030
63467
63468
63472
63498
63497
63499
64699
64702
64703
64704
64705
64714
64715
64718
64717
64721
64722
64752
64761
77835
64754
64762
64759
64766
64765
64767
64755
64756
64757
64758
64760
79085
64764
77079
64751
64753
64723
64724
64763
64707
64710
64713
64716
64712
64815
64814
64813
64233
64235
64236
64239
64237
64240
64234
64232
64231
63502
63501
63505
63506
63507
63509
63503
63504
63508
64238
63510
64711
64709
64700
64684
64687
64701
64708
64719
64750
64749
64738
64748
64739
64746
64747
64743
64736
64731
64733
64734
64697
64698
64696
64695
64686
64677
64728
64729
64726
64685
64680
64681
64693
64694
64730
64732
77078
64737
64735
64720
64706
64692
64688
64683
64682
77834
63500
63495
63496
63494
63493
63486
63487
63490
63488
63489
64212
64223
64225
64224
64227
64241
77832
64229
77069
64228
64230
64226
64214
64205
64204
64202
64217
64220
64203
64213
64197
64215
64216
64198
64207
64208
64206
64210
63454
63455
63448
63452
63449
64209
64211
63456
63492
63453
63451
63450
63445
63477
76010
63476
63482
63483
63475
63474
63478
63473
63458
63444
63485
63491
63481
63484
63479
63480
63471
63469
64679
63461
63470
64673
64678
64674
64675
64676
64689
64629
64631
64690
64725
64691
64652
64653
64654
64665
64660
64663
64664
64666
64787
64785
64667
64668
64669
64659
64658
64661
64662
64777
64778
64783
64784
64786
64798
64781
77066
64774
64782
77067
64780
64584
64779
70800
70801
70806
70810
70813
70812
70811
70814
70808
70809
70799
70798
70792
70791
70788
70790
70789
70794
70757
70781
70782
70784
64585
64581
64576
64582
64575
64577
64574
64573
64634
64643
64768
64770
64645
64644
64647
64646
64640
64642
64655
64641
64648
64624
64625
64620
64621
64615
64608
64605
64607
64622
64623
64637
64610
64611
64604
64636
64632
64602
64633
64599
64504
64503
64507
64508
64511
64509
64502
78823
77849
78822
78824
78825
63037
63036
64590
64501
64601
64603
64609
64606
64593
64591
64592
64594
64595
64596
64598
63369
63367
63370
64589
64597
64638
64639
64635
64600
64510
70080
64572
64571
70783
70785
70786
70797
70807
70787
70758
64586
64769
64583
64772
64773
64771
64776
64775
64657
64656
64649
64626
64630
64651
64650
64628
64627
64619
64617
64618
64670
63464
63466
63465
64614
77068
64613
64612
64616
63366
63384
63364
63368
64671
64672
63460
63459
63462
63457
63377
63386
63463
63385
63383
63382
63381
63380
63373
63372
63374
63342
63375
63337
63339
63340
63406
63414
63415
63442
63443
63416
63441
63411
63412
63408
63409
63438
63440
63446
63437
63435
63432
63436
63430
63429
63428
63427
63433
63426
63425
63424
63423
63421
63422
63417
63279
63280
63281
63282
63278
63397
63420
63398
63396
63400
63242
63239
63241
63235
63233
63227
63212
63229
63387
63388
63390
63395
63393
63394
63402
63404
63405
63392
63338
63326
63325
63327
63316
63313
63315
63331
63332
56889
56890
63333
63335
63349
63354
63363
63351
63358
63362
64587
64588
63361
63359
63360
76679
77062
77061
63357
63352
63350
63348
63309
63308
63317
63307
63297
63296
63304
63300
63299
63301
63298
63294
63093
63085
63069
63055
63056
63054
63057
63058
63081
63083
63078
63082
63077
63080
63084
63079
60723
63076
60724
63295
63094
63311
63306
63305
63347
63356
77060
63345
63346
63302
63303
63343
63344
63355
63310
63353
63334
63330
63318
63314
63312
63092
63091
63088
63096
63099
63097
63098
63320
63321
63226
63208
63207
63200
63201
63202
63203
63199
63204
63214
63213
63216
63138
63215
63128
63121
63126
63127
63119
63106
63122
76567
63086
63059
63053
63049
63044
63050
63051
63104
63043
63045
63047
63048
63046
63052
63105
63210
63211
63222
63129
63198
63205
63206
63090
63089
63087
63100
63095
63323
63324
63391
63389
63231
63232
63230
63322
63228
63209
63223
77065
63234
63238
63418
63419
63286
63287
63290
63288
63291
64189
63447
63431
63434
63401
63407
63399
63410
63439
63413
63403
63329
63328
63319
63336
63371
63365
63378
63379
63376
63341
56868
56867
70795
64164
64242
64243
64820
64165
64185
64186
64187
64188
64803
64555
64556
64560
64821
64822
75735
64825
64826
64823
64824
64741
64742
64744
64745
64795
77077
77081
77082
77076
64796
70824
64797
77073
77074
64831
64832
70831
70832
78174
78827
73146
73148
73150
78826
73147
73149
73151
78449
73152
73153
70857
70856
70852
70854
71320
71321
70853
70851
70849
70850
70855
76628
64833
64834
64794
70802
70803
70815
70817
70816
71294
71302
71301
71303
71306
71325
71326
71330
71337
71338
71331
71340
71347
71348
71344
71324
71341
71314
71319
71312
71313
71307
71309
71304
71305
77083
71327
71315
71308
71274
71370
71298
71297
64727
64740
64789
64791
64792
64790
64793
70804
70805
70823
70836
70827
70829
70841
64812
70834
70835
70833
70848
64807
64808
64809
70847
64806
64802
77086
64801
64811
70830
64804
64805
76417
64810
64799
64800
70828
70825
70826
77080
70818
70822
70819
70820
70821
64788
64557
64558
71293
71317
71318
71316
77084
71287
71288
71290
71292
71291
71282
71281
71279
71278
70845
70842
70844
70843
71272
71273
70846
71271
71275
71276
71283
71284
71270
71280
71277
71289
71285
71286
70840
70837
70839
70838
