4058
199547
195427
214996
214995
195430
195428
195432
195433
214632
195429
195443
195444
202180
202182
199527
214781
214782
199528
198788
198790
202867
198792
199429
199456
199457
214918
214920
214921
199436
199437
199440
199447
199541
199540
214783
199530
199529
214785
214786
214787
214784
199514
199513
199508
199445
199438
199431
199430
199509
199538
199539
199542
199543
199451
202886
202885
199450
199449
199448
199537
199536
199446
199441
199439
198789
199533
199544
199546
199548
199549
203014
199545
214780
202986
199553
199980
202872
202868
199554
202968
202969
198791
200000
200001
214870
214869
198947
198948
199466
214919
215116
214864
199432
199433
214865
198949
198950
214354
202456
202925
202935
202971
202976
202977
214880
202978
188980
189392
189393
189394
190834
190840
190841
190842
190844
190843
190819
190575
190572
190573
189403
189387
189390
189391
189401
189388
188993
188994
189004
188996
188997
189000
189001
189002
189003
188998
188999
188995
189399
189005
189398
189006
189007
189397
189396
189400
189395
189008
189009
188992
189389
190839
188984
188985
190838
188986
190835
190837
188987
188988
190836
188989
188990
188991
188983
188981
189402
197277
214909
197458
197457
197459
197470
197280
197467
197471
197479
194717
194713
197480
194709
194710
194711
194706
194729
194746
194716
194755
194759
194760
194783
194784
194776
194718
194778
194757
194758
194756
194749
194761
194762
194769
194751
194754
214424
194737
194733
194747
194750
194734
194725
194723
194724
194727
194619
194721
194618
194629
194614
194616
194613
194719
194728
194612
194705
194593
194703
194700
194702
197449
197463
214755
197448
197447
197445
197446
194691
197443
197437
197438
197439
197440
194587
194589
197452
194585
194570
194572
194573
194571
194569
194567
194548
194551
197429
197431
197426
197425
197434
197430
194552
194546
194545
194547
194566
194568
194553
197432
194586
197433
197435
197436
194692
197442
197441
197353
197456
194590
194591
194592
194588
194596
194597
194594
194617
194722
194726
194738
194748
194745
194730
194715
194720
194704
194707
194708
194714
194712
197473
197472
197469
194701
197468
197466
197279
197281
197283
197343
197344
197284
197278
214302
197983
197984
136739
139727
139729
139741
139734
139733
139738
139739
139740
139737
139736
139735
139742
139732
139731
139744
139743
139726
139730
139728
139725
139723
139724
139719
139722
139721
139720
139718
139717
139716
139712
139715
139709
139713
139714
139707
139706
139700
139702
139710
139708
139703
139705
139704
139701
139711
139698
139697
139699
136738
198210
198042
198041
198040
198039
198034
198033
198038
198032
198001
198002
198003
198007
198008
198009
198035
198045
198050
198023
198051
198052
198056
198064
198063
198065
198070
198069
198211
198212
198214
198216
198217
198231
198233
198237
198239
198258
198238
198236
198235
214289
198229
198227
198224
198218
198220
198219
198226
198228
198234
198232
198230
198215
198213
198071
198222
198221
198223
198225
198079
198240
198166
198163
198162
198160
198161
198055
198060
198059
198073
198076
198072
198075
198112
198114
198116
198115
198113
198110
214407
198092
198091
198081
198109
197895
197884
197894
197951
198080
198088
198089
198094
198095
198099
198105
198118
198097
198103
198098
198101
197960
197972
197971
197976
197965
197966
197936
197968
198482
198481
198480
198479
198475
198474
198476
198477
198473
198472
198469
198466
198465
197746
197755
197753
197915
197916
197923
197924
197926
197942
197943
197963
197964
197958
197956
198085
197954
197953
197955
197949
197948
197945
197940
197938
197939
197871
197866
197904
197905
197909
197902
197901
197900
197899
197898
197829
197821
197809
197897
197727
197661
197660
197797
197802
197799
197803
197804
197827
197860
197867
197864
197878
197879
197880
197887
197890
197882
197888
197886
198012
198018
198019
198005
197996
198010
197876
197875
197992
197993
197990
197989
197988
197985
197986
197842
197848
197844
197846
197852
197853
197824
197856
197857
197855
197822
197819
197810
197815
197818
197816
197850
197785
197835
197834
197837
197840
197832
197540
197537
197535
197538
197772
197776
197780
197778
197782
197792
197812
197813
197806
197807
197793
197794
197795
197790
197784
197779
197766
197786
197638
197619
197635
197636
197637
197639
197646
197647
197787
197641
197640
197643
197648
197655
197656
197657
197650
197651
197653
197715
197712
197713
197716
197722
197723
197724
197725
197721
197728
197731
197733
197736
197737
197741
197747
197742
197750
197739
197744
198457
198460
198463
198459
198458
198462
198461
198450
198449
198453
198452
197499
197498
197494
197495
197695
197698
197424
197421
197420
197422
197487
197488
197489
197491
197492
194779
194780
194781
194777
194775
197483
197482
197481
197477
197475
197476
197484
197411
197410
197417
197409
197408
197404
197367
197366
197368
197460
197453
197286
197285
197444
197351
197359
197360
197363
197399
197400
197401
197398
197357
197356
197341
197354
197346
197347
197348
197345
197329
197325
197328
197340
197361
197358
197355
197350
197352
197349
197282
197362
197364
197365
197403
197402
197407
197406
197405
197474
197478
194774
197485
197486
197412
197418
197496
198446
197423
197493
197490
197497
194782
197500
198448
198447
197707
197705
197697
197701
197703
197700
197699
197687
197684
197681
197682
197685
197689
197690
197419
197415
197416
197675
197673
197672
197671
197665
214628
197393
197384
197377
197376
197386
197382
197383
197394
197381
197342
197339
197379
197372
197370
197373
197371
197331
197330
197334
197335
197336
197327
197326
197303
197302
197307
197369
197337
197338
197388
197389
197380
197378
197375
197374
197387
197395
197396
197397
197413
197414
197688
197683
197680
197674
197670
197678
197676
197669
197663
197563
197564
197585
197589
197584
197590
197633
197634
197631
197630
197586
197583
197582
197576
197623
197625
197627
197622
197552
197592
197591
197505
197544
197503
197549
197548
197547
197570
197551
197571
197572
197568
197566
197545
197567
197569
197560
197561
197559
197314
197319
197321
197322
197320
197306
197308
197385
197392
197664
197390
197318
197310
197309
197317
197556
197316
197312
197311
197553
197554
197298
197542
197555
197299
197541
197543
197450
197275
197297
197294
197295
197290
197288
197287
197289
197291
197300
197301
197293
197292
197296
197315
197313
197557
197558
197451
197546
197276
197573
197550
197621
197575
197574
197577
197624
197629
197587
197565
197562
197324
197391
197323
197588
197668
197667
197666
197686
197691
197692
197694
197696
197704
197706
197710
198455
197709
198451
198456
197740
197738
197711
197708
197734
197702
197730
197720
197719
197718
197717
197679
197677
197632
197658
197654
197714
197652
197649
197628
197626
197597
197618
197761
197767
197770
197769
197532
197533
197530
197529
197527
197526
197763
197762
197764
197758
197608
197759
197607
197756
197511
197504
197509
197513
197510
197523
197521
197520
197519
197517
197518
194670
194671
197516
197515
197507
197514
197506
197508
197502
197501
197604
197605
197609
197611
197610
197617
197601
197612
197600
197595
197593
197594
197614
197615
197616
197596
197599
197603
197602
197606
197757
197512
197525
197524
197522
197528
197531
197765
197760
197613
197598
197464
197465
197788
198360
197768
197773
197620
197645
197644
214984
197777
197775
197771
197774
197536
197534
197539
197836
197833
197783
197781
197811
197814
197805
197851
197845
197817
197843
197838
197841
197839
197987
197849
197854
197847
197872
197873
197874
197994
198013
198016
198014
198015
198017
198028
197896
198011
197889
197885
197881
197877
197869
197861
197830
197858
197828
197825
197826
197823
197800
197789
197798
197796
197659
197726
197801
197662
197808
197820
197732
197729
197831
197859
197748
197735
197749
197908
197907
197903
197863
197862
197865
197870
197913
197906
197893
197946
197961
197932
197930
197929
197922
197927
197947
197944
197941
197928
197925
197914
197912
197921
197917
197911
197751
197754
197752
197743
197745
198464
198468
197918
197920
197919
197931
197935
197937
197934
197933
197962
197959
197957
198100
198086
198084
198087
198083
197952
197950
197892
197891
197868
198963
197883
198082
198090
198096
198108
198093
198054
198062
198061
198074
198077
198078
198068
198067
198066
198049
198046
198044
198048
198057
198027
198053
198026
198025
198024
198021
198047
198043
198022
198020
198006
198004
197997
197995
197991
197999
197998
198029
198030
198031
198036
198037
198209
189309
189310
195333
195334
195183
195185
198506
198504
198509
197461
197462
198518
198512
198516
198517
198129
198127
198128
198125
198126
198130
198131
198511
198514
198510
195189
198499
198501
198508
198497
198500
198496
198513
197982
198495
197981
198493
197970
197967
197969
198489
198490
198485
198484
197978
197979
197975
198124
198123
198102
198106
198104
197973
197974
197977
197980
198494
198491
198492
198503
198505
195186
144193
144201
196656
195309
195035
195095
195311
195315
195316
195326
195359
214446
195312
214504
195358
195321
195275
195356
195271
195123
195267
195268
195272
195273
194735
214907
195266
195263
214809
214906
215129
215130
214903
214455
195085
214808
195089
195090
195097
195098
195099
195121
195100
195091
195093
195096
195101
195124
195094
195092
195031
195028
195030
195027
195086
195073
213730
195072
214811
195074
214901
195075
195076
195088
195087
195084
214810
195029
195111
214454
195112
195118
195083
195110
214902
195105
214904
214905
195262
195261
195264
195119
194736
195269
195122
195104
195103
195317
195318
195319
195270
195320
195102
195310
195034
195033
195032
214813
194681
214812
195329
195330
195332
214441
214439
195331
195340
195339
214442
214440
214437
214436
214438
214434
195368
195370
195369
214435
194883
195126
195127
195134
195135
198487
198488
198486
195137
195139
195181
195192
195198
195195
195210
195184
195193
195194
195196
195208
195206
195207
195209
195205
195203
195252
195174
195178
195172
195169
195170
195154
195238
195241
195249
195251
195240
195246
195244
195242
195245
195258
195256
195257
195125
195120
195117
195253
214756
214773
214772
195115
195116
195255
195243
214777
195066
214776
214775
214814
214815
195070
214816
215131
195050
195052
195062
195056
195061
195057
195063
195237
195236
195152
195147
195145
194987
195149
195150
195148
195144
207284
208220
208219
208199
208786
207827
205957
206583
205954
206136
195159
195160
195165
195191
195163
195164
195162
195157
202916
195155
207908
207904
207909
205018
205914
203372
203371
195133
195131
208867
208785
211128
211141
208877
209461
209724
195130
208783
208824
195140
196137
195129
195156
195161
205400
205915
195132
206584
195158
195141
195143
195142
194979
194971
194978
194976
194986
195054
195047
195049
195045
195042
195043
195025
195039
195037
195036
195011
195010
195008
195022
195017
195020
195021
195016
194947
194943
194940
194955
194956
194961
194954
194953
194937
194946
194964
195012
195024
199884
195026
214468
195023
195041
195038
195053
194974
194965
194963
194967
194957
194960
194962
194966
195040
195044
194977
194975
194973
194970
194982
194985
194988
195146
195059
195058
195060
195055
195051
195048
195046
195065
195064
195254
195067
195239
195153
195173
195077
195151
195078
195166
195167
195171
195250
195179
195201
195204
195202
195168
195182
195197
195190
195180
195138
202455
195136
195128
194972
194887
194950
198478
194951
194952
194884
198483
214681
195247
198507
194678
195290
199935
198498
198502
195728
198890
198891
195750
195747
214874
195745
195722
195717
195721
195718
195716
195283
195281
195282
195289
195280
195278
195715
195732
195731
195735
195730
195737
195759
195760
195761
195308
195307
195305
195304
195303
195294
195286
195287
195296
195298
195306
195727
195724
195729
195723
195295
195288
195293
195285
195284
195265
195248
195260
195259
194679
214774
214474
214998
195736
195738
195740
195108
195109
196239
196238
196231
196235
196236
196234
196177
196176
196179
196159
196181
196204
196205
196182
196183
196180
195440
195424
195425
195420
195419
195373
195418
195417
195422
195436
195409
195415
196151
196148
195414
196149
196147
196160
196172
196171
196169
214882
215121
196173
195400
195392
195399
195397
195398
195403
195402
195410
195411
195401
195404
195385
195386
195388
195405
195387
195372
195364
195361
195360
195362
195366
195365
195363
195367
195396
195381
214818
195390
214883
196145
196146
195413
195412
195408
195407
195406
195389
195416
195371
195423
195421
195438
195437
195439
196158
196157
196150
196178
196175
196140
196141
196229
196230
195274
195297
214993
214456
195384
195393
196128
196127
195395
196139
196163
196174
196228
196223
196224
196237
196138
215136
195391
195394
195301
214908
195383
195302
195380
195382
195357
195106
195720
195719
195742
195618
195628
214475
195744
195743
195626
195625
214476
195615
195614
195612
195613
195233
195235
195231
195234
195277
195713
195279
195276
195232
195225
195223
195216
195226
195611
195228
195227
195217
195219
195218
195212
195213
195214
195188
195187
195211
195220
195224
195229
195230
195610
195606
195607
195608
195617
195616
195714
195107
198467
198470
198471
214301
214450
214451
214453
195291
195725
212663
195300
215139
215138
195299
195794
203300
195776
195749
197305
197304
195752
195733
195734
195739
195741
195762
195763
195766
195461
195459
195462
195460
212662
195754
215143
195753
195726
195292
195756
201150
195782
195797
195798
195801
195839
195841
195849
195863
195825
195864
195867
195870
195876
195877
195878
196039
196040
196035
196042
196045
196038
196037
196056
196043
196044
196029
196034
196036
196033
196032
196050
196049
196031
196001
196027
196002
196000
195999
195997
195837
195838
195833
195828
195821
196004
196005
196006
196003
195819
195817
195827
195820
195804
195826
195796
195795
195814
195792
195791
195803
195805
195799
195818
195807
195831
195830
195829
195823
195808
195806
195834
195998
195869
196028
196030
195883
214832
195881
195884
195875
195879
195857
195854
195855
195846
195844
195843
195845
195848
195852
195859
195847
195853
195872
195874
195873
195860
195871
195868
195865
195866
195851
195832
195824
195822
195850
195809
195842
195840
195768
195767
195802
195758
195800
195757
195784
195783
195777
195755
195627
195632
195633
195634
195746
195748
195751
195664
195663
195816
195666
195775
195779
195778
214754
195780
195781
195790
195789
215141
214674
195793
194693
196170
196166
196164
196165
196167
196219
196216
196220
195856
196217
196218
196222
196240
196242
196247
195885
196041
196441
196440
196442
196443
196449
196452
196469
196470
196460
196453
196445
196451
196450
196447
196446
196444
196254
196265
196266
196263
196253
196256
196246
196245
196244
196226
196227
196225
196232
196233
196252
196248
196250
196255
196251
196249
195882
196243
196241
195880
195517
195518
196221
195858
195774
196161
195773
196144
196143
196142
195765
195764
195769
195770
195772
195771
196162
196168
194694
194680
194999
194682
195018
194895
194889
194893
198710
194888
194870
194866
194868
194770
198606
198616
194790
194805
194807
194916
194921
194922
194925
194932
194934
194935
194936
194939
195005
195006
195009
195013
195019
195002
194897
194896
194998
194995
194993
194992
194990
194989
194929
194928
194815
194814
194816
194818
194878
194879
194894
194997
194877
194892
194886
194876
194885
194871
194860
194811
194803
194808
194809
194875
194817
194810
194812
194924
194926
194930
194880
194819
194931
194941
194991
194994
195003
195007
194996
195004
194942
194938
194933
194927
194923
194920
194919
194813
194806
194914
198454
194915
214448
214449
214452
151807
194854
194902
194834
194912
194835
194907
194908
194911
194906
194891
194677
194898
194676
194651
194657
194867
194874
214760
194849
194853
194861
194856
194862
194857
194855
194844
194845
194850
194851
194852
194825
194841
194842
194640
194607
194623
194833
194838
194863
194864
194869
194865
194652
194890
194899
194905
194903
194900
194901
215031
194904
140788
194660
194654
194653
194661
214432
194664
194646
194650
194584
194583
194579
214428
194647
214430
194638
194635
214961
194648
214759
214758
214427
194534
194630
194535
194537
194536
194533
194539
194632
194636
194637
194631
194565
194645
194655
194656
214429
214977
194649
194517
194605
194666
194668
214433
214991
214992
214431
194601
194610
194599
194621
198741
194620
194624
194625
194626
194615
194595
194574
194575
194560
194561
194562
194563
194532
194531
194530
194529
194555
194554
194558
194557
194556
194559
194598
194580
194576
194600
194577
194611
194684
194699
194820
194696
194697
194698
194622
194606
194639
194641
194642
194823
194824
194843
194848
194858
194859
194804
194801
194800
194799
194791
194796
214623
214627
194772
194789
194771
194768
194764
194743
194742
194582
194741
194763
194765
194797
194802
194798
194744
194644
194643
194581
194683
194675
194685
194695
194690
194689
194688
194659
194658
194669
194672
194673
194674
194667
214978
194665
194663
194604
194578
214900
194564
194528
194527
194518
194662
187191
187192
190670
194538
194785
194788
214425
214426
195215
195599
195603
195604
195605
214625
195609
195595
195592
198527
198526
198524
198528
214997
198523
198519
198515
198134
198133
198145
198146
198150
198156
198149
198148
198521
198138
198137
198144
198143
198132
195586
195585
195589
198147
195587
195588
198522
198520
198525
195590
195593
195591
195600
195598
195341
195641
195643
195656
195657
195655
195658
195640
195642
198535
198544
198545
198539
198533
198532
198534
198537
195639
195638
195597
195637
195636
198543
198536
198158
198157
198159
198190
198192
214299
198155
198186
198187
198188
198194
198531
198181
198165
198164
215142
198154
198152
198151
198193
198191
198153
195635
195594
195596
195622
195623
195629
195630
195631
195457
195458
195621
195343
195342
198180
215137
198141
195619
195620
195624
194821
197021
197014
197015
197016
197024
197025
197026
197010
197008
197009
197037
197036
197035
197007
197001
197003
197000
196998
196995
196997
196994
196996
214635
214634
196990
196989
196092
196091
196082
196080
196079
196081
196085
196095
196097
196098
196099
214485
214620
214637
196122
196125
196100
196094
196096
196086
196084
196078
196077
196074
196025
196073
196075
196076
196083
196093
196102
196101
197002
196126
196129
196130
197038
197006
197005
197004
196999
197013
197018
197017
214636
196985
202103
202132
202146
202148
202150
202358
202360
202361
202367
202374
202380
202381
202426
202425
202424
202417
202427
202451
202453
202454
202459
202915
202914
202934
202924
202923
202932
202933
202939
202970
214878
215072
215086
214879
202908
202907
202931
202929
202930
202927
202928
202884
202901
202902
202898
202897
202903
202899
202891
202904
202894
202906
202909
202896
202910
202912
202920
202452
202438
202437
202443
202442
202444
202440
214305
215004
202890
202888
202887
202879
202878
202880
202278
202277
214304
202877
202876
202875
214303
202874
202873
202343
202344
202346
202329
202334
202330
202335
202350
202351
202352
202353
202339
202356
202431
202432
202433
202434
202419
202420
202421
202415
214511
202414
202408
202296
214306
202378
202377
202288
202284
202286
202290
202293
202333
202413
202337
202332
202331
202291
202292
202287
202285
202266
202267
202280
202281
202268
202255
202253
202254
202257
202258
202249
202248
202119
202120
202250
214552
202256
202283
202252
202412
202294
202295
202411
202418
202340
202338
202336
202289
202282
202328
202327
202345
202348
202347
202349
202354
202355
202357
202441
202439
202435
202436
202423
202428
202895
202892
202893
202889
202883
202882
202881
202926
202900
202905
202922
202921
202911
202457
202472
202471
202402
202450
202430
202429
202422
202416
214307
202382
202379
202375
202376
202388
202389
202387
202390
202181
202179
202170
202169
202183
202186
202165
202164
197090
214614
197089
197069
197066
197074
197075
197078
197079
197080
197093
197073
197059
197054
197050
214994
197057
197041
197049
197043
197063
197064
197067
197034
202141
202142
202158
202163
202370
202162
202161
202160
202365
202364
202156
202155
202147
202153
202362
202152
202135
202129
197087
202128
202130
202133
202145
202144
197085
202122
197020
197023
197022
197027
202137
202134
202136
197088
202154
202157
197091
202168
202140
197033
197028
197062
197042
197039
197040
197044
197065
197068
202166
197070
197071
197092
202167
202159
202383
202372
202373
202371
202369
202368
202366
202363
202261
202359
202151
202259
202251
202149
202121
202143
202131
202102
194822
196121
197072
202342
202265
202279
202101
196023
196024
196007
196013
196020
195531
214339
214898
215096
214333
214334
214332
199036
199092
199086
199051
199089
199050
199047
199048
199044
199108
199110
199115
199113
199114
199425
199478
215107
199479
199532
214868
215092
199426
214349
215110
215091
215109
214342
214346
214347
214357
199427
199112
214341
215097
215098
195538
195539
214340
199335
199328
199093
199111
199109
199096
199103
199095
199094
198653
195532
195889
198565
198568
198569
198572
198573
198574
198576
198575
198577
198578
198579
198580
198581
198582
198584
198586
198587
198588
202055
202064
202065
202087
202086
202088
202092
202105
202107
202108
202113
202114
202115
202241
202246
202244
202264
202276
202325
202341
202865
202871
202870
202869
202863
202322
202319
202858
202861
202860
202857
202318
202307
202234
202235
202300
202301
202310
202311
202312
202320
202862
202864
202321
202324
202323
202271
202274
202273
202272
202269
202230
202262
202219
202218
202228
202232
202236
202229
202270
202275
202263
202118
202243
202245
202242
202217
202238
202239
202237
202112
202110
202109
202083
202082
202084
202212
202213
202227
214510
202210
202223
202233
202231
202226
202303
202298
202297
199101
202302
202304
202313
202314
199106
202315
202316
202317
202859
202856
199428
199424
199119
199117
199116
199120
199121
199118
199104
199107
199105
199102
199098
199091
199099
199090
199078
199077
199076
199079
199083
199082
199084
202224
202222
202221
199070
199069
199067
199064
199057
199018
199055
199060
199063
199073
199062
199061
199042
199045
199049
199046
199039
199040
199043
199030
199034
199033
199032
214602
199026
199023
214982
199024
199025
198984
199028
198981
199027
198993
199037
198998
199056
199053
198996
198995
198994
198986
198989
199013
199016
199021
202073
202074
202205
202207
202215
202206
202209
202075
202072
202070
202061
202059
202058
202057
199011
199010
199009
199001
199000
199005
199007
199008
199004
198974
199002
198444
198433
198413
198968
198969
198971
198975
198965
198966
198945
198946
198977
198955
198976
198978
198990
198953
198956
198960
198961
198959
198958
198929
198951
198952
214335
199035
214899
198379
198922
198936
198937
214495
198377
198378
198405
198441
198407
198404
198403
198406
198401
198408
198411
198431
198429
198443
198437
198440
198439
198436
198434
198427
198418
198398
198393
198397
198392
198395
198391
198387
198385
198386
198394
198383
198384
198365
198370
198369
198374
198364
198362
198363
198315
198361
198368
198372
198371
215113
198367
198366
198382
198389
198416
198424
198430
198428
198426
198409
198396
198400
198399
198402
198380
198939
198938
198376
198375
198373
198957
198954
198931
198944
198941
198943
198942
198964
198940
198967
198442
198410
198412
198432
198973
198970
199003
198999
198445
198438
198590
202053
199006
202056
199020
202062
202067
202071
199065
199019
199014
199012
198997
198987
198985
198972
198991
198988
198992
198980
198979
198983
198982
198962
199029
199031
199038
199041
199059
199054
199052
199015
199017
199022
199058
199066
199068
199081
199074
199072
199071
199075
199080
199100
202299
199097
199085
199435
202225
199434
202220
202208
202211
202081
202080
202076
202068
202077
202078
202066
202079
202085
202214
202216
202240
202116
202117
202111
202096
202095
202090
196972
196966
196965
196943
196945
196947
202106
202094
202104
202089
202091
196982
196973
202063
202069
202060
202054
198589
196981
198585
196946
196944
196967
198583
198435
198425
198423
198420
198419
198357
198354
198353
198348
198339
198337
198313
198314
198328
198346
198347
198350
198414
198390
198388
198332
198381
198321
198322
198318
198323
198329
198326
198320
198304
198311
198308
198299
198298
198301
198316
198303
198302
198319
198317
198331
198324
198333
198330
198327
198325
198312
198309
198338
198343
198349
198351
198352
198415
198417
196942
196964
196941
196952
196949
196951
196970
214626
196971
196983
202093
202097
202098
202099
202100
196984
196977
196978
196991
196993
196992
196986
196090
196089
196088
196958
196960
196959
196957
196954
196956
196962
196975
196968
196950
195972
195971
195962
195968
195942
195973
195944
196937
195940
195969
196963
196961
196976
196980
196979
196974
196969
196953
196948
195974
196940
198422
196939
198421
196938
198359
196936
198358
195943
198356
195941
198355
195939
198345
198342
198341
198336
198334
198288
198285
198289
198295
198296
198294
198287
198284
198267
198265
198266
198269
198270
198307
198310
198305
198306
198264
198297
198259
202124
202123
214300
214836
198300
198260
198262
198254
198255
214290
214295
214296
198243
198245
214761
198244
198256
198263
198261
198257
198249
198250
198248
198268
198271
198272
198290
198335
198340
195937
195938
195961
195967
195963
195977
195984
196955
195988
195986
195983
195955
195954
195985
195978
195976
195970
195975
195946
195947
195945
195932
195892
195934
195966
195936
198571
195935
198570
195933
198567
195931
198566
198563
198291
198286
198276
198253
198252
198251
195891
202326
202247
202866
202003
202004
197011
197012
196987
196988
198117
214297
198241
214779
198168
198169
198167
214298
198173
214294
215140
214293
198242
214291
214292
195644
195673
195646
195677
195687
195686
195688
195689
195895
195906
195916
195919
195920
195922
195923
195928
195949
195952
196068
196069
196070
196072
196017
196016
196015
196014
196010
195915
195914
195912
195924
195926
195925
195917
195911
195900
195929
196011
196012
195930
195953
195950
195927
195948
195921
195918
195908
195907
195902
195905
195904
195903
198559
198562
198564
198561
198282
198283
198281
198279
198274
198275
198277
198247
198246
198176
198177
198273
198200
198205
198208
198556
198280
198278
195887
198560
198558
198557
195886
195888
195890
195901
195899
195896
195894
195898
195909
195910
195989
195994
195990
195995
195991
195996
195815
195813
195811
195788
195787
195699
195671
195698
195701
195712
195711
195710
195703
195704
195707
195695
195693
195692
195685
195683
195684
195661
195662
195660
195667
195668
195665
195669
214834
195785
214833
195659
195679
195694
195691
195702
195697
195696
195670
195700
195812
195810
195913
195709
195708
196569
195897
195690
195893
198553
198552
198550
198549
198555
195650
195651
195648
198554
198546
198542
198541
198540
198530
198529
198197
198203
198204
198207
198206
198202
198198
198199
198175
198174
198170
198171
198179
198178
198182
198184
198183
198189
198185
198172
198201
198196
198195
198538
198547
196586
198548
198551
195652
195649
195680
195676
195678
195647
195672
195674
195681
195682
195675
195645
195951
195956
195958
195982
195987
196087
196071
195981
195957
195786
196046
196048
196448
196466
196467
196472
196471
196473
196474
196527
196528
215120
196475
196111
196535
196133
196553
215119
197061
197076
197077
197058
197056
197055
197048
197046
196135
197045
197052
197053
196120
196131
196132
196136
196115
196116
196113
196109
196105
196104
196106
196103
196114
196119
196118
197047
197051
197060
196134
196117
214639
196110
196112
196067
196064
196066
196063
196061
196055
196053
196054
196058
196057
196059
214443
214638
196052
196051
196060
196062
196468
196065
196047
195992
195993
198058
196022
196019
196018
196026
196021
198107
198121
198119
198122
198140
198136
198139
198111
198135
198120
198142
194540
214508
194542
194633
214507
194541
214509
194543
194544
194634
195426
195434
195441
196184
196187
196198
196201
196214
196212
196215
196275
196281
196282
196277
196276
196213
196313
196206
196271
196272
196273
196274
196203
196202
196211
196209
196210
196197
196292
196195
196194
195455
196190
196193
195456
195452
195448
195449
195450
196189
195447
195435
195445
195446
195451
196191
195453
195454
195527
196288
196192
196196
196207
196200
196208
196199
196188
196186
196185
195442
214633
195431
202473
202981
202989
215083
215095
214895
214894
214893
215104
215105
202991
215090
202990
214896
215082
202987
199517
199519
199520
199521
199087
215114
215108
200817
200816
201184
199193
199192
215115
214337
199088
214788
199505
199506
199507
199512
199526
196260
