4029
153060
153061
153062
172305
153063
152917
153013
153049
153089
172307
153091
172265
153051
153048
153125
153126
153127
155499
172306
153088
153086
153087
153085
155500
155501
153132
153129
153078
153075
153076
153077
153115
153119
153120
153122
153128
153123
153111
153112
153124
153110
152920
152921
152919
153117
153118
153114
153116
153079
153080
153059
153056
153057
153058
153045
153043
153044
153042
153068
153070
153069
172641
153083
153084
153081
153082
153046
155492
155497
155496
155495
155498
155483
155485
155493
155491
153022
153024
153025
153026
153039
153038
153052
153067
153053
153064
153065
153066
153035
153054
153055
153012
153037
153021
153027
153028
175309
175319
175320
175321
175310
175312
175313
174685
174684
174683
175316
175322
176465
175333
155489
155488
153031
153030
175334
174681
174679
175317
174682
175311
175318
153029
153023
155487
155486
155494
153032
153033
153034
153036
153121
153047
153050
153090
153011
152918
153018
153040
153020
153019
174686
174687
152913
152914
153008
153010
153014
153015
152916
153009
153016
176457
176456
176461
185487
176460
185486
176459
185485
176458
185484
176452
176453
175314
174691
174692
174690
176450
176451
176443
175315
185483
176454
175307
175308
153041
176455
153017
152915
174349
174415
174481
174482
174500
174501
174489
174488
174491
174490
174508
174506
174494
174507
174505
174493
174498
174499
174502
174521
174524
174525
174540
174526
174542
174543
174541
174545
174546
174644
174670
174671
174672
174673
174677
174689
174659
174662
174660
174661
174655
174652
174651
174653
174556
174555
174557
174663
174649
174650
174654
174551
174554
174537
174536
174538
176417
174539
176416
174474
176415
174473
176414
176400
176413
174457
174466
174467
174531
174528
174529
174533
174534
174549
174550
174553
174548
174535
174530
174468
174469
174448
174450
174449
174456
174470
174471
174472
174458
174552
174532
174648
174646
174645
174547
174517
174544
174519
174527
174455
174453
174454
174452
174496
174486
174462
174461
174487
185439
174445
174447
174460
174463
174451
174520
174497
174495
174446
174416
174418
174419
174492
174503
174504
174408
174483
174484
174479
174475
174476
174477
174429
174405
174404
174423
174421
174422
174352
174353
174354
174402
174403
174351
174424
174425
174417
174409
174410
174485
174480
174478
174414
174350
174656
174694
174693
174509
174510
174515
174343
174346
174348
174344
174345
174347
186087
174664
174676
174362
174411
174412
174558
174562
174617
174619
174618
174407
174406
174586
174563
174584
174587
174583
174582
174588
174594
174608
174609
174612
175180
175178
175179
174601
175177
175176
175172
175192
175205
174605
174604
175191
175207
175204
175188
175189
175193
175190
175116
175168
175169
175170
175175
174560
175115
175186
175114
175113
175140
175141
175139
175112
175111
175126
175127
175146
175131
175132
175133
175134
175208
175209
175135
175136
175137
174668
175150
174669
175121
175143
185458
175151
185459
175187
175138
175194
175174
175171
175173
174603
174602
174571
174572
174573
174606
174565
174566
174574
174576
174575
174568
174569
175181
174570
175182
175183
175184
175185
174577
174559
174388
174381
174578
174579
174580
174581
174613
174610
174611
174607
174567
174380
174382
174383
174384
174385
174564
174386
174413
174387
174363
174596
175145
173919
173936
174390
174379
174378
174391
174392
175063
174393
174398
174399
175096
175101
175100
183327
175103
175104
185455
175102
175105
175106
175078
175079
185454
175080
175074
175075
175077
174400
176462
176463
176464
183330
175081
175083
183329
175082
185457
175070
175069
175071
185456
185206
178713
174394
174395
174371
174373
173959
173958
174331
174358
174359
174370
174367
174368
174369
174365
174364
174360
174361
174339
174340
174341
174338
174342
174239
174107
174104
174105
174111
174112
185888
185890
185889
174113
185887
174108
174372
174376
175057
175068
175067
175108
174377
175054
175055
174337
175056
174336
174335
174330
173935
173934
173933
173932
175053
174805
174804
175051
175062
174789
174787
174788
174987
175504
175505
175506
175511
175524
175525
175526
175523
175527
175578
175580
175577
175579
175531
175532
175556
175581
175159
175160
175158
175157
175163
175555
175554
175552
175536
175537
175553
185687
185688
185951
185950
185453
175164
186098
175155
186163
175534
175535
175165
175166
175117
175118
185757
175557
175533
175530
175576
175528
175529
175522
175507
175508
174790
175052
173937
173920
173921
174374
174561
175094
175095
175109
174375
185946
174366
174389
175907
176106
176200
176205
176206
176209
176216
176226
176229
176231
176234
176243
176233
176244
176236
177280
177285
177286
177279
176224
176221
176222
176220
176113
176092
176232
176235
176230
176219
176218
176213
176212
176215
176214
176203
176107
176077
176078
185994
176080
176079
176111
176121
176112
176110
176116
176119
176117
176125
176131
176134
176135
176139
176143
176154
176180
176155
176179
176153
176152
176151
176150
176149
176141
176142
176144
176511
176513
176137
176009
176003
176004
176008
176011
175945
175944
176005
176006
175998
175999
176000
175950
175988
176001
175967
175968
175969
175965
175963
175941
175940
175921
175922
175931
175932
175930
175929
175928
175926
175927
175918
175917
175939
175916
175915
175964
175949
175951
175952
175953
175954
175955
175956
175957
176002
176010
176512
176476
176140
176138
176136
176133
176132
176130
176128
186068
176124
176118
176120
175997
175985
175986
175987
175966
175970
175971
175983
175982
175981
175976
175977
175978
175909
175910
175975
175911
175912
175913
175914
175984
176109
176126
176127
176146
176147
176148
176123
176145
176163
176164
176122
175974
176108
176129
176168
176166
176167
176165
176228
176227
176217
176211
176202
176204
176208
176207
176210
176115
176201
176097
175979
175908
175980
176090
176091
176225
176178
176191
176192
175919
175925
175920
175924
177283
176223
177186
177205
177282
177284
177281
177289
177290
177317
177356
177298
177274
177213
177206
177208
177210
177209
177203
177212
177273
177299
177291
177292
177211
177204
175946
175989
175996
175995
175992
176007
176478
176506
176507
176508
176514
176516
176509
176515
176487
176486
176510
176491
176490
176479
176480
175993
175959
175961
175960
175948
176477
175991
175994
175990
175947
152006
175451
175467
175466
175465
175452
175228
152058
172365
152051
152052
152053
152054
152069
155613
155614
155615
152067
152066
152065
155608
155610
155629
155636
155635
155637
155638
155639
155640
176466
176467
186095
175494
155641
155631
155630
155632
155633
155634
155616
155617
152062
152063
155622
155621
155619
155620
155601
155600
155606
155605
155604
155567
155563
152924
152923
152925
155599
155602
155603
155590
155588
155568
155564
155565
155566
155562
155558
155559
155560
155543
155589
155544
155545
155554
155555
155556
155553
153130
153131
152922
155503
155504
155546
155557
155502
155561
155542
155541
155540
155597
155595
155594
155538
155539
155591
155592
155612
155573
155571
155572
155577
155576
155575
155526
152040
152041
155524
152039
155525
155574
155598
155596
155593
155618
155611
155607
152057
152056
152064
155609
152068
152055
152038
152007
175481
175482
175936
175937
175938
175501
175502
175934
175933
175942
175923
174963
175147
175503
175496
175958
176483
176484
176485
176481
175943
175497
175498
175492
175491
175487
175486
175499
175485
175484
175493
175488
175489
176482
176468
176489
176498
176518
176523
176524
176520
176519
176522
176504
176505
176501
176500
176503
176494
176497
176496
176495
176492
176493
176474
176473
176472
176475
176471
176470
176502
176521
176499
176488
176469
175495
175500
175935
175483
174964
175453
175454
175226
175227
152005
152061
152060
152059
175490
155685
155686
172800
175695
175704
175703
175725
175707
175696
175741
176909
176920
176921
177094
177095
177096
177076
176973
177097
176926
177077
177093
176082
175148
175149
176962
177202
177199
177200
177234
176961
177225
177230
177235
177236
177223
177224
177238
177239
177244
177251
185514
177253
185513
177252
177428
177250
177435
177436
177431
177430
177443
177449
177454
177456
177455
177459
177500
177503
177502
177505
177504
177154
177155
177141
177145
177121
177120
177151
177152
177150
177153
177139
177136
177135
177137
177144
177427
177425
177424
177132
177055
177061
177052
177053
177130
177129
177133
177127
177128
177126
177108
177102
177103
177022
177021
177075
177101
177112
177114
177111
177109
177110
177113
177115
177117
177116
177119
177147
177148
177149
177146
177123
177098
177099
177118
177105
176974
176975
177104
177107
177001
177002
177023
177003
177005
177006
177007
176998
177018
185716
185717
185697
185696
177019
176996
177012
177041
177042
185714
177040
177034
177024
176950
177026
177027
176995
176992
176993
176983
176982
176981
176988
176986
176987
176979
176980
176985
176991
176984
176937
176939
185338
176940
185337
176941
185336
176942
176938
176952
185339
176951
176955
176957
176958
176959
176956
176972
176971
177163
176969
177164
177165
177166
177168
177167
177214
177218
177221
177216
177038
177039
177043
177045
177047
177049
177051
177048
177030
177031
177032
177033
177029
177046
177044
177037
177036
176954
177162
176966
176970
176965
176964
177160
176102
177161
185340
176053
176055
176056
176057
176063
176050
176049
176059
176048
176060
176043
176042
176041
176052
176061
176062
175793
175794
175800
176943
176944
176947
176932
176931
175789
175788
175790
175791
185472
175772
175773
175774
175775
175776
185901
175735
175736
175769
185897
185900
175799
175798
175797
175784
175787
175786
176026
176025
185711
185712
175604
175710
175722
175745
185709
185713
175744
177725
175755
177722
175757
177723
175756
175750
175738
175739
175740
175723
175721
175749
175748
175742
175743
175724
175720
175602
175603
175711
175712
176014
175713
176013
176012
175801
175802
175803
185895
175822
175838
175600
175821
175820
175817
175816
175823
175828
175841
175826
175840
175845
176031
176032
176033
176016
175843
185476
175844
176015
175598
175599
175842
175597
175596
175595
175594
175752
175759
175760
176021
176034
176065
176066
176071
176073
176075
176085
176086
176096
176094
176095
176093
176103
176104
176105
177174
177183
177191
177189
177190
177193
177192
177171
177156
177158
177159
176099
177187
177184
177185
177179
177181
177178
177180
176114
177188
177182
177177
176088
176089
176081
176076
175895
176040
176069
176070
176039
176036
176038
176035
175902
175903
175878
175879
175901
175900
175905
175898
175897
175899
175864
175866
175906
175867
175972
175973
175868
175962
175859
175858
175870
175861
175857
175449
175450
175441
175440
175869
175865
175876
175875
175872
175873
175874
175871
175862
175863
175855
175850
175849
175851
175856
175448
175447
175848
175847
175846
175835
175833
175834
175824
175818
175819
175814
175811
185475
175812
175813
175444
175832
175443
175445
175446
175831
175829
175830
175853
175884
175885
175886
175894
175892
175837
175854
175860
175880
175881
175883
175882
175877
176037
175893
175891
175904
176068
176083
177175
177176
176098
176100
176101
176017
176019
176084
176087
176074
176072
176067
176064
176030
176020
175753
186137
186139
186138
175754
175888
175758
175887
175890
175852
175889
175836
175839
175827
175589
175825
175815
175809
175810
175808
183788
175718
175717
175805
175806
175716
175591
175592
175807
175590
175804
175715
175714
175601
175593
176022
176027
176023
176044
176046
176045
176024
175785
175765
175746
175792
177724
175767
175747
175751
175766
175783
175781
185896
185898
175768
175737
175734
175777
176910
175730
175731
175732
175729
175728
175726
175770
175733
175782
175779
175771
175727
176945
175778
185899
175780
175795
175796
176029
176028
176047
176058
176051
176018
176054
176933
176935
176934
176946
185335
177157
176953
176948
176949
176936
177025
177035
177011
177010
176997
177013
177008
185715
176989
176990
176978
176977
176994
177000
177004
176999
176976
177106
177074
177020
177017
177015
177100
177014
177016
177125
177009
177028
177050
177054
177237
177058
177056
177057
177143
177138
177131
177134
177124
177122
177501
177460
177461
177458
177506
177507
177489
177463
177462
177466
177467
177475
177488
177473
177472
177474
177464
177465
177437
177470
177438
177471
177439
185515
177254
177440
177448
177446
177447
177445
177256
177258
177262
177268
177269
177267
177265
177263
177264
177231
177233
177249
177246
177248
177247
177260
177240
177242
177243
177207
177197
177196
177198
177194
177169
177170
177172
177173
177266
177259
177261
177277
177468
177469
177444
177450
177453
177457
177140
177452
177142
177451
177432
177433
177429
177426
177434
177255
177441
177257
177442
177245
177241
177059
177060
177219
177220
177222
177232
177215
177217
176967
176968
177201
177195
176963
176960
175422
175706
175896
175407
175409
175408
175719
175709
175708
176905
176915
177070
177087
177071
177088
177079
177092
177091
177090
177089
177078
177073
176925
176924
177069
176923
176930
176927
176928
176919
176916
176917
176918
176908
176907
176914
176913
176912
176922
176929
177072
176911
176778
155623
155647
155656
155657
155675
155677
155676
155689
155688
155687
155682
155678
155679
155681
155680
155659
156252
155672
155649
155650
155651
155652
155626
155627
155628
155648
155674
155683
155684
155643
155642
155644
155673
155645
155655
155646
155625
155624
156238
152907
152909
152908
174514
174522
174523
174623
174643
174647
174642
174518
174511
174635
174695
174699
174727
174737
174736
175279
175305
175304
174749
174748
174747
174744
174739
174740
174741
174743
174742
174726
174725
174731
174732
174730
174724
174729
174723
174697
174590
174589
174591
174639
174638
174641
174675
174674
174665
174666
174667
186038
174625
174624
174622
174621
174636
174592
174701
174678
174640
174738
174733
174658
174657
174746
174745
175281
174735
174734
174728
174722
174721
174720
174718
174717
174632
174633
174634
174585
174614
174600
174616
174599
175195
175206
174598
174597
174595
175242
175231
175230
175232
175243
175213
175214
175397
175403
175424
185331
175423
175425
175405
175406
175225
175224
175404
175398
175399
175400
175394
175393
175392
175391
175389
175244
175390
175241
175239
175247
175240
175236
175237
175246
175235
175210
175396
175248
175238
175402
175401
175395
175211
175212
175233
175234
175144
175142
175245
175426
175218
174615
174630
174629
174627
174628
174631
174516
174716
174719
174700
174698
174696
174637
174626
174593
174620
174513
174512
175434
175435
175442
178525
156248
156249
156223
156279
156280
156276
156275
156317
156319
156324
156370
156367
156320
156264
156272
156273
156267
156265
156266
156261
156258
156257
156254
156255
156256
156245
156247
156246
156244
156241
156240
156239
156259
156321
156325
156318
156315
156327
156332
156413
156412
156415
156299
156300
156304
156328
156303
156302
156329
156326
156316
156322
156323
156292
156291
156277
156236
156237
156286
156285
156235
156283
156284
156233
156232
156231
156234
156278
156268
156230
156229
156274
156281
156282
156226
156227
156228
156269
156270
156271
156314
156225
156224
174396
174401
174397
175076
175110
174806
175559
175565
175567
175574
175575
175585
175584
175586
175587
175570
175090
175092
175568
175572
175091
175420
175421
175588
175702
175645
185902
175764
175763
175705
175701
175700
175646
175161
175162
175085
175093
175156
175084
175089
175088
175087
175122
175123
175124
175125
175153
175427
175564
175563
175562
175561
175560
175416
175415
175414
175413
175433
175436
175429
175430
175412
175410
175411
175431
175432
185460
175120
175437
175439
175438
175428
175152
175154
175167
175059
174810
174811
175061
174812
174809
175058
175119
175060
175086
175419
175571
175418
175417
175573
175569
175566
175558
174808
174807
177318
177360
177325
177326
177319
186083
177320
177359
177321
177330
177270
177275
177271
177276
177482
177484
177515
177499
177498
177518
177519
177512
177510
177509
177514
177511
177487
177508
177513
177491
177492
177477
177495
177476
177478
177486
177490
177480
177496
177493
177517
177388
177366
177367
177368
177365
177361
177362
177363
177378
177364
177324
177322
177323
177385
177516
185512
177387
177494
177497
177386
177485
177357
177481
177479
177483
177278
177272
174287
175298
175301
175344
175345
175343
175348
175352
175354
175358
175359
175361
175357
175356
174751
175360
175362
175463
175461
175459
175464
175468
175469
175470
175471
185466
175472
175462
175249
175460
175455
175456
175250
175251
175458
175252
175457
175253
175254
185464
175255
175256
185463
175257
175258
175259
175335
175336
175351
185465
185461
185462
175260
175347
175261
175262
175346
175263
175350
175363
175349
175337
175355
175338
175353
175339
175340
175341
175303
175342
175302
175299
175295
175296
175268
175222
175219
175220
175221
175264
175265
175266
175217
180920
175203
175202
175294
175293
175292
175287
175288
175284
175274
175285
175290
175291
175297
175300
175324
175325
175323
175306
175280
175278
175276
175275
175269
175270
175271
174715
174714
174712
174713
174711
175283
175282
175277
174290
175273
175272
174710
174709
174708
174707
174706
174705
174704
174702
174703
175201
175215
175200
175223
186028
186027
186026
186025
186024
175229
175197
175199
175198
175196
175216
175289
186168
175286
175267
174750
174289
174288
174752
175364
152022
152033
152048
152049
152031
152050
152032
152037
152036
175477
175480
175479
175473
175387
175388
175383
175386
175382
175384
175385
175374
175375
175377
175376
175373
175368
175367
175329
175328
175369
175332
175331
155490
155484
155508
172642
155510
155522
155480
155479
172308
155536
155481
155482
155519
155537
155548
155549
155550
155551
155569
155570
152042
152043
152044
155527
155528
155515
155512
155516
155517
152047
152046
152025
152026
155513
155514
155506
155518
152045
172799
155530
155529
155474
155476
155535
155547
155552
155533
153073
153072
155531
155532
153071
153074
155534
155477
155478
155520
155475
155521
155511
155509
155505
155507
175330
174680
174688
175326
175327
175365
175366
175370
155523
175371
175372
152027
152028
152029
152030
175378
175380
152034
175379
175381
175476
175474
175475
175478
186045
152035
152024
152023
160162
177598
177640
177646
177645
177647
177641
177610
177611
177638
177612
177584
177585
177570
177571
177572
177573
177583
177574
177582
177588
177589
177590
177595
177593
177596
177597
177579
176617
176615
176613
176583
176582
176610
176614
177587
177586
176612
176609
176601
176557
176559
176562
176563
176564
176546
176196
176197
176528
176533
176198
176199
176195
176539
176565
176587
176566
176586
176561
176552
176551
176550
176549
176555
176547
176548
176585
176260
176261
176174
176173
176175
176176
176177
176189
176540
176542
176541
176538
176190
176194
176544
176560
176558
176598
176602
176603
176604
176605
177352
177565
176591
176594
177561
177563
177568
177566
177577
177600
177402
177401
177601
177604
177613
177614
177621
177620
177622
177629
177616
177615
177630
185930
177656
177657
177410
177411
177409
177408
177407
177655
177658
185929
185927
185926
185925
185923
185924
177666
177665
177664
177663
177525
186043
177526
177358
177524
177523
177522
177671
177662
177672
177674
177521
177520
185928
177419
177420
177414
177413
177380
177381
177405
177406
177403
177382
177398
177383
177391
177392
177397
177395
177336
177337
177394
177338
177339
177384
177390
185341
177389
177316
177315
185342
185343
185344
177314
185345
185346
185347
177300
177301
177369
177293
177287
177288
177375
185348
177294
177295
177296
176237
176238
177313
176239
176240
176250
177312
177310
177311
177309
177302
177308
177331
177332
177348
177346
177345
177347
177344
177305
177304
177333
177334
177335
177343
176592
176262
176263
176254
176256
176253
176157
176158
176193
176246
176188
176187
176247
176186
176185
176184
176181
176183
176182
176162
176160
176161
176159
176156
176172
176171
176170
176255
176257
177306
176252
177307
176251
176249
176248
176241
177303
177349
177379
177416
185756
177417
177374
185755
177373
177371
185754
177370
177421
177422
177423
177327
177329
177328
177376
177377
177372
185516
177418
185349
177673
177661
177633
177636
177659
177626
177627
177637
177634
176620
177624
177625
177617
177679
177678
177618
177648
177677
177676
177680
177652
177651
177650
177667
177668
176623
176624
176625
160178
177642
177643
160173
177675
177649
177623
186106
176626
176621
177632
177635
176622
177415
177654
177653
177660
177631
177412
177404
177628
177396
177605
177608
177609
177606
177603
177602
177400
177393
177399
177578
177576
177355
177351
177354
177567
177562
177342
177341
177340
176593
176589
176588
176590
176595
176554
176556
176259
176258
176264
177353
177564
176606
176607
186086
176599
176596
176597
176553
176580
176581
176576
176611
177581
177575
176600
177350
177569
177580
177607
177619
177644
177639
177599
176169
176242
176245
177297
156260
176526
176535
176536
176537
176534
176567
176568
176574
176573
176572
176584
176608
176618
176619
177591
160149
160148
160156
160155
160161
160152
156398
156397
156394
160160
160166
160190
160196
160195
160200
160202
160201
160176
160164
156480
156479
160204
160205
160213
160210
160197
160199
160193
160192
156520
156507
156506
156347
156348
156351
156449
156474
156475
156477
156470
156471
156428
156424
156423
156425
156427
156426
156422
156421
156349
156420
156411
156410
156469
156467
156473
156448
156350
156485
156476
156511
156482
156512
160198
156513
160203
156481
156484
156483
156478
156468
156472
156465
156401
156402
156404
156466
156403
156463
156399
156395
156381
156380
156382
156390
156391
156417
156418
156387
156388
156414
156416
156419
156409
156408
156330
156333
156406
156405
156375
156374
156373
156372
156378
156384
156385
156371
156377
156368
156365
156263
156366
156331
156407
156389
156386
156392
156379
156400
156464
160194
160191
160165
160159
156393
160151
160153
160150
156396
176577
176578
176579
176575
176543
176545
176527
176570
156383
156376
176571
156369
176569
176529
156262
176530
176531
176532
176525
176517
156521
160278
160332
160333
160262
160263
160323
160324
160275
160274
160325
160326
160306
160307
160320
160308
160304
160299
160300
160295
160296
160303
160294
160177
160179
160254
160252
160251
160253
160246
160247
160248
160234
160235
160231
160232
160236
160233
160189
160168
160167
160184
160239
160240
160237
160181
160182
160185
160183
160172
160171
160163
160157
160158
177594
177592
176616
160154
160170
160169
160188
160175
160174
160207
160209
172792
160208
160187
160186
160242
160238
160180
160293
160298
160309
160310
160313
160312
160311
160301
160302
160319
160317
160327
160328
160347
160349
160316
160318
160256
160255
160241
160243
160244
160257
160269
160270
160271
160272
160250
156524
160249
160245
160297
160276
160305
160277
160321
160322
160330
160261
160329
160264
160331
160273
156525
156522
156508
156509
160214
160206
156514
156343
156487
156519
156518
156535
160215
156532
160218
160220
160227
160228
160229
160230
160259
160267
160285
160289
160292
160283
160282
160290
160340
160291
160287
160288
160281
160335
160336
160341
160342
160343
160344
160346
160345
160348
160265
160266
156527
156526
156528
160337
160334
156529
156530
160279
160280
160260
156531
156516
156515
160286
160284
160268
160258
160216
160224
160223
160219
160221
160222
160226
160225
160371
156495
156493
156494
156492
156491
156538
160212
156539
156536
156537
156534
156502
156503
156504
156500
156501
156489
156452
156488
156505
160211
160217
156533
156517
156486
156345
156344
156510
156523
156301
156297
156336
156338
156337
156362
156364
156434
156451
156459
156458
156457
156461
156462
156460
156443
156442
156490
156453
156444
156830
156826
156827
156828
156447
156437
156438
156359
156432
156433
156435
156430
156431
156355
156358
156357
156353
156352
156342
156341
156340
156354
156441
156436
156440
156446
156547
156445
156454
156455
156456
156450
156429
156346
156335
156439
156363
156361
156360
156339
156334
156356
156549
156548
156298
156306
156305
156604
156603
156602
156309
156308
156296
156496
156848
160350
160375
160374
160414
160578
160579
160588
160589
160590
160591
160583
160582
160594
160605
160606
160607
160610
160619
160620
160621
160596
160454
160455
160609
160608
160613
160622
160659
160660
160661
160643
160663
160662
160631
160632
160641
160650
160642
160633
160637
160638
160639
160640
160626
160627
160525
160526
160564
160527
160562
160565
160542
160541
160568
160566
160540
160559
160560
160561
160551
160550
160552
160553
160573
160574
160575
160555
160556
156691
156692
156693
156694
160576
156690
160557
160547
160548
160558
156688
156687
160544
160545
160546
160671
160672
156685
156684
156683
160512
160511
160510
160509
160496
160495
160500
160499
160498
160501
156993
156989
156990
156997
156991
156998
156999
172856
172855
172854
156682
156680
160475
156679
156996
156678
156994
156987
156986
156988
156676
156675
156627
156677
156995
156953
160497
160508
160507
160506
156681
160513
156686
160543
160505
160504
156689
160572
160656
160571
160644
160646
160657
160841
160658
160645
160649
160648
160653
160652
160651
160647
172813
160570
160554
160503
160549
160529
160528
160625
160563
160635
160567
160634
160569
160629
160630
160628
160614
160615
160612
160611
160623
160624
160636
160524
160523
160533
160603
160602
160457
160458
160459
160406
160407
160522
160536
160537
160539
160530
160531
160520
160534
160516
160517
160521
160502
160494
160482
160484
160486
160493
160480
160479
160470
160474
160473
160472
160481
156992
160491
160489
160490
160488
156970
156952
156968
156967
156961
156960
156963
156966
160462
156971
156962
160461
160464
160467
160468
160466
160465
160460
160401
160400
160442
160441
160440
160515
160514
160443
160411
160409
160410
160397
160388
160389
160391
160396
160399
160395
160382
160383
160392
160393
156904
156901
156902
156903
156898
156885
156884
156883
156895
156896
156899
156841
156842
156843
156844
156845
156846
156847
156859
156894
156862
156863
156864
156851
156852
156853
156880
156879
156887
156886
156876
156875
156632
156633
156626
156631
156856
156857
156836
156834
156613
156619
156833
156832
156831
156829
156617
156499
156618
156614
156615
156662
156835
156837
156630
156855
156877
156878
156854
156850
156849
156861
156860
156858
156497
156893
156881
156882
156868
156869
156870
156955
156956
156874
156867
156958
156959
156865
156866
156873
156871
156872
156897
156900
160381
160384
160377
160398
160394
156964
156905
156957
156965
156954
160478
160477
160492
156969
160463
160471
160469
160476
160485
160487
160483
160518
160538
160535
160519
160408
160532
160601
160599
160600
160598
160597
160456
160451
160452
160453
160405
160404
160403
160402
160439
160445
160444
160448
160592
160438
160417
160418
160432
160435
160434
160437
160436
160433
160429
160428
160427
160426
160423
160424
160425
160385
160386
160387
160356
160357
160358
160390
160361
160362
160376
160380
160379
160378
160372
160367
160368
160369
160370
156839
160365
160366
156840
160364
160363
160359
160360
160352
160353
160354
160355
160412
160431
160430
160419
160420
160421
160422
160416
160413
160450
160595
160604
160593
160447
160581
160618
160580
160587
160616
160617
160586
160446
160449
160584
160585
160577
160415
160373
160338
160339
160351
156838
156498
156616
160655
160742
160825
174785
174986
175107
174786
186085
175509
175517
185794
185800
185795
185799
185796
185798
185797
175513
175548
175615
175616
175623
175617
175611
175610
175627
175666
175671
175683
175677
175676
185802
175639
175638
175675
175678
175687
175686
175699
175697
175761
185904
175762
175690
175691
175682
175681
175689
175688
175649
175650
175667
175668
175680
175662
175663
175664
175661
175692
175657
175655
175653
175654
175658
175652
175656
175651
175008
175007
175034
176779
175006
175035
175629
175628
175643
175606
175605
175607
175608
175044
175042
175043
175041
175620
175619
175036
175644
175037
175038
175039
175040
175648
175679
175669
175685
175672
175647
175698
185903
175694
175634
175635
175641
175693
175583
175521
175519
175520
175624
175630
175625
175540
175538
175541
175542
175543
175544
175545
175546
175514
175515
175516
175518
175642
175636
175582
175633
175684
175632
175637
175674
175640
175631
175673
175670
175665
175626
175621
175622
175609
175539
175551
175549
175550
175618
175512
175547
175510
