1858
203410
203506
203508
139773
145289
196747
196751
196762
196756
196805
196777
196779
196796
196784
196795
196778
196775
196773
196742
196741
196737
196722
213721
145288
196738
196753
196752
196744
196746
196731
196726
196733
196768
196772
196788
196790
196787
196782
196781
196435
196770
196767
214467
196728
196730
196418
196438
196439
196619
196842
196791
196620
196624
196623
196622
196615
196621
196616
196614
196436
196613
196617
196618
196437
196429
196432
196433
196428
196434
196785
196789
196786
196771
196743
196732
196725
196739
196734
196769
196774
196783
196776
196745
196761
196757
196760
196750
196755
196749
196754
196748
139774
196918
196933
196919
196921
145965
196925
196924
197273
197274
203569
206704
203258
203257
203536
203574
203537
207684
198695
198717
206911
207437
198732
198775
203643
203890
203891
198696
203570
203473
145348
151671
196928
196929
196930
196931
196932
196934
196935
196820
196822
196837
196840
196841
196886
196888
214465
196922
196923
196920
196887
196926
196927
196821
214702
196823
196839
196838
203278
203280
203279
203330
204160
209083
203472
203475
203476
203477
203474
203461
203478
203499
203498
203460
203634
203635
203857
203633
203855
203637
203858
203859
203631
203636
203629
203630
203632
203626
203627
203628
196522
196606
196607
196635
196582
196581
196608
196526
196525
196257
196259
196269
196454
196457
196463
196479
214613
196482
214884
214366
196483
215122
215123
215124
196532
196533
196534
196545
196546
196490
196542
196544
196575
196576
196491
196516
196574
196518
196517
196580
196524
196523
196520
196510
196509
196506
196511
196508
196504
196502
196501
196500
196514
196515
196499
196498
196497
196493
196492
196284
196285
196283
196267
196456
196461
196464
196465
196270
196262
196286
196287
196459
196494
196462
196496
196495
196505
196507
196519
196521
196512
196513
196487
196489
196543
196486
196488
196478
196485
196476
196477
196484
196481
196480
196458
196455
196268
196261
196264
214617
215133
215135
215134
215144
196258
196547
196503
196578
196579
196583
196403
196609
196649
196650
196651
196664
196665
197182
197181
197186
197197
197203
197204
202576
202577
202579
202580
202581
202598
202599
202601
214514
202600
202586
202585
202583
197235
197234
197238
197231
197230
197213
197212
197227
197226
197201
197210
197188
197187
197199
197200
197206
197208
197209
197232
197211
197228
197229
197207
197233
202584
202582
197253
197252
197251
197250
197205
197202
197249
202575
202573
202574
202559
202551
202556
202568
202569
202570
202567
202664
202662
202665
202666
202674
202672
202667
202673
202671
202716
202727
202715
202714
202713
202654
202690
202689
202695
202688
202653
202650
202648
202646
202649
202638
202644
202624
202634
202633
202632
202631
202534
202535
202637
202659
202658
202657
202656
202655
202562
202531
202533
202530
202529
202528
202527
202526
202523
202524
202520
202521
202519
202502
202501
202505
202514
202516
202509
202511
202545
202560
202542
202539
202547
202549
197169
197159
197170
197168
214325
202537
202512
197167
202506
202507
214640
197165
197134
197132
197166
202499
197128
202496
202497
202517
202495
202174
202173
197084
197125
197120
197119
197117
197116
197104
197105
197103
197122
197124
197129
197113
197114
197135
197148
197139
197138
197137
196595
196594
196593
196591
196590
196566
196568
196567
196565
196571
196570
197109
196561
197100
196559
197097
197106
197099
197098
197096
196558
196560
196557
196548
196549
196538
196539
196562
196551
196537
196550
196563
196552
196564
196592
196572
196573
197110
197111
197115
197112
197101
197108
197107
197102
197118
197121
197082
197083
197126
197164
197127
202508
197123
197130
197133
197131
197136
197149
202546
202538
202513
202510
202503
202504
202500
202498
202518
202522
202515
202536
202563
202564
202566
202636
202532
202623
202622
202629
202635
202645
202652
202651
202691
202670
202669
202647
202668
202663
202661
202660
202565
202561
202548
202554
202555
202553
202550
202558
202557
197160
197161
197163
197193
197192
197190
197191
197180
197179
197177
197176
197156
197155
197152
197145
197147
197146
197150
197157
197144
197142
197140
197141
196605
196603
197171
196660
197173
196661
196657
196654
196655
196599
196602
196598
196600
196596
196588
196647
196648
196644
196639
196637
196638
196641
196636
196587
196585
196584
214641
214642
214644
214445
214444
196589
196577
196640
196597
196643
196658
196659
196601
196604
197143
197153
197172
197178
197189
197162
197154
197151
197158
197194
202572
197196
197195
197198
197175
197183
197174
196662
196663
196652
196653
196642
196529
196530
196536
196554
196555
197081
197086
215127
215128
214885
196556
196531
215125
215126
202639
195522
202192
202191
202193
202204
202621
202625
202640
202684
202685
202692
202693
202709
202706
202643
202641
202630
202626
202401
202399
202400
202397
202396
202392
202393
202394
202391
202201
202395
202202
202525
203117
202398
202203
202197
213733
202196
202195
202190
202189
202175
202176
195523
202194
197094
214829
214828
197095
215132
202185
215077
215076
215080
215079
215078
202200
215081
214311
202386
202385
202384
202199
202187
202188
202198
202184
202177
202178
214318
196278
196280
196378
196382
196397
196400
196401
196402
196612
196399
196394
196393
196392
196396
196383
196379
196375
196371
214615
196376
196374
196316
196317
196318
196312
196311
196314
196370
196366
196367
196377
196385
196384
196398
196381
196380
196315
196279
202819
202578
202799
202801
202811
202804
202820
202831
202832
202829
202830
202777
202776
202773
214477
202772
202774
202805
202771
202760
202759
202758
202754
202756
202775
202806
202800
202803
202802
202798
202797
202795
202794
202753
202719
202723
202722
202721
202720
202676
202675
202677
202717
202718
202678
202724
202796
202757
202755
194521
194522
202552
203356
203087
203088
214328
201726
203352
213480
214326
203388
203411
214519
203353
203351
203348
199565
203389
202127
201680
203400
201681
199566
199569
202126
202125
214330
203157
214390
214389
203158
203419
203453
214941
214382
203420
203404
203408
203517
203405
202628
213725
213726
214327
203355
203013
203086
203334
203338
203339
203347
203337
203342
203343
203349
203350
203354
203383
203381
203382
203387
203384
203390
203391
203392
203413
203423
214367
203512
203515
203514
203493
203495
203494
203492
203488
203454
203422
203421
203416
203398
203397
203394
203393
203379
203368
203376
203375
203366
203361
203365
203364
203222
203359
203213
203210
203209
203357
203341
203340
203185
203193
203195
203190
203189
203138
203175
203183
203182
203173
203137
203176
203154
203191
203194
203197
203196
203192
203151
203143
203155
203153
203184
203208
203207
203206
203212
203360
203367
203377
203386
203380
203395
214599
203489
203491
203424
203415
203414
203412
203396
203385
203363
203362
203358
203346
203345
203344
203188
203187
203186
203336
203181
203180
203179
203178
203332
203331
203177
203165
203129
203166
203167
203171
203172
203136
203134
203133
203135
203118
203116
203119
203113
203121
203114
203115
203120
203132
203131
203130
203126
203168
203169
203170
203174
203335
203333
203085
203378
203144
202403
202464
214313
214312
202465
214310
214308
202406
202407
202409
202467
202469
202486
202488
202941
202946
202950
202951
202961
202962
202966
202995
203006
203007
203008
203012
203011
203002
203009
203164
203128
203127
203125
203124
203111
203107
203108
203109
203110
203112
202702
202712
202705
202694
202687
202683
202682
202697
202698
202696
202494
202953
202493
202491
202681
202680
202679
202490
202686
202642
202699
202703
202704
202701
202700
202954
202964
202996
203000
214999
202997
203122
202965
203123
203001
202998
203010
203005
214892
203004
203003
202993
202992
202980
202984
202983
202982
215106
202975
202974
202979
202956
214478
202937
202938
202936
202918
202917
202483
202484
202485
202942
202943
202945
202944
202948
202479
202462
202463
202460
202461
214309
202474
202481
202477
202478
202482
202475
202476
202913
202919
202955
202957
202958
202959
202985
202999
202994
202967
202963
202960
202952
202492
202949
202947
202940
202489
202480
202487
202470
202468
202410
202405
202404
196412
203203
203204
203219
203221
203293
203297
203299
203426
203428
203430
203438
203446
203447
203448
203467
203466
203465
203468
203471
203497
203457
203469
203456
203459
203462
203458
203440
203452
203436
214093
203435
203434
203433
214601
203431
203425
203374
203373
203370
203226
203369
203227
203224
203225
203216
203432
203437
203455
203470
203451
203318
203445
203449
203312
203310
203442
203311
203309
203441
203294
203304
203285
203301
203292
203281
203247
203246
203248
203282
203286
203253
203288
203308
203314
203327
203328
203325
203324
203322
203320
203319
203276
203277
203275
203274
203273
203265
203263
203262
203242
203241
203239
203240
203259
203260
202847
202827
202826
202825
203237
202823
203236
203243
203250
203255
203249
203234
203232
203233
203229
203228
203147
203146
203148
203159
203161
203198
203199
203162
203150
203145
203152
203156
203142
202733
202731
202734
202738
203140
202746
202743
202748
202750
202742
202745
202807
202810
202814
202815
202812
202809
202744
202741
202740
202736
202730
202728
202725
214359
202710
202708
202707
202739
202737
202735
202729
202726
202711
202732
203141
203139
203149
202747
202749
202751
202752
202808
202813
202818
203244
203235
202817
202816
202821
202822
202824
202828
203238
203261
203252
203264
203266
203272
203256
203287
203307
203321
203323
203326
203316
203317
203313
203291
203254
203251
203245
203231
203230
203163
203160
203283
203289
203290
203329
203315
203464
203450
203463
203444
203439
203443
203427
203429
203305
203306
203298
203302
203296
203295
203284
203223
203217
203211
203205
203220
203218
203215
203202
203201
203200
196413
203214
202778
202834
202833
202835
202836
202843
215001
202844
202845
202849
202852
203267
203268
202850
203269
202855
203271
203270
203856
202854
203625
203624
203623
208061
203622
202846
202853
202851
202848
202839
202841
202842
202792
202793
202791
203575
202785
202784
202781
202780
202782
202786
202789
202837
202788
202783
202787
202838
202840
202790
202779
197236
197237
197239
197243
197244
197246
197254
202587
202589
202593
202594
202606
202605
202607
202608
202611
202613
202619
202763
202765
202767
202770
202766
202769
202768
202761
202612
202762
202764
202620
203568
202617
202610
202597
202596
202592
202591
202616
202615
202618
202614
202609
202604
202603
202602
214643
202595
202590
202588
197248
197247
197245
197272
197271
197270
197242
197241
196913
196914
196915
196916
196917
196625
196861
196862
196864
196865
196867
196869
196870
196895
196897
196901
196904
196903
196910
196907
196911
196909
196912
197257
197259
197266
197265
197264
197263
197269
197268
197240
197223
197222
197260
197267
197225
197221
197220
197261
197219
197218
197256
196685
196906
196680
196679
196676
196899
196674
196672
196673
196677
196668
196666
196667
196670
196893
196634
196892
196631
196630
196629
196627
196633
196632
196669
196671
196898
196675
196678
196681
196682
197214
197216
197217
196684
196683
197215
197224
197262
197258
197255
196908
196905
196902
196900
196896
196894
196875
196876
196877
196890
196889
196873
196874
196872
196868
196866
196871
196852
196825
196859
196824
196860
196884
196883
196881
196882
196891
196880
196835
196833
196832
196827
196828
196816
196817
196831
196836
196765
196764
196763
196811
196809
196813
196808
196812
196826
196798
196797
196800
196802
196854
196856
196878
196855
196759
196853
196844
196806
196807
196819
196794
196846
196845
196843
196793
196792
196804
196801
196799
196780
196810
196803
196829
196830
196834
196879
196858
196857
196758
196818
196851
196863
196848
196628
196847
196626
139775
144668
145290
145291
145292
145295
145297
145298
145299
145301
145300
145304
145305
145306
145303
144748
144747
144744
144671
144655
144654
144667
144653
144659
144665
144664
145275
196718
196721
213729
145277
145280
196736
196740
196735
196719
196716
196709
196714
196715
144660
144661
144662
144645
144658
144649
144647
144622
144651
144644
196702
196701
196706
196705
196711
196723
196724
196729
196727
196365
196373
196417
196416
196431
196415
196414
196411
196427
196430
196410
196409
196369
196362
196363
195569
195568
195113
195175
195114
196372
196364
196712
196708
196713
196707
196710
196720
196717
145276
145281
144663
144657
144650
144652
145296
145294
145293
144673
144672
144669
144666
139776
145287
142094
144676
144677
144689
144692
144699
144700
144702
144736
144738
144739
144750
144751
144753
145307
145308
145309
145310
145314
145313
144755
145312
145311
144768
144761
144760
144759
144742
144756
144725
144727
144724
144707
144705
144686
144697
144696
144684
144683
144688
144681
144679
144698
144709
144741
144757
144754
144752
144743
144749
144740
144746
144737
144726
144703
144701
144695
144694
144691
144693
144732
144734
144735
144745
144733
144670
144656
144628
144625
144623
144690
144687
144680
144627
144626
142095
203409
203516
203513
203504
203505
203490
203496
203417
203418
214384
214385
