916
138355
138367
138371
138377
138378
138395
138365
134818
139336
139346
139345
139349
139353
139363
139364
139367
139365
139368
139351
139366
139354
139352
139350
139342
139329
139328
139323
139325
139324
139314
139339
139647
139340
139341
139334
139312
139331
139337
139357
139369
139358
139360
139361
139511
139509
139512
139626
139510
139514
139517
139518
139534
139516
139515
139513
139332
139356
139311
139309
139308
139203
139306
139204
139304
139305
139313
139299
139315
139321
139322
139326
139327
139318
139317
139316
139303
139300
139183
139302
139182
139180
139173
139174
139171
139172
139175
139176
139295
139296
139294
139199
139200
139198
139196
139128
139129
139133
139125
139115
139112
139111
139109
139075
139076
139153
139639
139155
139154
139163
139161
139168
139170
139179
139167
139166
139150
139149
139147
139648
139146
139151
139152
139135
139136
139622
139674
139065
139066
139645
139563
139067
139069
139070
139104
139105
139114
139071
139127
139216
139218
139098
139192
139212
139211
139217
139231
139233
139276
139277
139283
139292
139359
139293
139650
139651
139507
139508
139281
139280
139228
139408
139229
139278
139279
139269
139270
139273
139565
139271
139686
139282
139275
139272
139225
139223
139213
139214
139099
139193
139190
139194
139191
139679
139185
139681
139188
139189
139023
139022
139021
139017
139016
139090
139082
139092
139003
139001
138989
138997
138998
138954
138953
138955
138956
139000
139081
139091
139122
139195
139132
139124
139121
139095
139089
139117
139108
139118
139119
139107
139101
139103
139102
139100
139064
139086
139062
139061
139084
139078
139054
139055
139056
139053
139051
139048
139040
139049
138951
138935
138948
138947
138949
138940
138942
138937
138938
139569
139570
139568
138841
138891
138900
138899
138902
138909
138903
138910
138978
138982
139031
139032
139033
138981
138979
138973
138974
138975
138976
138968
138970
138967
138969
138960
138897
138961
138959
138963
138964
138965
138867
138972
138360
138860
138859
138858
138851
138850
138855
138848
138854
138849
138847
138842
138846
138843
138844
138837
138824
138823
138817
138819
138821
138816
138810
138811
138832
138829
138833
138838
138839
138836
138835
138875
138879
138874
138887
138890
138898
138901
138936
138941
138919
138929
138931
138930
138921
138920
138460
138459
138913
138915
138916
138458
138911
138884
138885
138917
138882
138886
138881
138433
138443
138446
138441
138444
138455
138454
138451
138452
138453
138403
138644
138652
138653
138658
138659
138463
138462
138922
138923
138645
138406
138405
138376
138396
138397
138398
138401
138402
138400
138385
138420
138448
138419
138418
138435
138438
138437
138439
138431
138428
138427
138429
138430
139654
138350
138345
138343
138340
138344
138424
138425
138426
138410
138411
138415
138412
138413
138382
138383
138374
138375
138372
138373
138370
138407
138328
138327
138324
138325
138318
138326
138319
138331
138307
138297
138295
138298
138294
138313
138315
138321
138322
138369
138320
138314
138312
138289
138287
138280
138292
138296
138309
138311
138333
138332
138334
138336
138337
138338
138348
138346
138347
138353
138341
138335
138308
138807
138805
138806
138801
138803
138804
139571
138802
138800
138304
138303
138302
138286
138285
138282
138283
138305
138291
138293
138290
138288
138306
138310
138317
138316
138323
138368
138409
138408
138330
138339
138329
138342
138422
138423
138436
138434
138416
138417
138414
138384
138379
138380
138399
138381
138450
138449
138421
138442
138440
138432
138876
138877
138883
138447
138445
138457
138456
138914
138924
138912
138918
138889
138888
138880
138878
138872
138873
138349
138834
138831
138830
138828
138827
138826
138809
138808
138818
138820
138822
138845
138853
138852
138361
139030
138857
138894
138856
138895
138962
138966
138980
138977
138971
138904
138896
138893
138892
138840
138351
138825
138352
138906
138907
138905
138908
138944
138984
138985
138990
138992
138994
139007
139009
139011
139019
139013
139035
139680
139012
139034
139010
139006
139004
139008
139005
138993
138991
138986
138983
138943
138946
138934
138932
138927
138926
139036
139041
139045
139044
139058
139043
139047
139046
139037
138672
138671
138674
138673
138668
138667
139567
138669
138651
138650
138676
138629
138633
138617
138618
138632
138634
138635
138636
138638
138640
138641
138680
138679
139646
138681
138682
139562
138639
139621
138637
138623
138626
138625
138627
138628
138621
138624
138643
138622
138666
138648
138649
138654
138656
138660
138664
138647
138646
138642
139566
138663
138655
138657
138661
139038
138665
138662
138925
138933
139039
138928
139042
139050
138952
139057
139060
139052
139063
139059
139073
139072
139088
139085
139087
139096
139083
139077
138958
138957
138950
138939
138945
138988
138995
138987
138999
138996
139080
139002
139014
139015
139018
139020
139184
139093
139094
139097
139079
139215
139232
139123
139120
138675
138670
139564
139675
139676
139074
139137
139142
139623
139144
139625
139139
139140
139156
139157
139138
139143
139145
139148
139141
139165
139158
139162
139159
139160
139068
139110
139106
139113
139126
139197
139134
139131
139130
139116
139169
139164
139177
139181
139178
139301
139298
139297
139202
139201
139219
139333
139338
139335
139330
139310
139307
139320
139319
134886
134887
134885
139344
139362
139343
134821
134819
138279
138677
138683
138684
138691
199272
138678
135472
139250
139274
139253
139262
139258
139263
139261
139265
139264
139285
139284
139221
139286
139290
139291
139649
139289
139287
139288
139628
139266
139220
139238
139239
139240
139254
139241
139242
139255
139243
139252
139259
139251
139245
139237
139244
139247
139210
136220
136287
136462
139207
136221
139249
139227
139209
139208
139230
139226
139222
139224
136213
136214
136946
137180
136288
136215
139236
135539
135540
135810
139235
139234
139206
139205
139267
139268
139256
139260
139257
139187
139186
139246
139248
135473
138095
138270
138272
138273
138275
138274
138271
138861
138863
138865
139024
139025
138871
139026
139029
139027
139028
138870
138869
138868
138866
138864
138862
139347
139355
139348
139387
139385
139377
139381
139382
139390
139394
139520
139395
139396
139525
139397
139526
139401
139521
139527
139522
139523
139529
139524
139528
139532
139531
139530
139404
139405
139402
139391
139383
139400
139403
139398
139399
139393
139392
139389
139519
139388
139380
139379
139378
139371
139370
139372
139374
139375
139384
139373
139376
139386
