3388
259471
259499
259500
237837
237836
259432
259433
238993
247000
259498
247001
238992
262209
262208
262349
264210
262348
263059
263056
263058
263057
263060
259468
259475
259464
259473
259474
264211
264212
264213
259463
259465
259467
259466
259469
259476
259483
259485
259484
259487
259489
259509
259511
259510
259535
259541
259545
259540
261240
259543
259542
259550
259551
262207
259536
262203
259490
259491
259534
259488
259482
259505
259503
259504
259506
259507
259508
259515
259523
259522
259517
263062
259516
259524
259520
259518
259513
259519
259521
259447
259512
259514
259445
259442
259443
261265
261264
261263
258249
263923
263924
263925
263926
263927
264207
264208
264209
259501
259502
259446
259497
263061
259486
259478
258294
258295
258297
258308
258307
258309
259493
259492
258306
258311
258310
258303
258305
258304
258300
263042
263043
258298
263044
258296
263045
263411
263040
263041
258288
258292
258293
259462
258243
258253
258246
258244
258247
259749
259818
258245
262756
262787
262790
258228
258227
258236
258238
258240
258237
258251
259429
259431
259430
258250
258252
262200
259428
259472
96
97
98
99
217
220
4797
4798
2325
4696
2326
4799
4800
5677
4744
4793
4794
4790
4694
4695
4742
4743
4741
4745
4500
4501
4740
4737
4736
4734
4733
4502
4739
4735
4503
181
202
196
173
179
186
198
195
199
4623
194
197
172
177
180
171
166
170
4719
4715
4714
4601
4713
4711
4712
174
178
6376
4723
4724
4725
4730
4701
4702
4705
4641
4670
4659
4642
4643
4700
4658
168
169
4738
4731
4732
4729
4727
4728
4726
4718
4722
4720
4721
4717
4716
182
183
185
184
215
218
224
219
216
295
4661
205
206
4660
4662
4663
4668
4669
112
175
176
187
191
193
200
201
6417
4707
4708
190
192
188
289
293
306
291
292
294
113
115
189
114
167
273
274
275
14
15
251
252
2315
1549
239
241
240
247
245
242
244
243
246
248
236
4814
4812
4810
4811
250
101
231
261
221
4809
4792
4758
4791
4759
4756
4755
4757
4763
4768
4775
4776
4777
4780
4588
4589
4778
4779
4904
4905
4692
4693
4689
4690
4691
39
31
32
38
4681
4680
4685
4686
4687
4688
4679
4676
4678
4683
4748
4684
4677
4673
4682
4646
4671
4672
4674
4675
4767
4770
4772
4771
4773
4766
4750
4749
4760
4752
4753
4761
4762
4751
4703
4709
4710
4644
4645
4649
4706
4747
4746
4647
4648
4754
4764
4765
4774
4786
4803
4782
4783
4784
4769
4781
4802
235
238
234
233
232
100
237
222
223
225
226
227
228
229
256
257
259
258
260
262
270
281
6491
6492
269
282
283
379
284
391
392
393
396
397
398
408
1885
1886
1887
1891
1888
1889
1890
1892
1985
1984
405
400
407
401
403
394
395
402
384
385
386
387
388
389
412
390
382
376
377
378
383
268
374
375
266
380
381
280
285
286
287
1612
288
1596
1595
1592
1594
1593
1604
1613
1615
1614
1605
1607
1606
1609
1611
1610
1616
1608
1617
1618
1622
1619
279
271
278
6500
276
277
272
6502
6501
267
255
296
301
299
298
300
203
208
209
210
211
302
212
213
303
214
264
207
204
253
254
263
265
124
5819
5943
6411
129
130
290
131
132
134
135
137
136
133
5933
125
126
128
6423
127
5928
5929
5936
85
4552
4553
4554
4555
4628
4550
4549
4540
4538
4536
4547
4548
4551
4581
4582
4583
4585
4587
4586
4596
4598
108
4602
4603
109
106
111
117
6503
116
118
119
120
123
4597
4599
4600
4595
4556
4579
4580
5811
4578
4575
4577
4576
4557
4560
4566
4584
4564
4565
6458
6467
4559
4561
4562
4563
245112
261295
261296
261297
264172
259848
259849
264171
263961
263027
263794
263795
263028
259836
259835
259845
259831
259832
263025
263026
259847
259846
259834
259833
264170
263023
263024
259816
263018
263021
263019
263013
259809
259810
259811
259804
259803
259802
259765
259766
263034
259754
259796
259843
259844
259805
259791
259792
259817
259825
263029
263020
259814
259813
259815
259812
259793
245111
4567
4569
4572
4568
4571
4570
4590
4573
5673
5676
6053
5675
5674
260971
263003
263005
263004
259837
259840
260613
259841
260972
259842
259838
263740
263001
263002
4558
4543
4544
4545
4546
4541
4542
263693
263694
4526
4527
4530
4524
4525
4534
4532
4539
4533
4531
4465
4468
4466
259686
259687
259682
259688
259681
259653
259649
259680
262891
259652
259651
259650
262892
263695
4523
259824
263692
262886
262887
262888
259789
259784
259788
259790
259783
259819
259820
259823
259822
259821
259684
259621
259632
259683
259618
259619
263697
259676
259677
259679
262907
259620
262895
259678
259782
242188
242187
259780
259778
259774
259775
259779
259781
259777
259773
259772
259770
259771
259761
259767
259768
259769
259786
259787
259785
263032
263031
263033
259776
263030
259764
259760
259628
259610
259623
259624
259627
263035
263037
263036
259625
259626
259629
259614
259615
262899
262900
262898
262901
262902
259604
259602
259603
259611
259612
259613
242746
242747
259758
259759
242751
259755
259757
259756
259606
259622
259605
259609
259630
259633
259631
259685
86
87
4574
4592
259616
259617
110
107
5813
4591
4593
4594
4698
4697
4630
4631
399
1878
1879
1880
1882
1881
1895
1893
1894
1896
1897
1899
1898
1900
1875
1874
1959
1965
1971
1955
1956
1972
6455
1949
1948
1937
1938
1945
1944
1923
1964
1921
1922
1960
1961
1946
1962
1947
1919
1918
1916
1920
1877
1917
6418
1876
1915
1958
1908
1909
1907
1910
1905
1903
1904
1906
1911
1912
1913
1914
1929
1943
1970
1963
1872
1873
1883
1884
1928
2001
2002
4404
4406
4408
4407
4454
4409
4411
259674
259668
259675
259665
259666
259664
259663
259657
259658
259641
259532
259639
259640
259642
259646
259587
259591
259593
259595
259594
259592
259645
259647
259588
262896
262897
259573
259586
259634
259527
259635
259636
259638
259525
259526
259637
259531
259530
259643
259644
259648
259655
259654
4410
4405
259673
263038
257830
257831
259669
259670
259661
259662
259659
259660
259667
4403
4451
4448
4449
4421
4453
4452
4419
4422
4429
4428
4430
4420
4427
4426
4431
4434
4435
4439
4437
4425
4423
4424
4416
4418
4450
4417
259694
259671
259672
259577
259576
259566
259567
259565
259693
259557
259562
259561
259564
259556
259559
259560
259656
259552
259553
259554
259558
259546
259549
259548
263960
259547
259539
262201
259537
257841
261648
264214
261649
264217
264220
264219
264218
264215
264216
257840
263908
263909
263911
263913
263915
263921
263919
263918
263920
263914
263916
263922
263917
263912
263910
258279
258280
259495
263039
258302
259538
259494
258319
259496
258317
258316
258315
258318
258320
258322
258323
255021
255020
263207
258327
258331
259691
259692
259696
260337
4436
258330
258332
258333
258314
258321
258324
261582
259529
259533
259555
4413
4415
4412
4414
4455
4464
4606
4605
4604
4528
4535
4529
4471
4469
4472
4470
4607
4477
4610
4612
4537
4608
4625
4609
4627
4634
4636
4635
4637
4638
4640
4617
4624
4656
4657
4622
4614
4616
4615
4621
4619
4613
4618
4639
4699
4632
4633
4704
4620
4626
4629
4611
4467
4480
4485
4517
4650
4651
4652
4653
4654
4655
4518
4520
4519
4486
4487
4664
4665
4666
4521
4522
4481
4482
4479
4504
4505
4513
4511
4512
4515
4516
4514
4457
4458
4478
4456
4461
4462
4463
16
17
4446
4445
4447
4444
4441
4490
4491
4506
4507
4508
4498
4499
4494
4509
4495
4151
263700
263984
257847
257848
263699
263702
261603
262237
261604
262889
263985
261352
261351
261392
263318
260089
261585
261586
262041
263065
262936
261596
262044
263983
263703
260984
260348
261345
260347
260088
263701
4815
4816
4440
259697
259703
259704
259721
259722
259723
263896
263895
261236
261232
261233
263891
263892
263893
261234
261231
259725
259724
259705
259709
259710
259698
261229
261230
4890
4887
4888
1729
1730
4886
4889
4891
4893
4892
4438
4442
4443
4433
4432
33
35
249
34
230
164
165
4856
4859
4860
6459
4857
40
41
4858
4914
4855
4847
4854
4852
4853
4488
4489
4510
4848
6367
6368
4845
4667
4846
4849
4885
4871
4870
4872
4843
4868
4869
260311
4844
4842
4867
4840
4864
5151
4837
4861
4862
4863
4865
4866
4838
4850
4851
4830
4822
4823
4827
4828
4829
4817
4831
4832
4833
4834
4836
4835
4841
4839
4820
4821
4824
4825
4826
1550
1551
1559
1560
1624
1632
1813
1814
1753
1754
1755
1819
1749
1748
1752
1747
1743
1744
1742
1741
1740
1739
6410
1591
1689
1585
1584
1688
1579
1577
1578
1583
1586
1587
1589
1590
1737
1736
1734
1745
1733
1731
1735
1732
1738
1746
1634
1815
1817
1825
1826
1828
1671
1837
1674
1675
1673
1934
1931
1930
1925
1932
1933
1669
1924
1926
1670
1927
1666
1664
1665
1662
1659
1646
1642
1643
1637
1644
1645
1652
1655
1901
1902
1654
1651
1648
1647
1650
1653
1668
1649
1663
1667
1672
1859
1660
1661
1816
1827
1658
1628
1625
1627
1626
1629
1638
1640
1641
1639
1630
1657
1633
1656
1601
1635
1636
1621
1603
1620
1599
1602
1600
1631
1623
1597
1598
1558
1552
1554
102
5187
5189
5192
5190
5193
5194
5191
5222
5229
5232
5235
1541
1563
1562
5233
5236
5678
5237
5249
1575
1574
1582
1568
1567
1565
1566
1571
1580
1581
1572
1588
1573
1569
1570
1561
1564
1555
1547
1548
1553
1557
1556
1543
1544
1545
1546
1542
5234
5230
5228
5231
5227
5181
5182
5200
5183
5203
5184
5204
5198
5197
5199
5201
5207
5202
5209
5213
5215
5224
5225
5239
5240
6498
5238
5216
5212
5217
5219
5218
5241
5210
5211
5223
5205
5226
5206
5214
5208
5163
5164
5165
5166
5167
5162
5169
5171
5170
5172
5173
5196
5179
5186
5185
4808
4804
4805
4806
4813
4787
4788
4785
4795
4801
4796
5177
5178
5176
5175
5149
5150
5180
5195
5168
5141
5142
5143
5146
5152
5140
4906
4907
4908
4909
4912
4913
5145
5153
5156
5154
5155
5157
4923
5144
4915
4910
4789
5147
5148
4807
1540
103
5188
259954
260007
260008
260009
260018
260022
261196
260074
260075
260076
260006
260005
260019
260023
261977
261978
262062
260021
260020
260017
259984
259985
262330
262329
262909
264090
264156
264154
264155
262322
262325
262327
262320
262326
262324
262319
262318
262317
262321
262316
262323
263879
264336
263878
259995
260090
260091
260066
260092
260093
260004
260094
260003
260002
260001
259998
259999
260249
260086
260087
260063
260057
260058
260060
260067
260061
260062
261872
260078
260059
260000
260077
260083
260081
260082
260100
260312
263807
263808
260080
260065
260064
259996
5536
260611
5537
25
4099
4972
4970
4971
4966
4967
94
4969
95
260341
260342
260336
236251
236252
236333
236262
245054
248779
260338
260339
260340
237967
260354
260355
261780
260353
260391
260392
260394
260395
4976
4975
5063
5064
43
5065
5066
5067
260439
260440
260442
260444
260443
260459
260460
260462
260468
260592
260593
260595
260594
260596
260597
260583
260582
260581
260578
260576
260580
260603
260609
260610
260604
260612
260602
260605
260606
260607
257268
260608
257181
257269
257270
257272
257273
257277
257279
257278
257274
257276
257280
257275
257230
257228
257226
257227
257224
257225
257213
257211
257212
257223
257191
257189
257187
257186
257161
261779
257160
257159
257158
261182
256656
256658
256659
256714
256711
254915
254905
254906
264121
256653
256703
256710
256651
256650
256646
256652
260310
260296
260295
260293
260294
260270
260252
260247
260263
260145
263775
260146
263777
263776
260251
260250
260243
260242
260234
260239
260241
260240
260235
260048
260253
256645
260256
260257
260258
260254
260255
256644
260297
256655
256654
256657
256660
256713
256704
256705
256715
257188
257175
257177
260561
260563
260564
257180
260555
260559
260562
260600
260560
260557
260543
260553
260556
260552
260547
260550
260549
260548
260546
260545
260513
260515
260510
264120
261181
261180
257166
260507
260508
260500
260506
260504
260503
260505
260511
260489
260497
260498
260523
260519
260529
260540
260539
260541
260532
260534
260533
260526
260524
260531
260530
260528
260518
260494
260492
260495
260487
260486
260481
260484
260478
260483
260482
260289
260291
260307
260304
260288
260284
260283
260279
260278
260276
260268
260267
260265
260264
260266
260271
260272
260285
260286
260269
260261
260259
262988
263470
260260
260262
260273
260274
260275
260280
260282
260474
260475
260477
260373
260379
260380
260479
260389
260378
260473
260277
260281
260287
260298
260300
260299
260303
260302
260301
260476
260290
260480
260491
260499
260496
260490
260485
260488
260308
260309
261204
260306
260305
260501
260502
260512
260509
257165
257167
257168
260514
257170
257169
257171
257172
260527
260525
260542
260554
260551
257178
257176
257173
257174
263408
257179
257185
257231
257229
257182
260601
260599
260544
260558
260577
260567
260568
260573
260574
260585
260584
260465
260457
260458
260464
240526
260447
260449
260450
260451
260456
260452
260453
260454
263849
263851
263850
263860
263858
263853
263852
263848
260438
260535
260536
260537
260522
260521
260520
260517
260419
260420
260418
260493
260388
260385
260390
260414
260415
260421
260422
260424
260435
263861
260417
260423
260408
260412
260432
260431
260430
260446
260429
260428
260427
260425
260426
260410
260409
260411
260406
260407
260386
260383
260370
260371
260381
260376
260374
260375
260372
260199
260366
260367
260368
260182
260192
261781
260197
260198
260194
260196
260188
260189
260185
260187
260183
260184
260158
260155
260161
260159
260173
260172
260175
260171
260346
260357
260358
260359
260398
260400
260403
260404
260405
260399
260176
260364
260349
260350
260361
260360
260362
260160
260166
260169
260170
260167
260168
260345
260343
260331
260329
260330
260333
260332
260335
263859
4952
4953
4954
4955
4956
4957
4960
4963
4964
4965
4962
4968
4959
4961
4958
260114
260115
260164
260165
260113
260112
260157
260129
260127
260125
260128
260126
260117
260118
260133
263857
263988
263856
263854
263986
261785
263987
260132
260134
260150
260151
261784
260123
260122
260120
260121
260026
260025
260035
260038
260039
260033
260036
260034
260031
260028
260068
260069
260070
260072
260079
260073
257838
257837
260119
257839
260071
260032
260029
260030
257836
260027
257835
260042
260040
260041
260130
260131
260037
260116
260085
260111
260084
260101
260102
260105
260106
260103
260110
260104
260156
261783
260152
260153
260162
260163
260190
260186
260195
260191
260181
260179
260178
260177
260180
260174
260193
260365
260369
260363
260396
260413
260387
260384
260382
260377
260416
260516
260434
260455
260565
260566
260437
260436
260433
240288
240289
240448
240376
240472
260463
260572
260569
260571
260538
260570
260575
260587
260588
260589
260591
260579
260598
260590
260472
260471
260470
260469
260586
260467
260466
5114
5115
5116
5120
5118
5117
5119
5073
5068
5010
5011
5069
5005
5008
5009
5003
5000
4999
260461
260448
5113
5001
5002
5072
260445
260441
260401
260402
44
45
4974
260393
260397
260356
260344
237968
260334
26
46
47
260314
260313
262274
262275
260318
260317
260328
260321
260323
260325
260327
260326
260324
260315
260320
260316
260108
260322
260109
261650
263855
264064
260095
260107
260096
260097
260099
260098
4928
4927
4877
4878
4929
4883
4882
4881
4879
4880
4875
4876
4873
4874
4459
4460
4894
4884
4930
4917
36
37
4911
4916
4902
4898
6387
4901
4900
4895
4474
4935
4936
4941
4948
4942
4949
4943
4938
4896
6374
4897
6504
6389
4473
4932
4931
4475
4476
4483
4899
4937
4484
4497
4496
4933
260319
4934
4940
4492
4493
4939
88
89
5130
5123
5124
5125
5547
5554
5555
5562
5561
5563
5556
5558
5549
5564
5565
5570
5604
5605
5603
5569
5571
5600
5572
5573
5601
5606
5607
5602
5614
5593
5615
5594
5613
5595
5568
5566
5567
5559
5560
5599
5552
5550
5553
5548
5551
5576
5577
5580
5578
5579
5581
5592
5596
5616
4147
5617
5626
4148
4150
4149
5624
5620
5627
5636
5628
5618
5619
5623
4145
4144
4111
4134
4135
4123
4124
4122
4121
4120
4118
4119
4132
4117
4115
4116
4114
4126
4129
4130
4127
4125
4128
6496
4102
4104
4103
5542
5543
5544
5545
5585
4109
4819
4818
4107
4105
4108
4106
5540
5539
4133
4131
4110
4136
4141
4142
4139
4143
4140
6399
4146
4137
4138
4112
4113
5597
5598
5586
5584
5583
5587
5588
5589
5591
5590
5582
5541
5538
5575
5574
5314
5557
6404
5546
5122
90
91
92
93
260044
260047
260046
260052
260056
260055
260138
260137
260142
260144
260148
260147
260154
260149
260143
263778
260135
260139
260141
260140
260136
260054
260053
260051
260050
260049
260045
262291
263469
49
51
5261
5262
5286
5303
5320
5321
5322
5323
5324
5339
5340
5454
5456
5460
5459
5461
5464
5467
5468
5469
5458
5396
5395
5293
5292
5282
5285
6511
5284
5280
5268
5257
5253
5254
5256
5269
5281
5289
5290
5267
5270
5255
5251
5252
5263
5160
5161
5158
5159
5031
4926
4925
4922
4921
6513
4919
4903
4918
4944
4950
4924
5061
5260
5258
5259
5058
5062
5294
5112
5299
5307
5308
5317
5318
5305
5325
5327
5329
5332
5341
5342
5343
5345
5344
5348
5350
5462
5463
5465
5351
5369
5370
5466
5485
5366
5368
5371
5367
5361
5359
5360
5355
5353
5354
5331
5315
5316
5319
5352
5334
5330
5365
5338
5349
5346
5347
5336
5333
5328
5326
5311
5309
5310
5136
5300
5137
5134
5133
5103
5106
5111
5102
5104
5105
5108
5107
5092
5093
5097
5098
5099
5100
5089
5091
5096
5085
5083
5084
5090
5094
5095
5127
5086
5121
5087
6403
6510
5082
5070
5071
5077
5079
5080
5081
5076
5075
5074
5007
5006
4997
4985
4989
4996
4990
4995
4998
4951
4946
4947
4977
4980
4978
4979
4983
4982
4920
4945
5078
5101
5132
5126
5135
5138
5306
5298
5110
5109
5088
5059
6490
5045
5043
5044
5060
5050
5054
5053
6482
6484
6483
5048
5049
5052
5051
6481
6480
5047
6479
5029
5046
5028
5030
6478
6477
6485
6486
5027
6487
5025
5023
5026
5024
5022
5020
6476
5021
5019
6488
5014
5015
5042
6489
5018
5016
5041
5017
52
53
4991
4992
4993
5013
5012
4994
5035
5036
5034
5033
6409
5032
5039
5055
5057
5056
5037
5040
5038
4973
4984
4986
4988
4987
4981
5283
5457
5455
5337
5335
5287
5288
5304
5295
5296
5297
5301
5302
50
5128
5129
5131
5139
6454
5312
5313
5264
5265
5266
5004
54
55
56
57
5389
5385
5386
5379
5381
5382
5220
5221
5376
5377
5378
5276
5277
5275
5274
5273
5174
5271
5272
5387
5390
5392
5391
5393
5401
5400
5394
5397
5399
5291
5278
5279
5373
5374
5380
5375
5372
5388
58
59
5411
5412
5413
5422
5423
5424
5425
5431
5432
5443
5430
5442
5445
5446
1699
1704
5450
5451
5452
5453
5520
5515
5517
1758
5521
5522
5518
5519
5523
5524
5526
5514
5510
5513
5525
5534
5535
5529
5527
5528
5530
5533
5531
5532
5649
5661
5662
5668
5663
5664
5671
5672
5667
5669
5670
6363
5682
5666
5665
5652
5651
5653
5660
5659
5658
5657
5656
5655
5645
5644
5643
5635
5641
5640
5488
1314
1313
5489
5638
5637
5634
5632
5633
5648
5647
5646
5642
5654
5650
5639
5499
5493
5497
5494
5495
5496
5498
5491
5490
5506
5508
5509
5484
5482
5479
5470
5480
5403
5471
5474
5475
5476
5503
5504
5501
5505
5500
5502
5438
5437
5439
5447
5440
5448
5435
5434
5428
5426
5427
5433
5436
5398
5404
5472
5473
6405
5402
5492
5511
5512
5507
1763
1764
1768
1769
1777
1770
1782
1783
1784
1785
1781
1791
1809
1811
1812
1810
1795
1792
1793
1794
1796
1806
1790
1802
1803
1807
1860
1864
1863
1849
62
63
1848
1846
1847
1851
1787
1797
1824
1765
67
1857
1855
1856
1858
1854
1853
1800
1804
1799
1798
1861
1865
1871
1869
1870
1866
1868
1867
1808
1862
1805
1801
1788
1789
1786
1776
1779
1766
1778
1775
1772
1774
1773
1771
1726
1727
1725
1716
1718
1717
1719
1751
1728
1767
1712
1714
1715
1724
1711
1750
1695
1694
1701
1700
1692
1691
1685
1686
1684
1690
1683
1681
5680
104
1677
1679
1678
5679
1576
105
5421
5420
6463
5419
5417
5414
5416
5415
5250
5248
5410
5247
5246
5245
5243
5244
5384
5408
5407
5383
5405
5406
5242
1680
1687
1693
1713
1722
1720
1721
1706
1710
1707
1708
1709
1723
1780
1762
1761
5483
1760
5481
1759
1757
5516
1756
5449
5681
1705
1702
1698
1703
1697
5444
5441
1696
1682
5418
5429
5409
66
5477
5478
5487
5362
5358
5357
5356
5363
5364
5608
5609
5610
5486
5621
5622
5625
5631
5630
5611
5612
5629
60
69
70
2161
2158
2160
2159
2157
2154
2153
2155
1676
1838
1840
1839
1841
1843
1852
1836
64
65
1850
1833
1831
1832
1823
1821
1820
1822
1844
1845
1818
1829
1830
1834
1842
1835
2156
71
68
61
1935
1936
1942
1941
1939
1940
1952
1950
1957
1951
1953
1954
2162
259596
259599
262903
263458
259600
259601
262904
262905
