3423
159960
162299
162297
169646
169645
169635
169647
169637
169655
162218
162216
162217
162215
169607
169592
169593
169594
169610
172556
172560
172557
172559
169588
169589
169577
169576
169575
169585
169581
169583
169584
169595
169582
169605
172797
169602
169603
169604
161819
169606
169614
169615
172561
172563
172562
169616
172857
169611
169634
169633
169626
169627
169654
169621
169622
169620
169678
169653
169652
169648
172885
169649
169650
169651
169624
169623
169665
169666
169669
169668
169674
169675
169686
169684
169685
169687
170113
169689
172196
169690
172194
172195
169688
170112
169889
169695
169867
169868
169891
169882
169884
169885
169558
169562
169563
169564
169887
172567
169553
172565
172566
172570
172569
172568
169551
169552
169890
169881
169880
169876
169877
169878
169863
169879
169861
169860
169827
169755
169754
169751
169747
169748
169749
169507
169501
169499
169500
169498
169422
169423
169497
172891
169505
169510
169506
172555
169495
169492
169494
169493
169859
172553
169496
169549
169489
169424
169420
169421
169387
169440
169502
169752
169771
169853
169550
169503
169504
169825
169826
169871
169872
169874
169875
169873
169870
169862
169530
169539
169554
169555
169537
169538
169516
169518
169519
169520
169521
172554
169490
169491
169517
169529
169531
169512
169471
169472
169473
169474
169515
169514
169513
169547
169546
169541
169540
169561
169542
169548
169522
169524
169545
169486
169484
169488
169481
169671
169680
169670
169672
169483
169664
169663
169286
169463
169283
169253
169254
169281
169456
169457
169459
169464
169252
169256
169257
169460
169461
169465
169458
169259
169437
169435
169453
169451
169450
169448
169475
172808
172810
172812
172811
172809
169476
172794
169477
169478
169479
169470
169528
169532
169533
169534
169525
169535
169536
169526
169527
169449
169446
169447
169452
172193
169436
169358
169431
169430
169429
169272
169240
169241
169239
169231
169217
169225
169238
169234
169207
169208
169224
169237
169331
169332
169330
169236
169325
169326
169327
169328
169346
169347
169352
169353
169354
169355
169356
169357
169412
169407
169408
169414
172551
169406
169386
169411
169419
169418
169417
169415
169393
169404
169405
172552
169080
169082
169083
169104
169392
169391
169390
169416
169389
169388
169364
169365
172835
172836
169363
169349
169351
169413
169350
169105
169340
169339
169361
169362
169360
169427
169334
169338
169433
169432
169348
169345
169344
169343
169342
169333
169426
169335
169425
169243
169336
169337
169341
169324
169323
169206
169211
169223
169212
169214
169125
169126
172729
169112
169056
169058
169027
169031
169032
169039
172732
172735
169079
169052
169053
169054
169049
169077
169078
169093
169102
169101
169099
169100
169095
169084
169085
169089
169088
169314
169087
169303
169304
169305
169091
169075
169074
169071
169070
169072
169086
169090
169073
169092
169076
169098
169103
169096
169097
169048
169050
172728
169051
169033
169035
169034
169036
169029
169030
169028
169110
169046
169047
169045
169044
169108
169117
169116
169115
169114
169142
169141
169144
169213
169215
169219
169149
169148
169177
169218
169176
169178
169179
169180
169191
169192
169246
169245
169228
169226
169200
169196
169197
169195
169193
169194
169190
169189
169182
169181
169183
169249
169265
169266
169270
169273
169274
169263
169262
169276
169261
169271
169268
169267
169269
169296
169600
169601
169570
169569
169579
169578
169573
169572
169187
169188
162144
169167
169168
169166
169165
169164
169152
169154
161800
161799
161796
161794
161765
161764
161761
161757
161749
161750
161758
161752
161731
161732
161641
161730
161642
161733
161643
161639
161748
161737
161738
161739
161740
161741
161742
161743
161791
161792
161801
161812
161811
161809
161808
161803
162139
162138
162140
162137
162131
162141
162142
162123
162122
162124
162061
162120
162127
162125
162130
162057
162058
162128
162053
162052
162129
162132
162068
162070
162069
162087
162083
162082
162086
162078
162092
162089
162088
162080
162081
162049
162050
162051
162063
162033
162035
162042
162045
162041
161911
162030
162032
162037
162040
161774
161773
161771
162059
162062
162039
161772
161778
161777
161779
161789
162071
161780
161783
161784
161767
161766
161729
161728
161746
161696
161698
161700
161702
172884
161701
161727
161722
161594
161717
161718
161719
161725
161770
161707
161720
161596
161721
161597
161536
161538
161539
161540
161541
161542
161593
161581
161582
161716
161897
162028
162029
161709
161708
161895
162025
162027
161710
161711
161713
161712
161714
161715
161583
161896
161595
161703
161704
161723
161699
161724
161726
161745
161781
161786
161768
161769
161775
161776
161706
162038
162031
162026
161894
161915
161916
161956
162043
162036
162034
162055
162056
162064
172380
162048
162046
162044
162047
162079
162074
162075
162076
162077
162084
162085
162072
162073
162054
162121
161788
161787
162060
162126
161802
161807
161810
161782
161806
161793
161785
161744
161735
161697
161762
161736
172853
161747
161751
161763
161756
161755
161790
161795
161798
161797
161814
161815
161813
162145
162143
162146
169186
162147
169571
169185
169293
169291
169292
169290
169287
169289
169288
169294
169295
169250
169264
169248
169247
169184
169169
169162
169163
169153
169155
169158
169159
169161
169157
169136
169137
169123
169124
169138
169129
169139
169128
169106
161667
161677
161666
169118
169119
161760
161754
169120
169122
161753
169151
161693
161695
161694
161734
161759
161676
161675
161674
161673
161672
161671
161670
161640
161691
161690
161669
161692
161668
169121
169135
169172
169134
169131
169132
169133
169156
169150
169160
169173
169170
169171
169130
169174
169146
169175
169147
169145
169143
169140
169127
169107
169109
169042
169024
169025
170690
161688
161687
169023
169043
169026
169057
172730
172731
169038
169111
169094
169113
169329
169244
169235
169222
169210
169232
169233
169209
169220
169221
169227
169216
169201
169202
169229
169203
169230
169242
169204
169428
169359
169434
169205
169258
169454
169260
169282
169275
169277
169278
169279
169280
169255
169284
169462
169251
169480
169482
169466
169468
169543
169544
169523
169560
169681
169683
169559
172574
169691
169692
169485
169487
169467
169455
169469
169511
169556
169557
169888
169883
169886
169869
169693
169694
169682
169677
169679
169676
169673
169667
169285
169619
169628
169625
169612
169632
169590
169597
169598
169613
169599
161820
161818
169631
169629
169630
161816
161817
169596
169586
172817
172796
172798
169580
172828
169574
162180
162151
162152
162177
162184
169617
169608
169609
169618
172558
162182
162220
159970
159969
162183
162185
162172
162158
162159
162160
162161
162175
162162
162163
162164
162165
162166
162117
162118
162154
162168
162155
162156
162167
162157
162153
162178
162179
162150
162097
162099
162136
162135
162090
162091
162065
162067
162148
162066
162134
162096
162119
159965
159966
159967
162169
162170
162171
159968
162176
162149
162133
162181
169587
169591
162221
169638
169636
162219
169644
169643
169656
162298
159963
162222
162241
162223
162224
162227
162228
169657
162242
162234
169661
169662
169659
169660
169658
170115
162236
162238
162239
162225
169639
162226
162237
162235
162232
162233
162231
162243
162229
162230
159964
162240
169642
169640
169641
162296
159962
159961
161585
161606
161644
161645
162197
162212
162213
162195
162196
160037
160038
162211
162023
162022
162024
161981
161980
162207
162208
162209
162210
162191
161985
161984
162190
162189
162018
162019
162016
162003
162002
162007
162008
162017
162009
172381
162005
162001
162000
213331
213327
213328
213330
213338
213339
213357
213360
213361
213362
213373
213375
213376
213374
213364
213366
213369
213349
213350
213641
213642
213644
213647
213662
213666
213668
213382
213381
213377
213378
213379
213372
213371
213648
213368
213367
213680
213669
213670
213665
213657
213655
213677
161247
161249
162295
161250
213682
214585
213686
213676
213685
213674
213679
213675
213681
213672
213683
213678
213658
213673
213654
213639
213637
213651
213646
213650
213656
213671
213649
213661
213640
213634
213633
213627
213628
213316
213620
213621
213622
213618
213619
213626
195200
195199
213623
213625
213631
213635
213616
213607
213615
213605
213606
213604
213603
213601
213596
213597
213212
213598
213609
213315
213612
213301
213610
213300
213303
213307
213308
213318
213319
213321
213313
213317
213346
213342
213351
213352
213353
213359
213343
213340
213341
213337
213333
213332
213287
213285
213284
213282
213325
213281
213323
213324
161997
161996
161995
161935
161936
161979
213269
213268
161850
161852
161854
161853
161856
161855
161851
161871
161870
161882
161888
161887
161881
172868
161880
161885
161934
161942
161943
161941
161940
161961
161962
161959
161960
161976
161955
161971
161958
161957
161952
161907
161910
161920
161950
161951
161922
161900
161902
172376
161891
161893
161901
161874
161873
161878
161831
161872
161877
161875
161923
161925
161932
161954
172866
161924
161865
161867
161515
161518
161843
161840
161841
161845
161839
161838
161844
161508
161512
161513
161492
161496
161495
161486
161503
161488
161489
161504
161487
161497
161498
161501
161502
161500
161505
161484
161490
161439
161441
161440
161438
161482
161483
161481
161485
161509
161511
161521
161857
161863
161864
161847
161848
161862
161859
161860
161861
161858
161520
161519
161516
161493
161459
161476
161474
161465
161473
161472
161471
161469
161470
161467
161468
161466
161464
161463
161460
161462
161461
161475
161494
161477
161478
161479
161480
161491
161510
161506
161507
161499
161837
161453
161452
161842
161451
161827
161828
161826
161567
161568
161823
161822
161890
161889
161590
161588
161589
161587
161586
161898
172377
161899
161905
161584
161904
161914
161913
161918
161912
161903
161919
161591
161592
161550
161551
161560
161562
161561
161559
161552
161824
161825
161553
161821
161456
161457
161569
161454
161455
161563
161564
161565
161566
161556
161557
161558
161555
161554
161570
161572
161571
172375
161450
161449
161517
161514
161849
161908
161876
161921
161926
161866
161832
161833
161835
161834
161829
161830
161836
161892
161879
161917
161909
161906
161953
161928
161927
161929
161930
161931
161933
161886
161868
161869
161846
161883
161884
161937
213278
213279
213271
213274
213272
213275
213305
213293
213290
213292
213291
213296
213299
213297
213295
213210
213205
213208
213207
213209
213570
213573
213574
213594
213571
213572
213582
213583
213584
213585
213587
213590
213592
213608
213579
213588
213589
213580
213581
213551
213552
213548
213546
213564
213563
213565
213542
213541
213557
213558
213559
213560
213561
213562
213553
213554
213556
213504
213555
213502
213510
213520
213521
213518
213519
213514
213513
213516
213539
213532
213536
213544
213547
213533
213531
213530
213528
213535
213538
213537
213534
213566
213190
213187
213193
213192
213198
213191
213197
213196
213182
213202
213201
213203
213174
213170
213200
213167
213166
213171
213172
161458
213161
213158
213159
213160
213179
213177
213175
213178
213185
213184
213163
213140
213136
213183
214566
213145
213148
213147
213146
213499
213523
213524
213525
213501
213461
213473
213466
213467
213458
213459
213463
213462
213450
213446
213447
213442
213443
213445
213469
213448
213449
213464
213468
213471
213494
213495
213491
213492
213493
213487
213485
213484
213489
213490
213488
213482
213486
213470
213460
213472
213456
213455
213454
213497
213127
213126
213101
213129
213130
213107
213108
213135
213137
213139
213138
213143
213122
213128
213095
213091
213088
213120
213123
213090
213087
213075
213089
213114
213124
213132
213125
213118
213116
213117
213119
213153
213154
213155
213156
213157
213111
213112
213105
213109
213115
213106
213066
213067
213065
213063
213103
213054
213060
213061
213062
213102
213059
213055
213056
213057
213053
213050
213052
213051
213047
213048
213045
213049
213046
213058
213064
213070
213069
213078
213083
213082
213071
213072
213077
213079
213080
213081
213068
213074
213076
213073
195222
213085
213084
213086
195221
213121
213110
213096
213100
213098
213092
213094
213451
213093
213104
213113
213452
213097
213099
213453
213457
213500
213151
213498
213131
213142
213144
213141
213133
213134
213168
213162
213164
213169
213173
206761
215118
206760
209295
214680
213266
213199
213180
213181
213186
213150
213149
213152
213527
213526
213529
213506
213507
213508
212350
198787
198786
213515
213511
213512
213503
213505
213475
213474
213476
213496
213509
213522
213517
213540
213543
213545
213550
213577
213549
213576
213575
213578
213569
213568
213567
213195
213206
213194
213204
213288
213289
213273
213270
213267
213276
213277
213280
213283
213309
213310
213311
213306
213294
213304
214565
213298
213599
213600
213593
213211
213595
213586
213602
213611
213189
213591
204917
198805
198804
204965
204919
214464
204918
204964
213630
213617
213624
213629
213188
213614
213613
213314
213312
213632
213636
213638
213653
213652
213663
213667
213660
213664
213645
213643
213356
213355
213347
213354
213348
213320
213363
213370
213365
213358
162021
161987
161988
161989
213344
213345
213336
213334
213335
161993
213329
213326
213286
161999
162004
161947
161949
172867
172379
172378
161938
161939
161945
162020
172145
162014
162012
162013
162011
161944
161948
161998
161992
161994
161991
161990
161983
162006
161946
162010
162015
161986
161982
161248
161973
161977
161978
161963
162109
172839
162110
161965
161966
161967
162107
162108
161968
161964
162102
162101
162104
162114
162188
162194
162206
162214
162204
162203
162202
162200
162201
162199
162205
162198
162192
162193
162187
162186
172382
162113
162111
172383
162112
172384
162116
162094
162095
162098
162106
162103
162105
162100
162115
162093
161969
161970
161972
161974
161975
155250
161663
161678
169037
169040
169055
168998
168999
169041
161683
161684
161685
161686
161681
161632
161633
161635
161637
161638
161628
161626
161625
161624
161618
161619
161649
161654
161659
161655
161660
161665
161656
161653
161680
161652
161651
161646
161648
161599
161598
161621
161616
161602
161603
161617
161623
161604
161605
161608
161601
161600
161647
172652
161658
161657
161447
161446
161445
164630
164629
168996
169000
169001
169005
169006
169007
169011
169012
169013
169014
169018
169063
169062
169059
169064
169065
169060
169066
169067
164870
164695
164689
164690
164694
164873
164691
164692
164645
164646
164656
164657
164658
164659
164660
161443
161442
164624
164623
172154
161424
161425
161426
212707
214281
212580
212581
214282
214586
214288
214683
213405
214286
214284
214287
213260
213259
213261
213265
213264
213263
213258
213257
213255
213254
213252
213250
213248
213249
213244
213246
213247
213241
213242
212504
212502
212508
212561
212560
212559
212507
212576
212570
212577
214280
214278
215022
215021
215023
214279
212572
214275
214277
212550
214276
212547
212549
212548
212567
212557
212573
215020
212574
212568
212565
212566
212558
212498
212495
212497
212487
212499
212500
212484
212302
212482
212301
212295
212294
212296
212478
212480
212490
212489
212492
214684
212476
212475
212521
212525
212535
212541
212542
212545
161427
161428
212527
212543
212524
212555
212539
212540
212537
212536
212538
212533
212532
212534
212530
212528
212531
212516
212515
212529
212514
212510
212468
212463
212461
212462
212464
212366
212457
212446
212443
212456
212442
212440
212441
212451
212459
212460
212472
212512
212513
212473
212469
212454
212452
212448
212470
212449
212450
212266
212267
212288
212292
212262
212261
212246
212245
212256
212255
212258
212259
212263
212253
212251
212249
212248
212436
212252
212260
212257
212264
212265
212466
212453
212447
212254
212250
212437
212439
212444
212438
212445
212458
212465
212467
212511
212517
212518
212519
212526
212520
212522
212523
212494
212552
212553
212551
212474
212471
212455
212481
212293
212477
212297
212287
212483
212491
212479
212496
212493
212554
212556
212544
212546
214274
212571
212575
212569
212506
212505
212501
212503
212486
212485
212488
213240
213243
212509
213251
213253
212563
213256
212564
213262
213404
214285
212562
212579
212578
212706
214283
161423
164622
164621
164628
164627
164626
164671
164675
164681
164682
172155
164680
164679
164683
172156
164684
164687
164677
164676
164678
172434
164616
164617
161435
161436
161437
164614
164615
164620
161418
161417
161415
161416
164672
164673
164674
164618
164619
161419
161420
161421
161422
164643
164644
164642
164640
164641
164639
164638
164696
164688
164637
164635
164636
164634
164868
164869
169061
161530
161531
161533
161532
161529
169015
169020
169017
169016
169021
169022
161526
161525
161534
168997
155254
155253
161527
161528
164874
164693
169019
169010
169009
169008
169004
169003
169002
155252
161444
161448
161650
161620
161622
161615
161609
161610
161611
161612
161629
161634
161630
161631
161613
161614
161636
161627
161607
161682
161689
161535
161679
161662
161664
161661
155251
164631
164632
164633
164599
164600
164601
164602
164625
164603
172161
164604
172160
164605
164606
164607
172157
172158
172159
164608
164609
172439
172443
172440
172441
195177
195176
213426
213427
214576
214661
198669
214660
198670
213418
213428
213429
213432
213434
213436
213437
213438
213441
213435
213478
213477
213479
213483
214662
213444
213416
213411
213412
213414
213415
213407
213402
213390
213389
214682
213401
213403
213424
213423
213399
213396
213384
213383
213393
213392
213395
213391
213385
214575
213386
213387
213388
214578
213019
213017
213018
213022
213021
213034
213030
213031
213037
213032
213035
213033
213036
213025
213029
213026
214677
214675
214676
213000
212992
213001
212979
213023
213006
213024
213005
213010
213011
213009
213013
213012
212665
212667
212666
214555
213007
213008
213003
212978
212977
212997
212998
212986
213004
212999
213027
213038
213043
213419
213028
212980
213015
213014
213016
213020
213400
213398
213394
213406
213409
213417
213413
198604
198605
213481
213430
213408
213425
213397
213044
198671
213422
213410
213420
213421
213431
213433
194603
194602
212993
212972
212994
212989
212995
194981
194980
212981
212996
212982
212985
212987
212988
212984
212983
214669
214670
214671
214672
212934
212932
212935
212958
212956
212962
212967
212968
212969
212965
212966
212964
212952
212954
212951
212949
212942
212946
212944
212945
212947
212948
212943
212941
212908
212909
212905
212907
212886
212906
212904
212883
212881
212882
212885
212887
212975
214668
212851
212850
212847
212846
212845
196335
196336
212839
212840
214665
212780
212837
212779
212773
212775
212774
212776
212778
214579
212772
212770
212768
212766
212767
212824
212827
212842
212841
212844
212836
212833
212834
212835
212765
212763
212764
214976
212751
212752
212819
212817
212820
212829
212828
196153
196155
196154
212818
212749
212748
212816
212747
212739
212743
212746
212740
212741
212744
212716
212755
212756
214664
212757
212758
212760
212759
212735
212736
212731
212737
212738
212725
212719
212718
212699
212700
212705
212709
212702
214678
214679
212703
214748
212704
205165
205163
205151
205164
209210
205150
205149
212690
205148
212696
212697
212692
214765
212693
212694
212710
212712
212713
212714
212722
212726
212727
212728
214663
212730
212729
212721
212723
212724
212711
212717
212720
205147
205152
205166
205168
205167
205171
205170
205169
205172
205173
205175
205174
212698
212691
212695
205971
212701
212708
205970
212732
212733
212734
214558
212754
212715
212687
212685
212750
212745
212742
212761
212753
212832
212831
212830
212823
212825
212822
196156
212688
212689
212771
212769
212777
212838
212782
212826
212843
212803
212805
212813
212814
214667
212804
212812
212811
212878
212809
212808
212810
212876
212874
212875
212893
212895
195980
212894
212899
212901
212902
212936
212938
212923
212928
212924
212929
212927
212933
212926
212976
212925
212918
212920
212916
212915
212913
212919
212870
212871
212896
212889
212890
212865
212888
212868
212860
212869
212858
212857
212856
212866
212863
212861
212862
212790
212852
212791
212854
212855
212853
212788
212789
212848
212849
212859
212864
212910
212911
212867
212912
212914
212917
212921
212922
212897
212898
212891
212892
212872
212873
212806
212807
196107
196152
212802
212801
212794
212797
212798
212795
212799
212796
212785
214666
212781
212783
212784
212792
212793
196108
212800
214562
212815
212880
212879
212877
212884
195979
212900
212903
212937
212939
212950
212953
212963
212955
212940
212931
212930
197454
197455
212957
212960
212961
212970
212959
212971
212973
212974
194959
194958
205107
205109
205114
205130
205124
205131
205134
205125
205132
205128
205133
205129
205141
205136
205142
205140
205144
205145
205146
205153
205154
205155
205156
205157
205158
205159
205160
205161
205162
205139
205143
205137
205127
205122
205121
205111
205138
205135
205126
205123
205120
205112
205108
204993
204999
194608
194609
205006
205017
205015
205019
205020
205036
205042
205048
205045
205047
214873
205046
205054
205055
205039
205049
205056
205053
205178
205179
205180
205181
205182
205183
205184
205185
205087
205088
205186
205089
205101
205100
205104
205102
205105
205103
205116
205115
205117
205110
205118
205113
205119
205106
205098
205097
205094
205091
205082
205081
205083
205080
205077
205075
205063
205064
205066
205062
205072
205071
205068
205067
204990
204989
204988
204987
204975
204976
204974
204967
204969
204970
204972
204973
204984
204980
204979
204982
205057
205059
204985
204986
204981
204983
205058
205060
205061
205065
205076
205090
205095
205099
205096
205093
205092
205085
205084
205079
205078
205086
205074
205073
205070
205069
205052
205051
205050
204978
204977
205038
205041
205044
205027
205043
205028
205030
205026
205029
205025
205033
205034
205032
205004
205005
205002
205003
205013
205010
205014
205012
205022
205011
205008
205009
205001
204997
204998
204996
204995
204994
205023
205024
205021
205040
205037
205035
204971
205016
204968
205007
205000
198858
205031
150384
150388
150385
150391
150387
150389
150386
150394
198840
198856
198863
214629
198862
198866
204991
204992
198867
198864
198865
198861
198860
198857
198829
198853
198854
214582
215055
215054
213659
214583
215048
215046
215045
205818
205854
205856
214934
215047
215049
214936
215050
215051
214859
214860
215053
214447
214861
215056
215057
215058
198912
198911
214923
214924
214922
205965
214912
215040
214913
214911
214745
215038
215039
215037
214746
215043
198803
214915
198806
198796
198800
198798
198799
198793
198774
198773
198771
198770
198772
198725
198728
198726
198727
214423
198724
198722
198723
198765
198764
198766
198767
198769
198776
198779
198778
198777
198768
198757
198756
198754
198755
198753
198760
198759
214653
198758
214654
214655
214656
214648
214646
214645
214647
198752
198751
198740
198739
198749
198745
198747
198746
198736
198737
198684
198685
198683
198682
198681
198673
198674
198676
198675
198672
198667
198651
198668
198649
198650
198652
198647
198646
198645
198648
198644
198637
198638
198615
198614
198613
198617
198593
198628
198629
198655
214657
198657
198659
198664
198692
198694
214651
214659
198700
198701
198706
198738
198705
198704
198702
198703
214658
214650
198693
198690
198691
198689
198665
214649
198697
198709
198698
198699
198660
198658
198666
198662
198663
198656
198661
198654
198630
198712
198632
198711
198631
198643
198626
198641
198621
198619
198623
198622
198620
198603
198618
198608
198609
198612
198639
198640
198642
198635
198633
198636
198634
198610
198611
198607
198594
198679
198686
198680
198734
198735
198742
198750
198761
198602
198744
198713
198714
198600
198599
198601
198748
198743
198720
198733
198730
198731
198729
198721
198719
198718
198763
198762
198716
198715
198797
215041
215042
198801
198802
198827
214498
197029
197030
214914
215044
205928
213684
205935
214499
198909
198910
198859
198913
214862
198824
213687
215052
214858
214935
205866
198818
198835
198834
198836
198837
198833
198843
198844
198839
198832
198831
198808
198816
198830
198815
198817
198841
198842
198846
198845
198850
198813
198814
198826
198807
198822
198820
198819
198821
198838
198851
198847
198852
198849
198823
198825
198848
198828
198855
