3503
8112
34501
34500
228902
228905
228907
228900
228898
228899
228903
228904
232122
232125
232126
232128
232131
230256
232130
232132
230262
230260
230269
230267
230270
230268
230258
230238
230241
230242
230271
230259
234498
230261
230266
230265
230263
230264
235218
230239
230232
230234
230233
234427
230240
230236
230235
230237
235130
230250
230255
230248
230243
230244
230249
228885
228884
228879
228877
228886
230245
230246
228880
228887
228889
228888
230251
230253
234621
230252
230257
230254
232121
232118
232123
230247
232127
232129
232124
232119
228901
228897
228896
228895
228865
228862
228863
228864
228881
228882
228857
228858
228859
228855
228854
228787
228799
228800
228851
228852
228801
228853
228892
228891
228890
228802
228849
228850
228860
228861
228893
228894
228883
228856
228878
234425
228875
230230
230231
228876
230697
230709
230699
230710
230761
230762
230755
230751
230752
230754
230753
230700
235469
230698
230657
230658
230660
230724
230726
230725
230659
230669
230671
230670
230674
235219
230666
230667
230692
230693
230695
230702
230705
230701
230708
230696
230694
230673
230727
230728
230729
8834
8835
34763
232182
232181
232186
232187
232162
232161
232160
232175
232176
232179
232180
232201
232203
232214
232192
232220
232215
232217
232221
232218
232219
232232
232223
232256
232224
232225
232226
232231
232230
232222
232239
232243
232244
232252
232253
232288
232291
232294
232295
232296
232317
232316
232293
232301
232299
232302
232310
232311
232313
232305
232322
232324
232327
232332
232333
232335
232340
232334
232337
232338
232318
232336
232315
232319
232331
232328
232323
232325
232308
232307
234717
232309
232314
232306
232312
232304
232300
232297
232277
232281
232278
232280
232282
232254
232248
232255
232285
232286
232247
232274
232275
232276
230750
232298
232284
235308
232283
232303
232289
232292
232279
232287
232266
232251
232245
232262
232264
232263
232265
232267
232268
232258
232257
232242
232250
232241
232240
232238
232249
232246
232236
232209
232210
232211
232212
232213
232227
232228
232191
232190
232205
232216
232202
232204
232208
232237
232234
232233
232235
230408
230421
230746
230747
230743
230748
230749
235220
230773
230774
230776
232326
232329
232330
234502
230770
230772
230775
230771
230768
230769
230758
230759
230756
230760
230764
230767
230766
230763
230757
230731
230730
230733
230732
230734
230740
230737
230736
230418
230416
230412
230415
230413
230409
230410
230411
230401
230402
230405
230406
230403
230404
230363
230364
230366
230368
230365
232194
232196
232197
232198
232193
232172
232173
232178
232167
232165
232168
232169
232170
232171
232166
232164
232163
232146
230272
232142
232145
232149
232155
232154
232157
232158
234620
232184
232183
232144
232148
232143
232147
232150
230273
230274
232140
232153
230275
230277
230279
230285
230347
230355
230348
230349
230352
230382
230384
230383
230392
230397
230398
230721
230722
230394
230399
230396
230719
230720
230715
230716
230714
230712
230713
230711
230391
230655
230390
230387
230386
230389
230388
230377
230378
235311
230331
230346
230718
230395
230393
230381
235560
230350
230351
230369
230373
230379
230380
230400
230374
230375
230376
230371
230358
230359
230360
230361
230287
230284
230282
230356
230281
230283
230357
230354
230370
230286
230280
230278
230276
232151
230288
230362
230372
230385
230414
230417
230735
230723
230717
230741
230765
230744
230745
230742
230419
230420
230407
230367
232206
232207
232195
232200
232199
232188
232189
232174
232156
232159
232185
232138
232139
232141
232177
8841
230858
232341
232133
232134
232135
232136
232137
232152
230656
234428
234429
230329
230330
230332
230353
9017
9021
9025
9028
9019
9020
9018
232272
232273
232261
232269
232270
232271
232259
232260
230214
230312
230309
230310
230311
230313
234238
230316
230318
230319
230333
230337
230341
230649
230648
230320
230633
230634
230638
230640
230639
230321
230314
230322
230315
230500
230632
230342
230334
230340
230335
230343
230647
230661
230664
230665
230662
230663
230654
230652
230653
230345
230643
230646
230344
230339
230338
230336
230328
230327
230326
230325
230324
234961
230306
230323
230304
230305
230303
230301
230302
230307
230308
230317
230300
230298
230299
230297
230158
235278
230160
230161
230166
230172
230174
230292
230294
230193
230295
230296
230192
230191
230196
230293
230195
230213
230215
230499
230501
230498
230207
230201
230208
230200
230206
230203
230493
230506
230494
230507
230495
230508
230497
230509
230492
230496
230211
230210
230212
230189
230190
230209
230185
230186
230184
230187
230194
230188
230290
230291
230173
230168
230169
230170
230171
230175
230167
230164
230162
230163
230165
234975
230479
230480
230481
230483
230484
230557
230556
230559
230561
230588
230589
226399
228627
228633
233017
230592
230604
230587
235423
226400
230593
230598
230525
230527
230594
230523
230517
230519
230524
230515
230518
230482
230584
230514
230578
230576
230491
227026
230039
227027
230516
230505
230489
230521
230585
230144
230456
230457
230849
230851
230852
230854
230855
230853
230857
225596
231807
231814
231806
231793
231795
231796
234625
231808
231811
231809
231820
231822
235338
235337
231794
231805
231813
231792
231790
231791
230856
234610
230845
231789
230842
230843
230844
231786
231787
231798
231800
231725
231718
231717
231689
231688
231726
234753
234752
235542
231803
231804
231801
231802
231724
231762
231768
231779
231769
231767
231766
231764
231763
231745
231744
231759
231761
231760
231746
231751
231749
231750
231743
231741
231742
231710
231708
231709
231738
231739
231748
231737
231706
231705
231704
231693
231695
231677
231684
234969
231698
231700
231719
231712
231757
234971
231711
231696
231697
231699
231701
230616
231683
235578
231681
231680
231678
231679
231674
231676
231675
231690
231691
231692
231694
231702
231703
231682
235574
231669
231707
231740
231747
235473
231758
231754
231756
231772
231773
231776
231777
231778
231752
231753
231722
231720
231723
231714
234434
234754
234389
234755
231686
231685
231687
231715
231716
230630
230631
231713
231755
231765
231721
231799
231785
231782
231783
230838
230839
231780
231781
231784
231797
230840
230841
231788
230859
234622
230837
230586
230591
234756
230614
230615
230618
230621
230622
230625
230627
230611
230623
230607
230610
230612
230613
230836
230848
230600
230601
230609
230619
230620
230624
230626
230617
230590
230605
230606
230136
230139
230146
230141
230138
230145
230137
230140
230147
230148
230451
230453
230452
230176
230177
230178
230072
230149
235587
235586
230093
230094
235590
235589
235588
230150
230155
230156
230157
230181
230485
230486
230490
230487
230488
230204
230205
230202
230183
230182
230180
230197
230179
230097
230098
233616
230015
230017
230018
230019
230020
230021
230095
230096
233610
230143
230560
230562
230563
230580
230581
234393
231670
231672
234970
235554
235556
235555
231673
235422
231671
231770
231771
231904
234394
231908
231734
231880
231881
231884
231883
231907
231909
235304
231877
231879
231949
234387
231895
231894
231896
235303
231980
234395
231882
231774
231775
231887
231889
231913
231924
231838
231839
232061
231936
231928
231927
231925
231903
231906
231885
231902
231888
231898
231952
231953
231956
234939
231955
231954
231957
231965
235279
231968
231970
231971
231966
231967
231969
234935
234936
235129
234937
234938
231961
225014
225015
233138
233141
233187
233191
233194
233196
233206
233207
233211
233215
233286
233287
233289
233297
233304
233309
233310
233311
233305
233307
233323
233328
234702
233315
233314
233324
233329
233321
233322
233325
233317
233320
233326
233318
233327
233431
233379
233382
234925
233384
233432
233402
233433
233436
233438
233439
234445
233437
233404
233406
233434
233435
233417
233419
230028
230027
233445
233444
235418
233443
233405
233400
233407
233408
233409
233410
233411
233412
233414
233415
235534
233416
233395
233425
233348
233391
233390
233392
233347
233349
233393
234444
233394
233389
233387
233388
231975
233398
233403
233401
233383
233381
233380
233367
233370
233386
233399
233397
233396
233368
233363
233369
233371
233364
233177
233362
233376
233378
233377
233357
233355
233359
233244
233372
233373
233242
233260
233261
233263
233312
233267
233265
233264
233259
233255
233256
233254
233247
233246
233249
233251
233253
233245
233212
233210
233216
234509
233149
233161
233162
233219
233220
233224
233225
233228
233227
233226
233230
233233
233236
233237
233235
233234
233231
233180
233181
233182
233183
233350
233351
233358
233178
233176
233173
233169
233365
234442
234443
234510
234511
233159
233158
233155
233157
232057
232056
232036
232047
232049
232050
232051
232052
232042
232045
234303
232032
232033
232041
235425
232031
232029
232019
232028
232030
232044
233151
232024
232026
232043
233150
232022
232017
232018
231960
231984
231973
231963
235475
231964
234388
234390
231962
231972
232021
232023
232025
232016
232020
235580
231959
231990
231991
232000
232003
232002
231996
231997
232001
231994
231986
231985
231943
231921
231938
231942
231940
231941
231939
231944
231946
231934
234391
231945
231935
231950
231929
231937
231926
231916
231917
231911
231899
231900
231976
231982
231981
231983
231978
231979
231977
231922
231923
231918
231919
231920
231951
231992
231993
231998
231999
234699
231995
231987
231988
231989
234436
225185
225186
235464
232027
232037
232039
232038
232040
230739
230738
234119
234304
232012
232108
232111
235424
232109
232110
232113
232114
232117
233342
233343
233333
233332
233334
233336
233337
233339
233341
233346
234800
233340
233385
235240
233338
233335
231974
235595
233361
233360
233366
233174
233175
233330
233172
232116
233331
232115
232011
232015
232006
232007
232010
232005
232014
232013
232008
232009
232035
232004
232046
232034
233154
232053
233153
232054
232055
234934
233168
233171
233165
233170
233163
233156
233152
233136
233134
233135
233166
233184
233232
233179
233222
233167
233223
233221
233164
233160
233146
233142
233143
233145
233148
233147
233195
233209
233229
233217
233218
233248
233268
233262
233239
233238
233240
233241
233243
233352
233353
233354
233356
233375
233374
233319
233269
233316
233313
233266
233306
233258
233257
233303
233302
233298
233295
233294
233301
233300
233291
233290
233293
233292
233285
233205
233283
233282
233284
233280
233279
233277
233276
233274
233275
233129
233128
233123
233122
233120
233121
233119
233114
233115
233116
233086
233083
233081
233079
233074
233077
233078
233072
233076
233075
233105
233103
233107
233110
233109
233104
233100
233108
233101
233099
233097
233098
233112
233064
233055
234712
233059
233057
233058
233062
233065
234713
235471
233061
234714
233060
233063
233054
233052
234472
233053
233048
233049
233043
233044
233050
233056
233111
233272
233273
228478
233092
233089
233091
233090
233095
233093
233094
234441
233096
233102
233073
233071
233032
233033
233066
233069
233067
233068
233070
235412
231958
233080
233084
233082
233106
233117
233118
233113
228477
233133
233130
233132
233189
233201
233126
233127
233185
233186
233124
233125
234657
234656
233087
233137
233088
233131
234658
233278
233202
233281
233204
233200
233203
233308
233299
233296
233252
233288
233214
233250
233213
233208
233198
233199
233192
233193
233190
233197
233188
233144
233139
233140
233085
233270
234371
234373
234374
234707
233428
234708
235216
233271
233427
233418
233440
233441
233413
233420
233423
233429
233430
239208
240019
240020
240033
263715
227757
227758
233530
233533
233534
233536
235343
233520
233529
233531
233474
232719
234797
232746
232748
232747
233464
233528
233465
232671
232717
232715
232716
232718
232721
232726
232712
232714
232723
232722
232724
232725
232710
232713
232730
232731
232701
232698
232729
232699
232700
232697
232685
232681
232695
232696
232680
232674
232682
232684
232707
232683
232709
232711
232720
233521
232728
232744
234798
232062
232063
235305
231947
231931
231930
231932
234435
231933
235472
232068
232070
232120
232069
232094
232095
232092
232096
232093
232097
232098
232103
232106
232651
232652
232654
232653
232655
232740
232741
232742
232672
232743
232745
232668
232658
232660
232661
232659
234613
232650
232657
232656
232649
232662
232107
232648
232100
232101
234611
232099
232091
232075
232065
232064
232060
232059
235336
232071
232112
234700
232066
232067
232666
232667
232670
232669
232475
232642
232647
232645
232646
235543
232641
232643
232644
232673
232526
232476
233344
233345
235306
235307
233424
233426
235224
235309
235310
233456
233457
234796
233475
227763
235349
227764
233519
233518
234671
230650
230651
234229
233448
233449
233458
233459
235470
232663
233674
233847
233455
233515
233928
235342
233516
233922
235323
235300
235301
235215
235217
235212
235213
235210
233925
233454
233505
233506
233511
233508
233497
233499
233498
233489
233487
233496
233484
233471
233486
234715
233468
233469
233470
233485
233488
233494
233491
233493
233492
234379
234375
234377
234376
233490
233479
233480
233478
233481
233476
233477
233513
233495
233628
233541
233542
235177
232664
232665
233447
233446
233452
233453
233461
233462
233463
233483
233482
233450
233451
233466
233467
233472
233473
10833
10832
10848
10849
10851
10850
11126
11128
11127
14365
14223
233590
233629
232933
232932
232934
233589
233591
233592
233595
233598
233630
233600
233631
233632
233634
233602
233635
233637
233636
233638
233639
233612
233613
234672
234675
234673
234674
233640
235341
233621
233641
233626
233627
233642
233643
233618
233619
233645
233646
233622
233644
235340
233625
234676
233624
233611
233576
233608
233609
233607
233606
233567
233566
233570
233569
233571
233578
233580
232927
232931
232860
232925
232926
232929
232928
232923
232922
232924
232910
232911
232912
232915
232916
232930
232919
232903
232920
232921
235339
232935
232936
232938
232937
232939
232918
232917
232893
233549
233554
234668
233550
235620
233553
233557
233558
233559
233556
233561
233562
233560
233544
233563
233540
233543
233539
233532
234716
233502
233500
233507
233503
233504
235258
233514
233509
233501
233535
233538
233537
233555
233552
233551
233527
233526
233525
234670
233524
233545
232890
232875
232872
232889
235347
232884
235241
232883
232888
235438
232871
232870
232868
232873
232869
232859
232882
232877
232879
232878
232880
232856
233421
234372
233422
232857
233522
233517
232876
232874
232881
233523
233546
233548
232887
232885
232891
232886
233547
234669
234832
232892
232894
232846
233572
233575
233577
233574
233568
233564
233565
233510
233512
233573
11165
11166
11193
11219
11164
233620
233601
233605
233604
233603
11170
11175
11171
233599
233633
233596
233593
233581
235247
233579
233587
225393
225394
233584
233586
235069
233585
235068
232940
233582
225395
225397
225396
233583
233588
10852
11168
11182
11177
232902
232907
232909
232908
232906
11183
11185
11204
11203
11184
35451
11194
11206
11196
11207
11195
11205
11186
11190
11063
6765
10861
10860
10859
10862
10863
10871
10872
11002
7294
7634
10885
7726
10856
10855
10857
10870
10879
10890
11152
11156
11157
11158
35435
34950
34951
34952
34953
34954
11151
14220
35434
35433
10886
10887
10877
11145
11146
34705
10873
10874
10875
11131
11133
11132
11137
11138
34823
11134
11130
11129
10853
10834
10835
10836
10839
10844
10847
10889
10894
10895
11046
11049
23489
11053
11052
11061
11047
11050
11051
11045
11048
11042
11041
11043
11020
10884
11014
11013
10882
10881
11044
10893
10892
10883
10888
10880
10869
10878
10865
6780
6766
11017
11140
232534
232535
232677
232678
232687
232732
232733
232734
232735
232793
232794
232727
232736
232737
232738
232739
232796
232843
232844
232845
232795
232797
232798
232799
232800
232470
232471
235474
232518
232517
232519
232529
232520
232530
232531
232532
232533
232675
232676
232679
232521
232522
232524
232339
232344
232367
232368
232370
232384
232387
232394
232439
232440
232405
232478
232480
232481
232488
232490
232489
232414
232416
232506
232396
232401
232406
232404
232400
232385
232402
232395
232403
232390
232392
232389
232386
232352
232479
232436
232445
232446
232447
232449
232486
232484
232485
232483
232482
232444
232443
232448
232437
232438
232477
232393
232391
232383
232369
232371
232372
232366
232365
232359
232360
232361
232343
232348
7253
10024
34036
35430
10021
34034
10017
10015
10018
9991
10016
10027
10028
10032
10033
10034
7353
7352
10254
9430
9431
10001
10000
9993
9994
10003
10005
10006
10004
10002
9997
10009
10008
10007
9995
9979
9980
9985
9986
9989
9987
9988
9984
9982
9981
9996
10031
10035
10030
10020
10011
10029
10010
10019
9992
9990
7291
7290
10022
10012
10013
7288
7254
10014
232812
232791
232813
232814
34035
232815
232792
232802
232803
232790
232787
232785
232786
232767
232801
232783
232765
232766
235225
232761
232757
232758
232759
232762
232763
232764
232756
232751
232755
232694
232702
232706
232754
232703
232704
232705
232693
232691
232690
232692
232688
232689
232554
232555
232686
232556
232558
232606
232749
232609
232750
232608
232605
232603
232604
232601
232557
232550
232548
232542
232549
232553
232552
232538
232523
232537
232539
232540
232503
232504
234369
232509
232536
232505
232543
232541
232514
232516
232546
232547
232597
232599
232598
232611
232622
232621
232623
232615
232616
232619
234512
232620
232612
232613
232617
232618
232593
232595
232591
232572
232573
232574
232584
232588
232590
234504
232589
232592
232569
232566
232567
232563
232561
232562
232495
232494
232500
232512
232568
232576
232575
232578
232581
232579
232582
232583
232585
232596
232564
232565
232570
232614
232594
232587
232586
232580
232510
232511
232515
232513
232577
232600
232610
232607
232602
232551
232760
232752
232753
232769
232782
232770
232768
232784
232771
232772
232774
232775
232776
232773
235259
232779
232780
227754
227755
232777
232778
232624
232626
234513
232781
232625
10023
10044
10045
7350
10052
7351
10047
10025
10026
34293
10049
34187
10054
10039
10041
10040
10709
10708
10707
10706
10713
10712
10714
10716
10720
10722
10725
10724
10726
10750
10751
10754
10772
10737
10736
10738
11163
10735
10728
10731
10730
10721
10727
10311
10292
10310
10293
10295
10294
8881
8867
10321
8866
10296
8868
8870
9156
8886
9162
8885
8887
8869
10734
10765
10773
10774
34478
34477
10766
34031
10787
34032
10786
10790
10794
10831
10065
10830
10829
10066
10828
34033
10789
10788
10759
10762
10758
10757
10760
10761
10749
10745
10747
10742
34029
10741
34030
10723
10057
10053
10056
10769
10827
10793
10792
10798
10783
10782
10791
34221
10771
10777
10770
10768
10767
10764
10776
10775
10753
10752
10748
10732
10746
10733
10719
10717
10718
10715
10711
10710
10055
10038
10048
10051
10050
10060
10042
10046
10043
232828
232829
232825
232824
232822
232823
232819
232820
10822
10876
16941
16945
34176
35247
34957
34958
34955
34956
7902
7910
7765
7863
7762
7764
7763
9207
16942
10821
10864
16935
10866
10868
10867
9164
9204
10814
10816
10784
10818
10820
10817
10780
10785
10819
10795
10801
10841
10843
10842
10840
10796
10797
10739
10740
10779
10815
10778
10781
10813
10807
7905
10806
35428
10811
10812
10729
8001
8384
8002
10354
10355
10804
10351
10347
10352
10350
10349
10356
13283
35322
10809
13065
13109
13060
13108
34222
13107
13061
34223
13056
13055
13066
10808
10348
10358
10359
10342
10339
10341
10338
10329
10328
10331
10326
10327
10345
10346
10344
10306
10290
10287
10289
10305
10286
10324
10285
10314
10313
10315
10325
10330
10316
10317
10318
10319
10343
10340
10332
10307
10309
10308
10299
10300
10301
10297
10298
10302
10304
10303
10353
10312
10805
7906
10810
9165
10291
10705
232816
232821
232826
10036
10037
26106
26107
232788
232789
9913
34996
34995
232559
232560
232398
232409
232410
232421
232420
232422
232491
232496
232492
232411
232413
232408
232350
232397
232407
234503
232349
232351
232399
232353
9368
9369
9374
232321
232345
232346
232320
232290
10058
10756
10059
10064
34351
10744
10743
10755
225597
231810
231821
231824
235287
235223
235221
235222
235617
231823
231844
231848
231846
231847
231850
235618
231849
231855
230198
231853
230199
235619
231867
231868
232080
232086
232085
232087
232072
232083
232073
234698
232088
232089
232090
232637
232638
232633
232636
232629
232628
232079
232627
232632
232082
232076
232084
232074
231862
234499
231860
231861
231866
234505
234500
234501
231865
231871
231870
231852
234506
231851
231863
231827
231828
231829
231831
231830
234696
231833
234697
231832
231834
231836
232058
231837
231835
232081
232077
232078
231874
231872
231873
231854
231869
231825
231826
234508
234507
231845
232425
232427
232433
232431
232434
232426
232432
232459
232458
232460
232465
232634
232635
232640
232639
232468
232472
232474
232473
232469
232467
232466
232441
232456
232453
232455
232462
232454
232452
232381
232442
232525
232527
232528
232461
232464
232463
232451
232450
232457
231815
232380
232382
232428
232430
232388
232429
232435
232378
232377
232379
232376
232375
232373
232374
232364
232362
232357
232363
232356
232342
231812
230860
230861
231816
231817
231818
231819
232355
231840
231842
231843
231856
231857
231858
231859
231864
231841
232630
10061
31195
232900
232901
232899
232898
232905
232865
232904
232866
232896
232838
232895
232835
232837
232833
232839
232840
232832
232831
232830
232827
232804
232807
232808
235348
232810
232805
232806
232851
232854
232849
232850
232811
232836
232809
232834
232855
234692
234841
232848
232852
232853
232861
232862
232863
232864
232867
232858
232847
232897
232842
10062
10063
228462
230806
230807
230826
230846
234881
230847
230828
230833
230834
230835
230850
230831
230816
230817
235368
235367
230818
230829
230830
230814
230815
230821
230813
230819
230820
230808
230707
230812
230823
230824
230825
230810
230811
230809
230793
230791
230792
230794
230789
230788
230778
230786
230799
230804
234882
230787
230798
234643
230797
234644
234645
230779
230790
230801
230785
230783
230683
230684
230685
230686
230688
230530
230678
230679
230680
230677
230645
230644
230526
230528
230529
230676
230504
230635
230628
230668
230629
230782
230672
235419
235420
235421
230636
230637
230641
230675
230642
234642
230503
230511
230513
230510
230512
230522
235366
230520
230502
230531
230533
230602
230603
230599
230608
230796
230780
230781
230596
230595
230534
230532
230681
230682
230597
230795
230800
230802
230784
230687
230777
230689
230690
230691
230704
230703
230706
230822
230832
230827
230805
230803
228463
234430
234883
234884
233004
233013
233011
233014
233012
233051
233047
234440
234353
234960
234959
235196
235195
233042
233041
233005
234352
9462
9465
9907
9908
9909
9910
9911
9916
9914
9912
9906
9464
9904
9905
9903
12026
12098
12128
12097
12204
35263
35262
9463
34690
9689
9696
35376
9690
34688
34689
9926
18963
9925
10106
10108
34681
35232
34682
34692
9947
9948
9950
9949
9946
9963
9964
9969
10228
10223
10226
10229
34490
34491
9972
10227
10230
10231
10235
10232
10233
10236
10237
10234
10244
10247
10238
10245
10239
35233
9965
9966
9967
9968
9956
9957
12692
9953
9954
35325
35331
35330
35326
35328
35327
35329
35332
9915
34856
34857
35323
12744
12743
35324
9955
30283
9932
9933
9944
9922
9930
12268
9929
9927
9931
9928
9919
9921
35264
9920
12236
9918
9917
34855
12269
34037
34854
9945
9938
9937
9942
9943
9936
9935
9934
9941
9939
9940
10224
10225
34693
10107
9923
9977
9976
9978
9974
9975
9951
9952
9983
35333
9958
9959
9961
34858
9960
9962
9970
9971
9973
9998
9999
9428
8882
9434
9515
9435
8883
10252
34475
34476
10263
10276
10278
10283
10288
10280
10279
10282
10281
10277
10272
10284
10269
10271
10274
10273
9403
10270
9404
9405
10258
10267
10268
34039
34040
34041
34042
10256
10243
10241
34665
10242
10251
10240
10109
10105
10104
10087
10094
10110
10111
10253
10119
10120
12504
12764
10122
34666
34668
34667
10092
10088
10091
18438
10093
10089
10090
10084
10086
10103
10121
10123
10264
10265
10266
10259
10262
10257
10261
10255
10260
10275
10250
10246
10248
10249
