3906
184014
184015
162560
162558
162810
162552
163105
163106
162876
162875
162874
162559
162557
162567
162568
172816
184123
214203
214168
214165
214166
214198
214201
214202
215036
184132
184128
184133
184137
184138
184148
184352
184353
184354
184358
184356
184357
184336
184334
184331
184330
184332
184326
184328
184323
184322
214257
214258
214255
214256
214254
214253
214252
214251
214112
214111
214108
214110
214109
214114
214117
214187
214190
214189
214193
214197
214195
184139
184135
184140
184143
184136
214194
214185
214183
214182
214177
214141
214135
214064
214066
214067
214175
214176
214180
214179
214106
214107
214101
214098
214099
214084
214085
214083
214082
214089
214090
214094
214088
214087
206418
206417
214086
181457
181458
214027
214026
214072
214075
214074
214076
214077
214078
194839
194840
214591
214073
214070
214068
214035
214036
214034
214030
214080
214037
214038
214058
214060
214103
214059
214057
214054
214053
214055
214039
214046
214047
214056
214031
214025
214028
214032
214029
194872
214033
214069
214019
214023
214071
214024
214020
214079
194873
214097
214081
214104
214105
214065
214062
214061
214136
214178
214184
184131
184145
184146
184141
214192
214188
214186
214115
214102
214100
214091
214092
214095
214096
214113
214116
214118
184329
214196
214191
184144
184324
184327
163097
163085
163082
163098
163099
163087
163107
163088
163091
163092
163093
163250
163071
163070
163069
162575
162574
162572
162570
163074
163075
163089
163086
163090
163083
163084
163079
163081
184337
184355
163080
184333
163078
184325
163077
184147
163076
184142
163073
184134
163072
162576
184126
184127
162573
162571
184130
184129
184125
214199
214181
214142
214140
214137
214134
214052
214063
214051
214045
214044
214042
214043
214050
214133
214139
214200
184124
162569
213847
214022
213864
181455
214353
214789
214790
213778
213777
213781
213780
213760
194830
214352
194831
214807
213804
213809
213830
213836
213842
213845
213846
213844
214021
214762
214763
214764
213843
213839
213838
213834
213835
213841
213840
214018
213791
213792
213789
213831
213832
213786
213806
213805
213807
213785
213783
213782
213784
213790
213837
213833
213829
213803
213802
213811
213810
213812
162563
162564
214174
214167
214164
214138
214131
214124
214123
214048
214041
214040
184122
162565
162566
172815
162561
162803
214248
214250
214249
214173
214172
214171
214169
214163
214162
214161
214148
214145
214143
214144
214146
214153
214157
214158
214160
214156
214246
214242
214017
214016
214014
214011
214006
213997
214000
214001
214003
213998
213964
213999
214012
213955
213961
213960
213958
213957
213951
213993
213950
213991
213992
213971
213972
213974
213975
214004
214005
214009
213984
213990
213983
213987
213986
214125
214126
214128
214130
214127
214122
214119
214049
213874
213871
213867
213868
213869
213977
213981
214120
213978
213979
213976
213967
213966
213965
213906
213905
213903
213913
213909
213915
213944
213946
213947
213902
213901
213898
213886
213897
213896
213818
213827
213816
213817
213821
213823
213820
213819
213815
213813
213814
213885
213882
213899
213900
213904
213828
213826
213855
213856
213858
213850
213852
213853
213865
213851
213849
213848
213824
213854
213825
213857
213861
213863
213862
213860
213859
213866
213872
213870
213873
213980
214121
213989
213985
213982
213968
213973
213970
213969
213914
213916
213945
213948
213949
213959
213954
213963
213996
213962
213994
213995
214002
214007
214013
214015
214152
214155
214154
214010
214150
214008
213988
214129
214132
214147
214149
214151
214159
214170
214247
162804
162802
162807
162799
162800
162801
162806
162651
162650
162649
162648
162646
162647
162641
162638
162626
162632
162631
162642
162624
162625
162622
162621
162617
162615
162618
162628
162634
162630
162633
162796
162629
214243
214241
214244
214245
162636
214240
214238
214229
214233
214231
214235
214234
214237
214236
214232
214222
214221
214223
214713
214712
214224
213956
214227
162602
162603
162605
162612
162604
162607
162588
162606
162609
162610
214230
214228
202972
214225
214226
214239
202973
162635
162619
162616
162608
162611
162613
162623
162589
162627
162620
162639
162640
162645
162643
162644
162797
162798
162795
162794
162637
162562
162808
162809
162682
162805
162812
162814
162811
162813
162871
194968
213912
213942
213943
213941
213921
213922
213923
213924
213935
213933
213934
213936
213929
213926
213928
213920
213919
209963
213917
213890
213889
213932
213927
213918
213893
213894
213940
213891
213895
213879
213881
213888
213883
213884
213877
213876
209957
213880
213875
213878
213892
213925
213939
213907
213908
213910
213911
206506
194969
209956
166222
184762
184761
184757
184748
184749
184727
184725
184706
184705
184738
184736
184737
184589
184707
184708
184656
184703
184701
184700
184652
184653
184687
184643
184644
184645
184637
184636
173433
173443
173434
184635
184634
185908
183137
184621
184628
184616
184615
184622
184640
184639
184661
184659
184658
184664
184641
184646
184626
184625
184660
184624
184619
184618
184666
184668
184671
184672
183350
183349
183143
183145
183169
183168
183174
183173
183172
183161
183162
183170
183152
183153
183140
183123
183166
183122
183124
183125
183126
183127
183128
183129
183130
183131
183132
183133
184612
183134
183135
183119
183120
183138
183139
183106
183096
183098
183095
183094
183093
183091
183090
183100
183101
183113
183115
183114
183109
183103
183104
183107
183108
183102
183060
183061
183062
183082
181907
181879
181880
181881
181902
181903
181905
181904
181910
181908
181911
181897
181896
181900
181909
181887
181886
181884
181885
181864
181863
181865
181867
181868
181869
181870
181871
185836
181866
181831
181829
181830
181838
181837
181836
181820
181819
181818
181817
181846
181876
181882
181816
181874
181815
181873
181814
181848
181847
181883
181895
181888
181898
181899
181891
181890
181889
181875
181872
181813
181812
181810
181811
181877
183063
181906
181912
183092
183097
183105
183118
183116
183117
183121
183160
183158
183159
183111
183110
183059
183057
183058
183056
183141
183154
183155
183038
183064
183088
183089
183142
183042
183043
183041
183040
183039
181878
183112
183157
183156
183147
183167
183164
183146
183351
183352
183163
184620
183165
184617
184623
184614
184613
183136
183099
184627
184642
184680
184681
184655
184686
184638
184630
184629
184631
184632
184650
184648
184647
184519
184518
184507
184520
184633
184651
184654
184657
184590
184591
184649
184521
184511
184704
184699
184698
184697
184726
181465
181823
185831
185834
185835
181839
181840
181834
181835
185832
181825
181833
181832
181824
181468
184502
183035
183178
183179
183176
183365
183370
183364
183363
183374
183375
183415
183417
183418
183371
183361
183362
183360
183175
183177
183171
183037
183036
183144
183356
183357
183376
184683
184800
184682
184676
184675
184662
184665
184673
184667
184663
184674
184670
184669
183372
183373
183369
183354
183348
183347
183345
183149
183148
183150
183358
183359
183355
183377
183353
183151
166195
166224
184767
184766
184783
184788
184791
184924
184928
184938
184941
184943
184940
184944
184945
184946
184947
184948
184949
184896
184897
184837
184892
184891
184890
184889
184833
184821
184836
184716
184717
184721
184825
184831
184855
184887
184893
184909
184910
185397
184911
184894
184850
184813
184815
184805
184806
184812
184818
184817
184816
184809
184808
184807
184801
184802
184793
184795
184803
184796
184797
184799
184794
184798
183427
184804
183426
184814
184824
184720
184832
184835
184888
184838
184834
184826
184895
184912
184942
184939
184936
184931
184932
184935
184919
184920
184922
184786
184780
184779
184778
184776
184774
184773
184775
184823
184822
184696
184702
184710
184718
184820
184723
184722
184810
184811
184819
184714
184715
184691
184694
184711
184677
184678
184685
184690
184689
184688
184684
184679
184692
184713
184712
184724
184719
184709
184693
184695
184758
184755
184754
184769
184771
184765
184763
184764
184756
184772
184770
184785
184777
184918
184829
184830
184921
184828
184827
184937
184933
185396
184930
184929
184927
184925
184923
184792
184787
184790
184789
184782
184784
184781
184768
166196
179908
179907
183399
183398
183403
183439
183441
183445
183447
183452
185654
183451
183457
183456
184863
184874
184873
184864
184860
184862
183432
183436
184858
183431
185645
185646
185647
185648
185675
185649
185650
185651
185652
185653
184880
184882
184901
184900
184899
184965
184865
184966
184869
184967
184898
184981
184979
185010
185051
184957
184956
184902
184884
184886
184885
184866
184867
184876
184870
184871
184872
184881
184851
184879
184877
184852
184883
184854
184878
184861
184868
184859
183453
183454
183455
183450
183449
183459
183899
183458
183898
183906
184970
184974
184973
184971
184995
185021
185026
185027
183983
183979
183981
183980
183984
185015
185016
185017
185019
185020
185023
184992
184978
184977
184990
184976
184985
184975
183904
183905
183908
183911
183930
183912
183928
183924
183909
183907
184993
184991
184986
184984
183982
183929
183978
183973
185025
185029
185044
185043
185022
185024
185018
184994
184987
184998
185045
185048
185049
185063
185050
185052
185064
185009
184980
184983
184982
185000
185047
185046
184999
184989
184988
184972
184964
184969
184968
183897
183896
183901
183900
183910
183917
183918
183919
183920
183892
183913
183923
183894
183895
183873
183868
183888
183865
183863
183889
183890
183886
183879
183881
183885
183884
183934
183953
183935
183955
183927
183956
183926
183969
183965
183968
183966
183967
183925
183922
183921
183914
183915
183931
183933
183814
183932
183816
183871
183872
183866
183869
183870
183878
183847
183849
183848
183846
183845
183861
183862
183408
183405
183404
183817
183815
183844
183883
183876
183867
183882
183880
183877
183875
183864
183420
183421
183392
183393
183400
183416
183422
183444
183394
183389
183386
183391
183387
183388
183384
183340
183344
183339
183341
183366
183343
183342
183419
183406
183407
183423
183874
183893
183903
183916
183902
183891
183887
183460
183448
183442
183443
183446
183438
183435
183428
183429
183413
183414
183396
183395
183411
183368
183412
183437
183440
183430
183410
183402
183397
183390
183385
183367
185028
183409
184958
185007
185008
185053
185056
185065
185129
185134
185135
185154
185658
185153
185657
185148
185149
185150
185151
185159
185656
185146
185918
185919
185920
185921
185156
185188
185163
185160
185158
185141
185131
185133
185143
185403
185142
185140
185186
185917
185187
185916
185155
185157
185152
185132
185145
166842
166309
166310
166840
166837
166838
166839
166848
166846
166865
166868
166881
166869
166873
185089
185092
185093
185090
185072
185091
185071
185144
185068
185069
185070
185066
185059
185060
185061
184963
184962
184960
184961
184952
185074
185054
185055
184959
185058
185057
185067
185088
185085
185086
185084
185014
185013
185012
185062
185079
166832
166845
166849
166850
166851
185011
184951
185083
166866
185087
185073
166867
166864
166877
166886
166878
166879
166885
166880
166863
166315
166314
166847
166313
166311
166312
166836
166852
166841
166823
186184
166825
166826
185400
166827
166828
185399
166829
166830
185398
166831
166298
166304
166305
166844
166824
185402
184950
166302
184934
166303
183033
183335
183336
183337
183338
183331
183346
183379
183380
183401
185626
183382
183381
183378
185627
183320
183319
185628
183325
185629
183765
183857
183860
183782
183783
183780
183773
183769
183768
183761
183763
183758
183756
183767
183772
183785
183787
183813
183812
183810
183811
183797
183798
183799
185639
183778
183777
183750
183754
183775
183740
183741
183738
183737
183733
183263
183278
183310
183311
183312
183753
183755
183760
183759
183316
183317
183283
183285
183323
183326
185624
183318
185623
183303
183298
183302
183240
183247
183248
183246
183300
183301
183233
183249
183250
183252
183251
183260
183259
183257
183258
183256
183255
183289
183290
183254
183261
183271
183282
183291
183273
183229
183230
183272
185619
183227
185621
183232
185622
183231
185618
183226
183277
183281
183280
183576
185635
183573
185637
183575
185636
183574
183742
185638
183743
183557
183558
183561
183562
183563
183564
183556
183559
183560
183275
183577
183209
183210
183267
183211
183212
183213
183214
183270
183269
183268
183276
183266
183228
183262
183253
183201
183187
183188
183189
183191
185672
183190
183236
183192
183235
183234
183237
183245
183242
183243
183244
183334
183239
183333
183047
183052
183048
183049
183051
183050
183046
183238
183044
183045
183241
183309
183305
183306
183299
183288
183287
183286
183284
183315
183297
183314
183751
183752
183313
183296
183295
183294
183292
183293
183279
183265
183264
183729
185864
183735
183734
185634
183730
183731
183732
183736
183739
183744
183749
183776
183809
183808
183807
183805
183806
183804
183579
183578
183786
183779
183774
183757
183328
183762
183766
183581
183771
183770
183580
183781
185640
183784
183764
183324
183322
183304
183321
183307
183332
186111
186113
186112
183308
183034
183800
183383
183858
183859
183001
183224
183223
185633
183274
185632
183222
183208
183217
183207
183003
183004
183206
183221
185867
183002
183005
183424
183434
184842
184841
184846
184847
184848
184843
184853
184875
184906
184916
184997
185078
185075
185076
185077
185655
184915
184914
184913
184908
184857
184849
185006
185005
185002
185003
184904
184903
185001
184955
184954
184953
185004
184996
184917
184907
184905
184856
184844
184845
184839
184840
183433
183425
163094
163102
184361
184359
184360
184390
184393
184391
184392
184396
184394
184395
184379
184380
184362
184364
184365
184366
184350
184341
184342
184226
184224
184225
184281
184221
184205
184208
184218
184209
184197
184198
184187
184195
184194
184196
184189
184188
184185
184190
184191
184192
184178
184179
184165
184166
184167
184158
184149
184151
184150
184159
184120
184121
184160
184184
184168
184186
184156
184157
184193
184199
184200
184204
184206
184339
184313
184312
184314
184319
184318
184320
184335
184321
184316
184317
184315
184201
184203
184202
184207
184340
184338
184347
184343
184351
184349
184348
184363
163127
163128
163125
163112
163111
163110
163108
163109
163117
172146
163116
163100
163101
163113
163126
184388
163124
163118
184389
184387
184345
184344
184346
163103
163095
163096
184219
184277
184280
184367
184378
184114
184163
184152
184119
184116
176680
186053
186055
186056
186054
181451
181453
183555
176681
181460
181452
181464
181783
185830
181450
181459
179584
184381
184542
184546
184548
184550
184554
184577
184584
184588
184587
184592
184512
184576
184513
184514
184575
184571
184570
184574
184569
184522
184517
184509
184508
184481
184480
184479
184506
184505
184503
184504
184459
184494
184493
184495
184496
184460
184458
184452
184453
184451
184441
184456
184465
184463
184415
184418
184408
184434
184436
184440
184485
184498
184499
184501
184500
184482
184233
184232
184231
184230
184486
184229
184237
181901
181893
181894
184228
181892
184236
184487
184484
184432
184433
184431
184419
184420
184427
184428
184426
184425
184423
184483
184429
184424
184421
184422
184412
181851
181852
181853
181850
181849
181860
181859
181444
181443
181445
181446
181448
181447
184402
184403
184406
184405
184407
184411
184400
184249
184401
185934
185751
184246
185933
184244
184248
184250
184251
185906
184180
184183
184212
184235
184169
184213
184164
184115
184118
184155
185932
184154
185931
184227
185907
184153
184162
184161
184245
184234
181861
181862
181858
181856
181857
181855
184247
184404
181854
184414
184413
184430
184437
184497
185643
185673
185674
185909
184489
184491
184492
185644
184490
184435
184410
184409
184439
184438
184457
184488
184461
184455
184454
184477
184478
184462
184474
184475
184472
184471
184473
184476
184527
184526
184528
184535
184470
184450
184448
184449
184375
184373
184374
184372
184306
184307
184368
184279
184275
184276
184309
184295
184294
184293
184296
184301
184310
184311
184299
184300
184298
184444
184467
184466
184468
184446
184445
184443
184442
184304
184417
184416
184303
184302
184286
184287
184266
184268
184283
184264
184263
184285
184255
184256
184253
184254
184243
184181
184182
184170
184240
184241
185905
184259
184239
184238
184261
184262
184216
184217
184215
184214
184211
184174
184172
184173
184175
184176
184177
184210
184222
184260
184220
184274
184273
184290
184289
184269
184270
184271
184272
184223
184171
184242
184252
184258
184257
184267
184265
184284
184297
184288
184292
184291
184282
184278
179587
179586
184308
184369
184305
179589
179588
184447
184525
184524
184536
184537
184523
184469
184464
184538
184515
184516
184578
184573
184572
184553
184551
184547
184539
184541
179585
184510
184586
184585
184728
181449
184117
186051
163221
166210
166211
166212
166231
166232
166234
166238
166239
166250
166251
166255
166256
166283
166588
166589
166295
166590
166591
166361
166362
166363
166364
166365
166359
166360
166641
166642
166340
166338
166347
166346
166341
166342
166330
166325
166323
166319
166320
166301
166300
166299
166329
166327
166344
166843
166297
166287
166273
166274
166275
166285
166291
166290
166269
166271
166279
166278
166276
166258
166197
166199
166200
166242
166244
166252
166246
166245
166241
166201
166243
166202
166198
166281
166268
166267
166280
166263
166265
166266
166262
166260
166253
166257
166277
166272
166270
166264
166261
166259
166288
166286
166292
166321
166322
166328
166343
166326
166331
166324
166296
166294
166293
166289
166284
163700
166282
163699
166254
163703
166249
166248
163702
163701
166247
166235
166236
166240
166228
166226
166205
166206
166208
163233
163234
166186
166188
184739
184745
166189
184750
184746
166191
184752
166190
166192
166223
184753
166193
166221
184760
184759
184747
184743
184742
184741
184740
184735
184732
166194
184751
184744
184731
166187
166204
166203
166229
166237
166233
166218
166219
166216
166214
166180
166230
166225
166227
166217
166213
166181
166209
163222
163149
163186
163203
163208
163205
163212
163220
163237
163654
163655
163659
166348
166350
166351
166352
166349
166337
166334
166332
163664
163663
163662
163661
163657
166220
166215
166182
166183
163653
163209
163210
163248
166179
166184
166185
163223
163224
163225
163226
163227
163249
163247
163235
163231
163232
163214
163213
163229
163230
163215
163216
163228
163217
163218
163656
166333
166336
163652
166335
163651
163660
163649
163650
163238
163236
163211
163204
163202
163200
163201
163698
166207
184926
163115
163160
163325
163179
163157
163119
163156
163326
163327
163586
172653
163590
163591
163589
163592
163595
163632
163641
163640
163639
163638
163643
163239
163206
163635
163634
163630
172654
163184
163190
163219
163629
163189
163185
163174
163173
163175
163176
163177
163178
163158
163159
163161
163163
163153
163155
163154
163167
163168
163164
163631
163165
163207
163636
163637
163585
163633
163594
163593
163584
163588
163582
163352
163350
163336
163337
163338
163244
163246
163245
163334
163335
163333
163322
172387
163323
172386
172659
163122
163182
163183
163181
163180
163324
163329
163320
163321
163330
163347
163348
163351
163331
163332
163339
163349
163583
163166
163162
163587
163328
163121
163152
163123
163120
163114
163133
163136
163139
163140
163144
163146
163145
184562
184563
184567
184568
184602
184603
184606
184604
184605
184609
184607
184608
184729
184601
184734
184600
184599
184593
184581
184583
184582
184580
184579
184552
184549
184545
184540
184533
184534
184543
184532
184559
184560
184558
184557
184556
184398
184376
184377
184370
184386
184530
184384
184383
184385
184371
163134
163137
184529
184531
184382
184544
184565
184555
184594
184595
163195
163196
163197
163199
163194
163191
163187
163169
163151
163148
163150
163198
184596
184597
184730
163193
163192
184598
163188
163170
163171
163172
184566
163147
184564
184561
163143
163141
163138
163135
163132
163131
184397
184399
163129
163130
163142
184733
172649
172650
183818
174129
185214
174131
185217
184105
184107
184110
184111
184103
184113
174168
185212
174169
185216
174144
185710
174145
185431
174146
185430
174147
174148
174150
185432
174151
174149
185213
185215
185170
174166
174167
185211
174155
174156
176265
185210
174154
174152
174153
185207
185173
185172
185174
185209
185113
185112
185164
185166
185168
185165
185121
185122
185118
185117
185119
185104
185103
185102
185097
185108
185115
185123
185125
185137
185147
185179
185177
185922
185178
185912
176272
176274
176281
185914
176280
185915
185175
176278
185208
176276
176277
176275
185176
185138
185139
185136
185130
185128
185100
185101
185095
185096
185080
185081
185037
185038
185031
185030
185033
185036
185041
185035
185039
185034
184083
184084
184097
184104
184098
184096
184095
184094
184091
184093
184077
184078
184073
184072
184071
184066
183974
183976
183990
184069
184070
184067
183991
183992
183993
183986
183985
183988
183987
183944
183945
183943
183842
183841
183839
183962
183840
183961
183838
183954
183957
184065
184064
184062
184063
184061
183949
183950
186052
183952
184059
184060
183951
183832
183831
183833
183834
183835
183939
183947
183948
183940
183941
183836
183946
183937
183936
184058
184057
183958
183938
183837
183942
183989
183977
183975
184055
184056
183971
183972
183964
183963
183970
183960
183959
184054
184053
184085
184086
184088
184089
184090
184046
184047
184108
184109
184048
184049
184050
184051
184052
184068
184074
184075
184076
184092
184087
184082
184079
184080
184081
184099
185032
185099
185127
185126
185124
185105
185114
185107
185098
185082
185042
185040
185109
185116
185110
185120
185111
185106
185169
176279
176266
185171
185167
184112
184102
184100
184101
184106
174132
174130
176273
176286
183843
184040
184041
172902
174133
186071
174140
172914
174139
174176
174180
174195
174181
174194
174182
174193
174173
174174
174214
174198
174184
174185
174089
174090
174091
174183
174196
185433
174197
174175
174127
172913
172911
174134
174138
172912
174164
172909
172910
174128
172904
172905
172906
172907
172903
174135
185224
174136
185225
172908
174165
174188
174189
174186
174213
174137
185218
174052
174054
174056
174055
174057
174092
174093
174095
174094
174058
174059
174060
174061
174062
174063
185232
174064
174053
185229
174125
185228
186039
184044
184045
185230
174126
185221
185222
185226
185223
185227
185220
174077
174078
174079
174355
174357
174356
174080
174081
174086
174271
174272
174278
174276
174280
174286
174291
174426
174420
174281
174285
174282
174283
174284
174279
174274
174178
174114
174120
174119
174118
174121
174187
174122
174117
174088
174115
174116
174277
174275
174273
174087
174082
174084
174083
174096
174085
174141
174143
174142
174190
174158
174163
174157
176288
176289
176290
176268
176271
176270
185478
176267
176269
176282
176283
176284
176285
176287
174208
174209
174210
174160
174161
174211
174159
174162
181842
180257
180259
184610
184611
185747
185746
180258
180255
180256
181844
176657
173512
173513
176682
176683
185978
185731
185729
185730
181845
181841
183028
185616
185615
177697
177706
177698
185617
185614
183029
183020
183032
183031
183055
185744
181805
183021
183024
186076
183022
183017
183016
183083
185625
183084
183085
183018
183019
181806
181792
181793
181794
181797
181798
181799
181800
181801
181802
185610
185611
185612
185613
183027
183015
186075
174075
185945
174097
174100
174106
174076
174240
174241
172899
174050
174065
174051
174066
174074
174073
174068
174069
174070
174072
174071
174067
174048
183709
183723
183710
183727
182949
183542
183569
183601
183605
183607
183571
183565
183566
183619
183606
183600
183603
183621
183604
183617
183726
183722
183721
183618
183599
183602
183534
183535
183570
183620
183647
183654
183717
183715
183716
184013
183713
183714
185233
183649
183653
185865
172900
183728
183712
183711
183725
183724
178786
185935
183789
183790
183999
184002
184010
184011
184012
184028
184027
184043
184042
184016
184030
184029
184024
184023
184025
183997
183995
184018
184019
184020
184022
184001
184000
183994
183648
183650
183802
183651
183652
183614
183615
183616
183613
183748
183747
183796
185866
183795
183801
183803
183851
183850
184005
183852
183853
183856
183855
183825
183826
183829
183827
183828
183824
183822
183823
183830
183819
184008
184032
184035
184037
184039
184038
185219
184033
184034
184031
184006
184007
183854
183821
183820
183792
183793
183609
183611
183794
183745
183746
183612
184021
183996
184017
184036
184026
184009
184004
184003
183998
183791
183610
178787
182952
182954
182953
182950
182991
182992
182988
183539
183541
183540
182989
182990
185395
182951
183010
183011
185394
183567
183568
183608
174170
174172
174171
174179
174191
174192
174205
174212
174206
174207
176304
176327
186029
176329
176328
176291
176292
185913
176293
174177
174292
174306
174305
174431
174430
174436
174440
174439
174438
174437
174441
174442
174444
174459
174464
176385
176399
176398
176388
176387
176381
176374
176373
176369
176366
176367
185481
176362
176363
176368
185482
176360
176382
176365
176361
176357
176370
174325
174324
174322
174323
174301
174302
174299
174300
174303
174316
174317
174314
174315
174310
174312
174311
174428
174435
174313
174308
174309
174226
174233
174232
174294
174230
174231
174229
174228
174295
174297
174250
174251
174249
174247
174248
174227
174298
174296
174252
174253
174254
174255
174256
174257
174258
174259
174260
176319
176321
176322
176332
176333
176315
176314
176306
176313
176309
176310
176312
176311
176308
176307
174219
176320
176330
176316
176317
176318
176299
176298
176297
174246
174237
174234
174242
174243
174201
174202
174203
174218
174204
174217
174221
174222
176300
185479
174216
174199
174262
174267
174268
174265
174266
174263
174264
174235
174236
174215
174238
174245
174223
174244
176331
174224
174225
174220
174270
174261
174320
174304
174318
176358
176359
174327
174269
176364
176372
176334
176335
176371
176386
176384
176383
174465
174443
174326
174321
174427
174319
174433
174434
174432
174307
174293
174200
183006
183007
183215
183216
185620
183218
183225
183200
183197
183199
183198
183196
183202
183204
183065
183181
183180
183183
183220
183182
183205
183076
183078
183075
183077
183066
183184
183185
183194
183186
183080
183079
183087
183193
183086
183074
183073
183071
183072
183081
183070
183069
183068
183067
183203
183195
183219
183008
152191
152192
152221
152222
152223
152226
152227
152268
152224
152225
152267
152302
152281
152279
152264
152274
152284
152298
152299
152275
152266
152280
152265
152273
152271
152272
152270
152276
176337
176347
176351
176352
176353
176356
176397
176355
176377
176378
176376
176375
176393
176392
176396
176407
176408
176412
176411
176409
176410
176418
161240
176403
176404
161242
176405
176406
161241
176401
176402
161246
176394
176395
161245
176390
176391
152288
152287
152286
176350
176379
176380
176348
176349
176325
176326
185319
185676
176324
176323
176354
176345
176346
176344
185677
176340
185678
176342
185679
176341
185680
176343
185480
176338
176339
176336
152277
152278
152269
152205
176305
176389
152300
152303
152301
152285
152932
152931
152898
152282
152899
152283
152902
152901
152900
152892
152893
152904
170471
152903
176442
176444
176445
176446
176447
176448
176449
176433
176431
176422
176424
176421
176430
176434
176435
176436
176426
176425
152295
152296
152887
152888
152889
176427
176429
176428
176423
176432
176438
176439
176440
176441
176437
152906
152905
152890
152891
152297
176419
176420
152189
152190
152214
152215
152216
152217
152218
152219
152220
152212
152307
152211
152213
152243
152244
152206
