2041
56894
56895
66002
78029
66001
66021
78025
66020
66029
76581
66028
66022
66025
66033
66024
66023
66027
66026
66031
66034
66030
66032
66000
65892
65893
65907
65917
76580
65908
65909
65911
65910
65912
65916
65913
65914
65915
65901
65902
65897
65894
65896
65895
65898
65899
65900
65918
65903
65904
65919
65905
65906
65920
65921
65922
65923
65924
65925
65926
65959
65963
65964
66035
65992
66036
65997
65998
65988
65989
65990
65991
65986
65987
65983
65984
65985
65999
65995
65996
65993
65994
65960
65962
65956
65961
78028
65953
65951
65950
65952
65955
65954
65982
66637
78024
57113
57114
65931
65934
65941
65948
65949
65958
65957
65945
65947
78544
78545
78546
78547
65937
65936
65940
65939
65938
65946
65944
65943
65942
65935
57288
57289
57292
57299
77993
57305
57309
57313
78032
78031
66069
66044
78030
78027
66057
66056
66058
66059
66055
66065
66067
66066
66068
66064
66062
66063
66048
66049
66051
66047
66045
66046
66050
66052
66054
66053
66042
66037
66040
65969
66038
66039
65976
65977
65975
65974
65967
65972
65966
65965
65973
65971
57298
65970
65968
57297
66041
78026
66060
66061
66070
78013
78006
78007
66043
57311
57312
78014
57310
57308
57307
57306
77996
78687
57303
78015
57302
77992
57300
57293
57304
57295
57296
57301
57290
56920
56921
56922
56923
56930
56941
56942
56927
57334
57423
57424
58126
78510
58127
58128
58129
58130
58136
80435
80436
80434
80433
79095
58135
58138
80431
80432
58137
58134
58103
57420
57419
78982
78984
78983
78986
78985
57418
78317
57332
57274
57275
57277
58039
58042
58041
58043
58044
58045
58031
58030
58046
58048
58049
58050
58090
57333
58096
58093
58098
58102
58105
77974
77978
77986
77984
77985
77977
77976
77982
77979
77983
58094
58092
77980
77981
77988
77987
77975
58104
58107
58117
58106
58052
58059
58061
58091
77973
58051
58047
58040
58029
58033
58034
58023
58024
58028
58027
57278
58032
57279
57276
58053
58055
58058
58060
58057
58056
77972
58054
57221
57226
57230
57232
57235
57252
77460
57251
58019
58020
58021
58025
58026
57270
57271
58018
58022
57268
57267
57264
57280
57281
57282
57331
57329
57330
57328
78305
78306
78314
78315
77995
78512
78516
78523
78064
78517
78518
78521
78520
77138
77139
78522
78519
78524
78525
78526
78529
78530
78527
78531
78528
78298
78532
78533
78534
78059
78060
78297
78466
78037
78038
78465
78678
78688
78689
78682
78679
78680
78686
78684
78685
78683
78681
78063
78513
78514
78515
78467
78690
78468
78511
77994
78971
78979
78981
78980
78978
78017
78016
78020
78018
78019
78022
78023
78021
76822
76823
57318
57320
77140
57319
78062
57262
57263
57260
77971
78061
77456
77457
57266
57265
77970
78300
57246
57247
76694
57248
57256
57257
57254
57255
78464
57236
57233
57234
57259
57258
57250
78313
57231
57229
57253
58089
58108
58111
76748
76749
78596
78598
78600
78602
78605
78601
78607
78609
78611
78610
78608
78603
78606
78599
78597
58095
57242
78035
78036
78034
78033
57243
76695
57261
57287
78651
78652
78653
73095
77990
78654
78655
78657
78656
73096
57286
58079
58088
58087
58109
58110
58115
58114
58113
58116
58112
56904
56903
65837
65980
57438
57410
57411
78509
57421
57436
57437
56908
56911
56902
56901
56905
56899
56900
56897
56898
57433
57434
77419
57429
57427
57377
57382
57381
57380
57378
57374
57372
57363
57369
57425
57409
57402
57403
57398
57399
57404
77413
77415
77414
57406
57407
78594
77989
57408
57412
57413
57414
57415
57430
57431
57435
57395
57394
77417
57392
77416
77418
70175
78473
57393
57385
57386
57388
57390
57384
57383
57321
57322
57324
57325
57326
57327
57323
70176
76867
57416
57417
57428
57391
57397
57389
57387
57396
57340
57347
57339
66735
66750
66751
66752
66753
66756
66760
66758
66759
66766
66767
57370
57371
57358
66765
66749
66747
66764
66746
66748
66745
66743
66728
66729
66730
66731
66710
66711
66732
66737
66734
66736
66757
66754
66755
57357
57361
66738
57343
57345
57355
57359
57360
57349
57348
57346
57344
57350
57352
57364
57367
57354
57400
57353
57351
66733
57335
57336
78002
77998
78001
77999
78000
78003
77997
57338
57337
57401
57368
57362
57373
57375
57376
57426
57432
64380
78410
78414
78423
78424
78412
78415
78418
78417
78419
78420
78426
78425
78421
78422
78416
78413
78411
78399
78406
78401
78407
78408
78409
78405
78404
78403
78402
78400
69147
78004
78011
78008
78009
78010
78005
56845
56872
56846
57079
57080
57093
77465
57081
57086
57090
57091
57092
57094
57178
57179
57730
77426
77428
58007
58003
58004
76512
77425
58006
58005
78309
78761
77424
77625
57721
57727
57728
57722
57719
57077
57249
77420
57244
77423
57245
77422
77421
57729
57177
57181
57180
57198
76515
77966
57196
57201
57203
57224
57225
57227
57228
57219
57193
57220
57218
57222
57191
57217
57216
57166
57215
57214
57211
57212
57209
57213
57205
57210
57206
57208
57204
57207
57153
57149
57150
57154
57152
57132
57130
57133
57108
57129
57131
57126
57074
57076
57075
57135
57138
57146
57148
57159
57163
57145
57157
57151
57144
57128
57068
57069
57070
57063
57067
57065
57066
57106
57107
57119
78693
70133
57122
57116
57112
57115
57117
57238
57239
57240
57237
57241
57118
57111
57110
76692
78069
78074
78070
78078
78065
57097
57096
78067
78077
78076
78075
78073
78071
78072
78066
57057
57058
57039
78068
57121
57056
57061
57064
57054
57062
76689
57109
57120
59623
60587
60610
60571
57125
57127
57134
57123
57124
57155
57158
57156
57183
57165
57188
57195
57186
57184
57187
57174
57185
57182
57189
57190
57161
57173
57141
57160
57147
57168
57169
57171
57089
57085
57072
57167
78307
57071
57073
57136
57143
57140
57139
57137
57142
57172
57170
57175
57192
57197
57194
57176
57095
57083
57084
57082
57088
57087
77965
57078
56873
76699
79022
79024
79030
78793
79021
79019
79020
79025
79026
79031
79028
79029
79009
79018
77493
77492
78202
78201
77810
76876
56926
56925
56924
56914
56916
56917
56918
77307
79023
79027
56919
56874
68353
58066
78950
56861
56863
56862
76806
76807
76809
76810
76813
76811
76812
76819
76821
76816
76820
76814
76815
76808
76513
76805
76817
76818
78849
76439
78700
78701
78705
78704
78722
78723
78726
78724
78725
78721
78715
78718
78719
78720
78716
78707
78703
67718
76803
76804
77839
57723
57724
78961
78963
78967
78968
78969
78970
78964
78965
78966
78962
57716
57717
57720
57714
57715
67735
78316
67919
67920
67946
67947
67952
67951
67966
67967
67870
67871
68246
68247
68250
68248
68244
68245
68254
68256
68255
68258
68257
67973
67972
67975
67983
68235
68242
61112
78351
78692
61113
68249
68243
67950
67945
78349
67944
67918
67917
67916
67719
78691
78848
78698
78717
78710
78711
78713
78708
78712
78709
78714
78706
78699
78702
76438
58013
57199
58014
77967
58012
78308
58011
57200
58008
58010
58009
57202
57223
76514
78972
78974
78976
78975
78977
78973
68298
56896
57569
57570
57574
57566
57453
76885
78673
78674
57576
57562
57567
57564
57578
57841
76494
76503
57843
57844
57845
57853
57856
57859
57862
57865
57874
57855
57885
57851
57852
57824
57825
57823
57818
57820
57819
57826
57822
57821
57816
57817
76505
57789
57790
57798
57794
57795
57800
57804
57810
57812
76782
57830
57827
57831
57828
57837
76781
57838
57886
57895
57897
76780
76778
76829
76828
76832
76834
76835
78109
78369
78368
78370
76837
76849
76852
78342
78343
76846
78310
78319
57988
78322
78633
79008
79007
78947
79006
78945
79005
79002
79001
78995
78997
78996
78993
78992
78994
78378
78377
78376
79004
78375
78373
78998
79000
78999
78371
78991
78990
78989
78987
78988
79003
78374
78348
78321
78352
78346
78791
78792
78794
78347
78344
78341
78339
78345
78340
78320
78327
78324
78326
78956
78372
78328
78946
79010
78329
78333
78939
78935
78938
78936
78941
78940
78847
78334
78337
78834
78336
78943
78942
78944
78833
78331
78335
78330
78332
78632
78634
79012
79016
79011
76673
79014
79013
79015
76672
78630
78631
78325
57989
57952
78796
57951
57987
79017
78312
57990
58083
58086
58085
58082
76461
76464
76467
76466
76468
76460
76445
76449
76448
76447
76446
76450
76444
58080
78798
57972
57977
57984
57985
57981
57980
76788
76790
76791
76792
76793
76795
76796
76457
76456
76458
76453
76454
76455
76452
57754
76431
57776
76789
76794
76801
76799
76800
76797
76798
57883
57882
76850
57777
57975
57974
57978
57979
57973
76459
78117
78116
78105
78107
78111
78113
78112
78110
77383
78115
78114
57950
57948
76859
76860
76831
57933
57949
57934
76511
57915
57926
76785
76783
76784
76802
76862
77609
76861
57924
57925
57935
57937
57936
57944
57927
76865
76863
76864
57945
57941
57942
57943
57947
78799
57946
57940
57938
57939
57957
57958
78795
57960
57959
57962
57963
57964
57961
76428
76427
57966
57965
58064
58063
58065
58070
58069
58073
58074
76430
76435
76434
76437
76440
76441
76787
76436
76433
76443
78797
58071
76451
58067
76432
76786
58072
58068
57967
58062
57744
58075
76429
58076
58078
58077
58015
57741
57735
57738
57737
57709
76755
76752
76753
57565
57687
57688
57694
57693
57734
57708
57710
57711
57740
67684
67713
67687
67688
67686
57736
57955
57956
57922
57923
57920
57921
57917
57919
57918
57916
76510
76509
77964
78106
57953
76833
78104
57954
57968
57969
57970
57976
57971
76442
76462
76465
76463
58081
57753
57910
57913
57986
57602
57591
57599
57589
57590
76495
57787
57594
57786
57593
57750
76504
57769
57778
57764
57767
57781
57783
57784
57782
57779
57766
57774
57775
57765
57760
57761
57762
57763
57752
57755
57756
57751
57745
57746
57747
57748
57749
57584
57579
57580
57582
57581
57583
57587
57768
57773
57585
57592
57588
57575
76754
78311
78323
76847
76856
78299
78012
57912
76854
57906
57907
57911
57908
57909
57889
57888
57890
57900
76845
76844
76848
76843
76838
76840
76507
57891
57892
57899
57898
57839
57840
57834
57833
57835
57836
57814
57832
57805
57813
57806
76855
76853
76839
76841
76851
76842
76508
76830
76827
76825
57879
57903
76826
57878
57877
57932
57880
57929
57881
57930
57884
57931
57873
57876
57928
57875
57871
57914
57870
57872
57868
57867
57846
57857
57858
57849
57847
57848
68853
68854
76777
76779
57904
57896
57887
57829
57811
57807
57799
57793
57597
57596
57595
57598
57791
57792
57788
57758
57759
57796
57815
57797
57770
57785
57854
57864
57869
57866
57863
57860
57850
57739
57842
57577
57563
57706
57561
76751
57557
57503
57568
57573
56857
57504
57505
56858
57495
57496
57509
57521
57526
57525
57528
77407
57518
57537
57516
57513
57515
57511
57492
57510
57512
57489
57491
57487
57490
57494
57098
77409
57104
57105
76693
78670
78671
78672
56963
57475
57476
57477
57479
57484
57486
57605
57606
57607
57608
57609
57610
57616
57611
57617
57613
57614
57612
57615
57627
57619
57620
57618
57621
57630
57631
57636
57635
57634
57628
57629
57673
76497
57686
76426
76500
76501
57698
57697
57701
57703
57704
57705
57700
57641
57674
57676
57675
57677
57685
76498
57679
57643
57683
57707
57684
57644
57678
57645
57682
57702
76502
57640
57642
57622
57626
57699
57545
57548
57554
57555
57550
57553
57559
57560
57558
57543
57535
57541
57536
57542
57529
57532
57534
57556
57533
57497
57501
57502
57452
57499
57500
57450
57464
76490
57465
57033
57025
57456
57457
76489
57023
77962
57016
78452
78356
78477
57021
57020
77961
57013
57008
57006
57007
56992
56993
56991
79084
56990
56877
57010
76869
76868
57009
57017
57018
57019
78455
57035
57036
57026
57027
57041
57037
76886
57040
78456
57042
57038
78453
78454
57440
57442
57441
78451
77959
77960
57443
57444
57455
57458
57454
56999
56998
56997
56996
78480
56878
57012
57011
57014
71154
78479
78478
57000
56879
57002
57001
57003
57005
56888
57004
57015
57024
57022
57028
57029
57034
57030
57031
57032
57451
57449
56891
57439
57446
76884
57445
57447
57448
57498
57519
57520
57522
57523
57544
57551
57530
57538
57540
57539
57546
57547
57552
57549
57531
76493
78318
57692
76499
77963
78952
57625
57712
57713
67665
67679
67666
67669
67667
57718
57624
78752
78753
78756
78754
78755
78759
78757
78758
76696
67432
57048
67460
65726
61034
61035
67466
67462
67463
76824
67464
67465
67469
67472
65727
67663
57047
57049
67741
67740
57059
67405
67430
57060
77412
57044
57043
57046
57045
57053
57052
57051
57055
77430
77429
77431
57050
67727
78508
77411
67728
77405
57603
76496
57672
57623
57649
57651
57662
57664
57669
57690
57689
57666
57668
57670
57691
57671
57667
57656
57652
57654
57657
57655
57638
57650
57632
57637
57633
57660
57665
57661
57663
57646
57648
57647
57653
57604
57466
57485
57482
57468
57467
77626
77748
57481
57483
57473
57474
77427
57463
57461
57462
57459
57460
57469
57471
57470
57472
57478
77408
77410
56945
76525
77406
56956
56957
56946
57488
57493
57514
57508
57527
57524
57517
57507
57506
