3331
114310
114248
114246
114247
114251
114259
114260
114257
114256
114261
114262
114263
114258
114241
114242
114243
114244
114245
114249
114250
116176
114309
114320
114319
114326
114328
114327
114331
114317
114315
116272
114318
114316
114311
114287
114292
114295
114293
114294
114300
114301
114299
116274
114298
116275
114297
116276
114291
114289
114663
116177
116178
116179
116273
114296
114290
114288
114198
114431
114222
114223
114224
115462
114220
114432
116163
114221
114219
114218
113853
113852
114214
116180
116162
114213
114199
114307
114429
114430
114207
114215
114425
114426
116164
116257
116160
116256
116161
114216
114217
114208
114202
114201
114206
114306
114303
114305
114304
114308
114324
114325
116175
114321
116269
114322
116270
114312
116271
114313
114314
114323
114332
116268
114333
116267
114334
116266
114200
113971
114173
113972
114017
114193
114195
114196
114194
114018
114192
114203
114204
114191
114197
114205
114189
114190
114211
114212
114209
114210
113960
114097
114146
114147
114096
114167
114168
114165
114236
114237
116172
114238
116173
114239
116171
114240
116174
114232
114227
114225
114226
114085
114084
114230
114233
114235
114098
114099
114110
114104
114111
114101
114108
114107
114187
114252
114264
114265
114087
114088
114122
114125
114269
114266
114270
114273
114272
114277
114284
114354
114357
114338
114348
114279
114280
114347
114360
114359
114362
114302
114275
114276
114274
114286
114358
114285
114346
114351
114350
114345
114112
114113
114340
114352
114341
114364
114342
114363
114343
114361
114344
114349
114335
114336
114329
114330
114253
114254
114255
114118
114116
114117
114119
114120
114115
114114
114281
114339
114337
114283
114353
114282
114278
114271
114267
114268
114184
114124
114123
114121
114106
114109
114073
114072
114090
114091
114092
114093
114089
114183
114105
114074
114075
114102
114103
114076
114077
114078
114079
114080
114081
114082
114231
114234
114100
114083
114185
114186
114228
114229
114164
114166
114182
116157
114180
114181
114179
114178
114177
114172
114171
114176
114169
114161
114159
114160
114163
114162
114158
114157
114004
114003
114133
114134
114002
114126
114137
114138
114139
114719
114140
114142
114141
114136
114127
114135
114128
114001
113997
114820
113998
114000
113999
114005
114156
114155
114154
113990
113991
113992
113993
113994
114014
113995
113996
114016
113987
113973
113974
114008
114015
116227
113969
113966
113967
114821
113968
114822
113975
113964
113965
113988
113989
113976
113977
114013
114011
114012
113984
113985
113986
114010
114188
113970
114174
114175
113978
113979
113980
113981
113982
113983
114009
114170
114152
114131
114132
114130
114151
114149
114150
114153
114129
114086
114064
114062
114063
114060
114061
114057
114059
114058
114054
114055
114143
114145
114144
114818
114056
113963
114148
114094
114095
113962
113961
114019
114020
114039
116261
114040
114041
114042
114043
114044
114413
116258
116259
116260
114414
114045
114046
114420
114419
114048
114049
114418
114053
114052
114427
114428
114415
114417
114051
114416
114021
114038
114037
114026
114025
114024
114022
114023
114027
114035
114034
114033
114032
114031
114030
114029
114028
114036
193084
193090
193089
193085
190856
191154
191155
194160
191156
191157
191163
191346
191162
194152
191331
191327
191333
194302
191332
191175
191174
194303
191181
191176
191177
191183
191182
194304
191063
191199
191198
192627
192630
192636
192637
192638
194508
191052
191068
192639
191192
191318
191320
191321
192660
192684
192700
192711
194512
192710
192689
192719
192720
191056
191058
191126
191062
191403
191606
194134
191401
192691
192687
192688
192694
194503
192690
192686
192695
192696
192732
192735
194107
192734
192733
191749
191739
192736
192737
191493
191707
191708
191692
191689
191705
191706
191983
191984
191676
191678
191675
191673
191681
191697
191684
191683
191682
191968
191969
191970
191714
191716
191972
194080
194031
194032
191698
194029
191663
192134
192077
192079
192078
191699
191715
191737
191738
192759
192762
192744
192745
192756
192755
194223
194224
192766
194225
192764
192765
194226
194227
192761
192760
192763
192747
192748
193850
193848
194024
191043
191042
194021
194059
194027
194061
194060
194069
194064
194075
194015
193852
194016
194022
194018
194020
192778
192779
192780
192792
192793
192785
192787
192791
192794
192801
192799
192800
192795
194217
192796
192797
192798
194219
194218
194221
194220
194222
192788
192786
192775
192776
192777
192774
192771
192772
192769
192770
192739
194065
192738
191040
191041
192743
192742
194026
194028
194017
194023
192741
191729
191730
192746
192751
192753
191733
191734
191731
191717
191748
191718
191704
192740
192757
192767
192758
192773
192752
192754
193849
192123
192731
193843
193844
193841
192768
192124
192666
192667
193851
190859
190858
192852
192854
192853
191727
192130
193854
194235
192129
194234
191882
194232
194233
191746
191743
191693
191711
191710
191726
192070
191725
192868
191712
191703
191741
191747
191742
191926
191745
193888
193889
193890
193891
192873
192874
192876
193842
192880
192885
192886
192881
193976
192882
192884
192906
192907
194390
194391
194094
193450
193083
193087
194481
193088
193086
193082
191801
193079
193080
193081
191802
192887
194482
193979
192888
192889
194483
194095
192883
192903
192904
192905
194092
194090
194091
192875
192878
192879
193937
192870
194231
192877
192871
192872
192860
192861
192863
192864
194230
194229
192867
194228
192865
192866
192855
192841
192832
192833
192844
192845
192856
192840
192839
192838
192842
192843
192837
192836
192972
192862
192834
192835
192824
192825
192829
192822
192819
192823
192821
192820
192826
192828
192850
192851
192846
192847
192848
192849
192827
192830
192831
192112
192113
192857
192858
192859
191811
191812
193978
193980
191814
191813
191883
191803
191569
191568
194394
191806
191805
191925
191804
191808
191899
192024
192048
192021
192047
192049
192022
192023
190973
190974
192042
194477
193990
194476
191809
191810
191536
191815
194395
194396
192020
191932
191505
191886
192066
191504
191511
191902
191903
191888
191510
191793
190882
190883
190886
190896
190900
190901
190902
190903
190895
190893
192005
190889
190888
190892
194163
190891
194164
190890
194162
190885
190884
190887
190897
190894
194161
191512
191792
191791
192012
191535
191534
191904
191019
190864
192018
192895
194014
194047
194048
194056
194057
194055
194054
194053
194052
194050
194150
194049
194149
191546
192017
194046
192896
191026
191027
191545
193925
194058
192015
193926
192014
192016
194151
192132
192013
192133
192097
191020
190865
191025
190862
190863
191889
194475
191790
191529
191789
192046
191538
191541
191542
191893
192008
191892
191787
192007
194145
194147
194148
194146
191788
191786
191905
191824
191570
191895
191894
191571
191935
191785
191784
191783
191782
191946
191942
191940
191941
194036
191593
191781
191780
191831
191830
192074
191967
191594
190975
190976
191878
191879
194138
192072
192073
191900
191901
192071
191829
191828
191827
191645
192067
192069
192068
191644
191825
191680
192131
191779
191592
191898
191897
191595
191840
191552
191553
191854
191896
191917
191852
191853
191555
191554
191557
191556
190880
190881
191561
191560
191563
191562
194516
191567
191855
194515
191533
191522
191523
191513
191514
191890
192009
191891
191507
191502
192010
191501
191509
192011
191503
191506
191526
191508
191887
191528
191527
191532
191530
192035
191021
191022
191531
192019
191816
191817
191537
192027
192025
192026
191524
191525
192030
191518
191519
192509
192508
194104
194103
191516
191914
191912
191913
191515
191517
191915
191540
191539
192032
192031
192033
192034
194136
193955
194457
192028
192029
191818
191819
191820
191821
191884
192063
191885
191583
191822
191591
191930
191931
191929
191582
191579
191580
191585
191581
191575
191576
191577
191578
191572
191574
191928
191927
191573
191590
191584
191586
191587
191823
191933
191934
191679
191694
194211
194033
194035
194034
194213
194215
194214
194212
194216
191744
191728
191059
192064
192065
192061
192062
191936
191937
191060
191483
194013
191484
194432
191061
191485
194019
194025
191736
191735
192750
192749
191713
191700
191701
191971
191659
191660
191869
191906
191965
191966
191641
191642
191643
191865
191866
191981
191907
191982
191752
191751
191750
191864
191661
191662
191657
191664
191655
191835
191908
192095
191834
191656
191652
191651
191640
191631
191632
191987
191986
193834
194429
194431
194430
192087
191768
191626
191769
193981
191755
191754
191753
191770
191635
191771
191867
191772
191880
191881
191956
192076
191774
191957
191958
191959
191960
191775
191962
191873
191963
191872
191874
191875
191778
191777
191588
191589
191839
194474
191876
191877
191943
191939
191948
191947
194037
191949
191950
191938
194030
194141
194142
191870
191871
191919
191868
191761
191543
191547
191762
191544
194143
194144
191763
194397
191520
191521
191849
194473
191850
194039
194041
191841
191918
191842
191843
191858
194140
191851
194040
194038
191548
190868
192045
194404
194402
194403
192043
194401
192044
194400
194399
192039
192041
192040
194010
192003
191500
190869
191549
194087
191999
194088
192001
192000
192004
191764
191765
194398
194089
191848
191846
191955
191953
191996
191564
191845
191566
191844
191857
191856
191989
194195
191988
191990
191992
193984
191991
191993
191922
192107
191921
191994
191837
191597
191995
191596
191836
191601
193912
191600
191977
191610
191609
191615
191614
191767
191616
190957
190953
190958
190952
193914
193915
192126
191617
191598
191599
191757
191758
192096
192094
191920
191759
191847
191604
191605
191756
192122
191607
191608
191612
191611
191838
191550
191551
191565
191951
191952
191760
191776
191602
191603
191773
191961
191622
191623
192089
191620
191621
192084
192086
192085
192083
191625
191624
191627
191628
191425
192075
192081
191424
192080
191650
191637
191646
193913
191647
191654
191648
191653
191658
191649
191636
191633
191634
191964
191674
191665
191677
191985
191862
191863
191685
191702
191492
191709
192692
192693
191194
192685
191195
191358
191323
190866
191638
194076
194078
194077
192091
191974
192108
191973
191639
192090
190867
191324
191832
191826
191672
191833
191671
191670
191861
191687
191686
191688
192127
191696
191695
192128
191909
191691
191690
191667
191668
191669
192098
191179
191322
191315
191316
194286
191172
191314
194301
191431
191432
191433
191342
191380
191381
194300
194298
194299
194296
194297
194294
194295
194293
194292
191313
194203
194204
194205
194206
191435
194207
191434
191436
194363
194364
191379
194467
191378
191146
191253
191312
191440
191437
191439
194182
194183
191438
194469
194191
194192
194180
194181
194178
194179
191441
191443
191486
191998
191487
194176
191125
191123
191124
191341
191444
191310
194168
194169
194170
194196
194198
194171
194197
192109
194172
194173
191340
192110
191311
191131
191129
194174
194175
191133
194187
191132
191130
194471
194470
194188
194189
194190
191309
194200
194199
194201
191339
191307
191304
191338
194165
191305
191306
192600
194086
194085
191308
194166
194167
191117
190913
191446
191445
190911
190912
191426
194353
194352
190910
191303
194468
191249
194184
194185
194186
191252
191328
194344
194343
194346
194345
194348
194347
194466
194360
194362
194361
194461
194465
194464
194463
194462
191349
191137
191136
194350
194351
191250
194354
194356
194355
191247
191248
194349
191350
191351
191447
194322
191297
191246
194321
191355
191356
191134
191145
194325
194327
194326
194323
194324
191144
191329
191613
191245
190934
190936
190935
194158
190933
191265
191264
191244
191242
191243
191335
191336
191454
192082
194238
194240
194239
191241
191337
191450
191451
191290
191113
194246
194247
191122
191121
191296
191448
191449
190878
190879
191294
191295
194320
194319
194318
194317
194081
194082
194316
191458
191293
194315
191114
191292
191138
191153
191291
191139
191289
191287
191288
191468
191080
191286
194414
194416
194415
191285
191102
191103
191334
191459
191460
191462
194459
191461
191465
191467
194419
194236
191284
191463
191464
191466
191354
191135
191353
190908
190909
191352
191298
192436
191299
191300
191301
194083
194084
191452
191453
193905
191093
191092
191097
191096
191098
191302
194366
191455
194314
190870
190873
194472
190872
190871
190875
190874
194359
194357
194358
191118
191442
194177
191254
191766
192601
194210
194208
194209
191978
191980
191979
194194
191923
191924
191975
191976
191997
192111
194193
191251
191147
194202
191173
191187
191317
191186
191180
194285
194283
194284
193911
191178
191402
191057
192712
194513
192709
192699
194308
192701
192672
194311
194306
194307
194309
192702
192703
192705
192707
192704
192706
192717
192714
192716
192715
192708
192669
192697
192698
194305
192670
194310
192665
192668
192671
194254
194253
192673
192674
194255
194256
192676
192675
190944
192677
192680
192679
194277
194279
192682
194278
192681
192683
190943
192678
192663
191319
194291
194289
194290
194287
194288
191190
191193
191191
191188
191189
193835
191326
191051
191067
191066
191325
192635
194506
194507
191196
191197
191423
192629
191201
191202
194504
194505
194312
194313
191418
191064
191069
191065
191205
191200
191184
191185
191422
193938
191330
194342
194339
194341
194340
191618
191954
194338
194336
194337
194333
194335
194334
191619
194332
194330
194331
194328
194329
191166
191158
191345
191344
191165
191429
191164
191427
191428
191171
194156
194157
191170
191343
191430
194155
191168
191167
191169
191160
191161
194154
194153
191159
190932
192093
194159
190857
191357
191419
114065
192817
192818
114066
114067
114068
192784
192783
192789
192790
192724
192728
192781
192782
114819
119353
119357
119373
119370
119371
119372
119374
119356
119375
119224
119225
119223
119222
119221
119220
119219
192803
192802
192804
192806
192727
192725
192726
194514
194251
194249
194250
192729
192730
192812
192816
192807
192808
192809
192810
192813
192814
193839
193838
192811
192815
192718
192721
192722
192723
190968
190967
194252
193927
192713
192805
118510
119481
119482
118496
118498
119487
118499
119486
118500
119484
119485
118484
118497
119483
118505
118506
119488
119493
118501
118503
119431
119491
119492
119433
119490
119434
119489
118504
118502
119432
118509
119494
118508
119495
119497
119496
118507
118638
119498
119500
119499
118637
118518
118610
118493
118495
118494
191382
194460
191215
191141
191140
191370
191391
191369
191282
191392
191393
191206
191207
191274
191119
191276
191055
191366
191275
191277
191278
194458
191111
191279
191405
191404
191108
191048
191050
191015
191016
191017
191018
191014
191013
191010
191007
191009
191008
191469
191470
194421
191089
191373
191374
194420
191085
191095
191094
191087
191471
191078
191079
193951
191074
191077
194422
194424
194423
191075
191086
191049
191478
192507
191099
191375
191472
191473
191107
191116
191115
191281
191387
191280
191090
191227
191479
191229
191081
191082
194425
191377
191477
193908
191376
191230
191088
191231
191222
191223
191084
191476
191083
191224
190993
191225
191213
191474
191475
191212
191214
191226
191076
190992
190994
190995
191482
193903
193950
191232
191100
191106
191234
194427
191372
191233
191236
191406
191388
191389
191235
191238
193953
191237
191283
191365
191408
192088
191415
191364
191414
191240
192092
191413
194241
194243
194242
191412
191363
191416
191269
191362
191268
191267
191417
191409
191410
191142
191266
191257
191396
191491
192006
192002
194454
194453
194244
193907
193906
194245
191489
191263
191488
191348
191421
190854
190855
192869
191420
191490
191740
191347
191261
191260
191259
190947
190949
190950
190951
190948
191258
191360
191361
192604
192605
192606
192607
192608
191255
191256
190945
190946
192609
192613
192615
192614
192616
119165
192619
194511
118768
118767
192610
192612
191262
191151
194066
191152
194428
191148
191149
194426
193901
193902
193836
193837
191359
191273
191399
191398
193949
191385
191390
191386
191383
191384
191150
191143
193954
190904
190906
191400
191394
191395
191407
190907
191411
194237
191271
191270
191239
190905
191272
191104
191006
191005
191109
191110
191371
191221
191367
191368
191220
191219
191218
191217
191128
191127
191397
191208
191211
191000
191001
190998
191101
193904
191105
190999
191228
191481
191072
191480
191073
191091
193952
191112
191120
191216
191209
191210
118611
118684
118685
118612
118613
118679
118680
118681
118682
118683
118614
118706
118673
118707
118675
118674
118677
118676
118678
118686
118688
118689
118714
118710
118712
118713
118711
118709
118703
118704
118705
118699
118701
118692
118635
118636
118690
118623
118631
118625
118627
118630
118629
118628
118626
118624
118632
118633
118634
118621
118622
118620
118616
118617
118618
118619
118700
118691
118702
118708
118687
118715
118733
118734
118742
118729
118741
118747
118746
118752
118745
118749
118748
118731
118732
118730
118743
118744
118728
118723
118722
118727
118724
118726
118740
118750
118753
118755
118758
118757
118764
118770
118771
118772
118765
118777
118774
118781
118782
118783
118780
118773
118779
118784
118785
118769
118775
118776
118778
118827
118818
118819
118820
118872
118821
118822
118869
118825
118826
118871
118870
118823
118824
118796
118529
118530
118533
118534
118799
118535
119444
119447
119446
119445
118537
118651
118653
118654
119442
118655
119441
118546
118542
118543
118545
118544
118538
118539
118541
118540
118652
119443
118536
118532
118531
118528
118556
118527
118735
118554
118557
118555
118558
118547
118736
119502
119479
119503
119504
119505
119480
119506
119511
119507
118737
118738
118739
118791
118817
118756
118759
118760
118761
118762
118763
118754
118751
118766
118725
118718
118719
118526
118720
118721
118695
119472
118525
118696
118698
119474
118697
118649
119473
118647
118648
118693
119463
118694
118650
118523
118524
118646
118520
118519
118521
119501
119508
118522
118717
118716
118615
118511
118512
118513
118786
192623
192622
118787
192624
192647
193923
192650
194261
192657
192658
192659
194281
194280
194263
194264
194266
194268
194270
194273
194275
194276
119211
119212
194272
194274
194271
194269
194267
194265
194282
194262
192648
192651
192640
192654
192655
192661
192656
192653
192662
192634
192633
192632
192628
192631
192626
192611
192620
192621
192641
192642
192643
192644
192646
191203
191204
192617
192618
194510
194509
190937
190939
190938
190940
190942
190941
194071
194260
194257
194258
192664
194259
191053
191054
192652
192649
192645
119166
192625
193840
119167
114006
119348
119350
119352
119351
119154
114007
114047
114050
119118
119120
119151
119119
119153
119354
119127
119323
119322
119347
119126
119125
119468
119471
119469
119124
119470
119121
119123
119122
119310
119199
119198
119210
119213
119214
119226
119228
119227
119355
119209
119114
119117
119116
119113
119115
119466
118586
118605
119465
118482
118483
118480
118481
118587
118604
118602
118603
118601
118599
119128
119129
118598
118596
118597
118594
118595
118593
118600
118591
118592
118590
118588
118589
118606
118607
119084
119071
119060
119475
119072
119476
119477
119478
119059
118581
118582
118583
118584
118585
119112
118580
119064
118577
118576
119065
119073
119074
119093
119102
119101
119105
119134
119104
119106
119110
119111
119139
119138
119137
119136
119158
119034
119035
119157
119389
119390
119385
119377
119379
119384
119510
119383
119391
119393
119392
119380
119378
119386
119388
119155
119343
119344
119349
119156
119036
119037
119461
119462
119459
119460
119457
119458
119028
118967
119027
119030
119029
118966
118983
119010
119008
119009
119092
118999
119075
119076
119077
119058
119057
119049
119048
119078
118959
118952
118953
118954
119045
119050
119051
119054
119046
118848
118847
118643
118644
118846
118843
118844
118845
118842
118841
118838
118839
118840
118837
119268
119278
119292
119277
119284
119293
119294
119283
119295
119296
119303
119298
119269
119270
119274
119299
118831
119436
119437
118485
118487
119267
119273
118488
118486
118832
118833
118834
118835
119300
119304
119306
119305
119242
119243
119435
119230
119193
119194
119195
119216
119215
119218
119438
119217
119231
119232
119192
119233
119191
119254
119257
119302
119301
119333
119336
119337
119331
119207
119208
119168
119169
119247
119248
119250
119253
119324
119325
119184
119181
119182
119183
119244
119189
119185
119186
119187
119188
119171
119172
119174
119175
119196
119197
119176
119177
119173
119178
119179
119180
119252
119249
119251
119170
119206
119332
119330
119340
119341
119204
119203
119202
119200
119201
119338
119335
119316
119317
119309
119318
119342
119308
119319
119327
119328
119246
119239
119240
119237
119236
119235
119234
119326
119321
119245
119320
119307
119339
119334
119205
119329
119255
119315
119256
119238
119190
119229
119241
119265
119264
119263
119262
119282
119314
119260
119259
119258
119312
119313
119279
119280
119261
119281
119297
119311
119467
119272
119275
119276
119285
119271
119266
118836
118828
118829
118830
119286
119287
119288
119289
119290
119291
118645
118641
118642
119079
118639
119083
119089
119088
119086
119087
119091
119090
119085
119080
119067
119068
119012
119011
119013
119014
119015
119096
119095
119097
119098
119103
119107
119018
119017
119016
119025
119024
119022
119023
119082
119081
119070
119069
119052
119053
118849
118850
119056
119055
119042
119043
119041
119040
119039
118855
118856
118857
118939
118937
118948
118947
118942
118950
118955
118941
118935
118934
118938
118933
118932
118890
118888
118940
118895
118896
118897
118898
118899
119376
118900
118887
118886
118901
118943
118902
118903
118904
118905
118906
118907
118946
118945
118960
118962
118963
118883
118944
118882
118881
118884
118961
118908
118909
118808
118810
119429
118811
119430
118809
118910
119456
118911
118912
118913
118914
118815
118816
119397
119395
119448
119451
119452
119449
119450
119396
119453
118666
118667
119454
119464
119455
118668
118669
118969
118663
118664
118972
118970
118971
118665
119399
118656
118788
118789
118790
118919
118920
118918
119398
118806
118805
118804
118813
118814
118921
118549
118927
118923
118924
118926
118925
118548
118550
118922
118551
118552
119367
119369
119368
119362
119366
119363
119365
119364
118553
119361
119358
119359
119360
118928
118490
118489
118862
119509
118875
118491
118492
118863
118893
118807
118812
118801
118657
118915
118917
118916
118662
118659
118660
118661
118658
118885
118889
118894
118929
118670
118936
118671
118672
118873
118874
118930
118859
118860
118861
118858
118854
118853
119038
118852
118851
119044
118949
118956
118957
118958
118951
118931
118891
118892
118876
118877
118988
118994
118992
118989
118997
118991
118990
118974
118976
118980
118981
119428
118979
118965
118964
118879
118880
118978
118977
118985
118986
119006
119007
119005
119004
119003
118987
118984
118973
118975
118878
118993
119047
118998
118995
118996
119000
119001
119002
118968
118982
119026
119019
119020
119021
119031
119032
119033
119135
119159
119346
119144
119145
119147
119146
119141
119140
119148
119150
118568
118567
118566
118565
119152
118564
118563
118562
118560
118559
118561
118608
118609
119149
118516
119130
119131
118515
118514
118517
118569
118570
118571
118574
118573
118572
119132
119143
119345
119162
119161
119163
119164
119142
119160
119133
119109
119108
119099
119100
119094
119066
118575
118578
118579
119061
119062
119063
118640
118792
118795
118798
118803
118864
118868
118865
118866
118867
118797
118793
118794
118802
119439
119440
118800
