3639
50944
54721
54736
54744
54745
56461
54748
54747
54741
54738
54740
54743
54739
54737
54742
54297
54299
54300
54293
54292
54291
54289
54249
54251
54250
54243
54252
54253
54276
54263
54264
54265
54266
54271
54268
56682
54257
54256
54258
54104
54105
54083
54246
54233
54245
54244
54230
54077
54082
54081
54080
54064
54063
54072
54071
54069
54074
54227
54228
54236
54238
54240
54239
54285
54287
54288
54286
54301
54302
54310
54312
54317
54316
54318
54311
54733
54314
54734
54713
54735
54712
54710
54711
54709
54708
54215
54220
54212
54214
54209
54168
54169
54237
54167
54234
54158
54224
53997
53991
53992
53995
53993
53994
54156
54157
54151
54155
54154
54165
54205
54210
54163
54164
54184
54207
54200
54218
54704
54705
54722
51149
51148
54703
54727
56379
52732
52733
56378
54725
54724
51250
51301
54726
52589
52659
52662
54730
54723
54707
54714
54715
54716
54718
54719
54720
54717
54217
54694
54695
54696
54697
54698
54690
54191
54193
54194
54182
54198
54199
54186
54202
56681
54181
54183
54130
54131
54132
54133
54177
54170
54171
54179
54174
54175
54172
54173
54187
53978
53979
54176
54192
54128
54129
54137
54142
54125
54126
54127
54138
54123
54124
54134
54135
54141
54136
54143
54178
54180
54190
54188
54197
54204
54203
54201
54216
54185
54140
54139
54161
54153
54152
54148
54144
54147
54149
54146
53988
54145
54150
53987
53989
53990
53996
54160
54159
54166
54162
54211
54206
54219
54208
54706
51101
54222
54221
54313
54309
54308
54306
54319
54307
54315
54304
54320
54303
54295
54305
54283
54213
54284
54282
54235
54225
54223
54073
54067
54068
54051
54052
54070
54050
54054
54048
54046
54047
54053
54049
54060
54061
54002
54003
54058
54059
54056
54088
54087
54102
54106
54103
54114
54115
54117
54120
54096
54272
54277
54116
54092
54100
54111
54093
54094
54095
54090
54040
54038
54031
54035
54034
54026
54027
54024
54025
53998
53999
54057
54004
54005
54033
54006
54007
54032
54086
54030
54028
54008
54009
54013
54014
54015
54017
54011
54012
54016
53617
54010
53613
53616
53611
53612
54029
54037
54021
54039
54041
54036
54113
54089
54085
54084
54055
54000
54001
54062
54076
54078
54075
54229
54232
54231
54079
54065
54101
54066
54255
54118
54259
54254
54261
54262
54260
54275
54247
54248
54226
54242
54290
54241
54298
54296
54294
51102
50945
50641
56802
54098
56801
54112
54119
54122
56451
56454
56450
56448
56449
56452
56453
56443
56444
50689
50807
50822
56458
56460
56455
56457
56456
56446
56447
56442
56430
56429
56425
56411
56418
56422
56424
56426
56427
56421
56434
56431
56432
56433
56423
54108
54099
54107
56415
54091
56414
56403
56402
56405
56408
56399
56400
56397
56401
56412
56685
56683
56684
56410
53646
53648
53647
53643
53642
53649
53650
56392
56389
56391
56393
54023
54019
56386
56388
56387
53638
53637
53633
53632
53630
53624
53625
53629
53614
53615
53627
53628
53640
53621
53620
53618
53619
53623
53631
53626
53634
56385
54018
56390
53639
53636
53635
53641
53622
53644
56395
53651
56398
56404
56396
56394
54045
54022
54044
56416
56419
56420
56417
56407
56406
56409
56413
56428
56441
56440
56445
56435
56439
56437
56436
50690
54278
50824
50848
54274
54269
54270
50825
53399
54279
54280
54281
56459
54273
56438
54267
54121
54110
54109
54097
54020
50661
50642
216229
222971
222778
222772
222773
224456
222775
222777
222792
222974
224900
224904
224908
224905
224907
224906
224901
224903
224902
222973
222976
222977
224381
224388
224379
224382
224378
224376
217996
217883
217482
217844
218535
217046
216252
217986
217995
216253
217148
224375
222813
222978
222979
219192
219191
224750
224873
224751
222810
222800
222803
222802
222796
222801
222806
224892
222797
224450
222762
222795
222785
222807
222788
222786
222787
222793
222794
224924
222782
222781
222771
222769
222747
222760
222779
222767
222761
222763
222766
222765
222764
222759
222755
222753
222751
222748
222742
222749
222736
222735
222737
222739
224454
224005
224007
224006
222600
222601
222696
222743
222692
224004
222697
222745
222744
222693
222690
222691
222695
222694
222679
222689
222685
222681
222684
223747
222686
222649
222683
222650
224452
222646
222648
222644
222647
222676
222678
222657
222662
222660
222659
222639
222656
222661
222663
222658
222645
222651
222652
222653
222654
222655
222643
222641
219433
219435
219432
222642
224893
224895
224894
222638
222640
222677
222680
222698
222700
222709
222710
222768
224451
222740
222738
222706
222713
222718
222719
222720
224503
224909
222715
222708
222716
222705
222726
222727
222732
216237
216238
218485
218487
221814
224377
221815
218486
224042
218322
224043
224047
218320
218333
218340
218348
218349
218347
222734
222733
218345
218346
218341
218339
218329
218328
222728
222729
218330
218332
222730
218331
222703
222704
222725
222674
222086
222090
222673
222675
222724
222087
222667
224734
224736
224735
222668
222671
222669
222670
222702
222701
222672
222707
222717
222714
222712
222699
222688
222687
222682
222750
222752
222758
222741
222746
222711
222756
222757
222780
224541
222776
222789
222784
222783
222754
222798
222799
222809
224455
222975
224897
224899
224898
222811
222812
222808
217999
222790
222791
222770
222731
222774
217989
222972
216230
222140
222623
222624
222626
222625
222627
224480
218082
215695
218121
215694
215693
218122
218123
218078
218126
215927
218103
218101
218864
218106
218093
218118
219042
218102
218993
218114
224590
218119
218120
218113
218117
218985
218982
218987
218986
224591
218983
218984
224592
218111
218977
218980
218976
218975
218134
218136
218135
218974
218978
218979
218988
218989
218150
224407
224752
224409
224410
218151
218990
224593
218969
218967
218968
218970
218971
218997
219001
224061
218972
218963
218962
218306
218991
218992
219030
219031
219035
219028
219022
219023
219029
219015
219026
224877
219013
219004
219002
219003
219006
219010
219007
219005
218998
219011
218469
218999
218470
218473
219016
218468
218630
218626
218629
218631
218628
218625
218627
218621
218622
218623
218464
218447
218459
218462
224828
224830
224829
218460
218445
218394
218409
218410
218412
218444
218411
218451
218453
218450
218466
218452
218401
218455
218454
218402
218400
218397
218399
218388
218389
224749
218395
218438
218458
218430
218437
218435
218439
218602
218601
218603
224433
224432
218616
218607
224059
218610
218609
218596
218611
218612
218614
218615
218619
224057
224136
224137
218613
218618
218608
218598
218606
224056
224896
218636
218517
218590
218600
218604
218432
218587
218589
218436
218588
218434
218586
218500
218591
224404
218497
218489
218490
218384
218383
218381
218382
218368
218366
224936
224937
224938
220286
224580
218415
218363
218362
218413
218414
218417
218418
218420
218419
218416
218391
218367
218387
218386
218385
218501
218514
218513
218516
218525
224058
218593
218592
218597
218595
218433
218431
218390
218428
218424
218423
218393
218429
218405
218406
218396
218392
218446
218440
218441
218449
218465
218448
218463
218594
218461
218617
218624
218467
218456
218457
219012
219020
219027
218996
218398
224062
218307
221287
218305
224739
218308
217187
219174
219173
224035
218313
218326
218323
218327
218373
224036
224737
218374
218378
218379
218364
218361
224040
224039
224038
224037
218355
224041
218356
218357
218359
218360
218358
218372
218353
218354
218324
220264
220263
219032
219033
224298
224297
218314
224723
224722
219172
217186
215789
215800
224430
215790
218403
215799
218027
219281
219597
219660
219152
218302
218303
218304
218026
218085
218086
218080
218084
218070
218089
218104
218105
224397
218095
218097
218096
218090
218069
224773
218083
218087
218091
220897
218092
218013
218012
218011
218073
219628
219687
218074
218023
218018
218019
224363
218017
218024
218025
218298
218966
224738
218309
218300
218301
218299
218088
218973
218109
218108
218110
218981
218107
218099
218112
218071
218072
218077
218140
218139
218049
218094
218100
218098
218048
218079
215928
218081
219036
219038
219018
219019
219021
218295
218297
218296
218404
216224
216225
218351
218350
224046
218547
218546
220908
220952
218715
224487
224053
224052
224049
224048
224050
218564
218563
218565
218556
218558
218557
218559
218528
224923
218523
218522
218520
218512
218549
218548
218511
218551
218505
218508
218510
224044
218507
218496
218506
218494
218492
218370
218369
218334
218319
218317
218336
219396
219368
218321
218335
218343
218342
218375
218371
218377
218488
218318
218325
224771
222083
218287
222722
222666
222664
222665
222637
222721
218315
218316
218352
218495
218493
218491
218509
218515
218527
218521
218555
218550
224051
222300
222301
218562
218552
218504
218503
218502
218376
219034
218034
218035
218632
220555
218658
218657
218633
215661
219804
219794
219795
219802
219803
219570
219624
219627
222279
219838
224636
219832
219833
219834
224120
219831
222283
222280
222278
222293
222277
222290
222289
222286
222284
222288
222285
222287
222274
222269
222273
222271
222272
222270
222276
224883
222275
219626
219625
215975
222291
222294
222302
222299
222268
222304
222310
224640
224641
224642
222309
222312
222311
222303
224643
215996
215997
222307
224119
222306
222322
222323
219575
219576
219613
219610
219611
219612
219573
224635
224074
219574
219619
219620
222292
215194
215231
215232
215235
215236
215237
215260
215261
215294
215295
215301
215302
215303
215304
215300
215390
215384
215385
215388
215389
215392
215393
222033
224150
215414
215409
222034
215410
215415
215411
215413
215416
215417
215418
224162
215451
215433
215438
215442
215443
215383
215440
215444
215445
215990
215989
215984
215986
215991
215985
215988
215983
215980
215979
215382
215987
215441
215381
215359
215380
215978
215974
215972
215973
215814
215815
215971
222264
222265
222262
222261
222256
222226
222224
222230
222225
222229
222227
222228
222211
222210
222208
215317
215316
215325
215326
215345
215353
215355
215347
215352
215220
215348
215218
215354
215358
215376
219738
224160
215378
215370
215369
215365
215373
215422
215368
215429
215449
215450
215428
215427
215430
215398
215423
215420
215419
215396
215395
215340
215327
215328
215361
215360
215339
215337
215341
215366
215424
215367
215364
215363
215362
215374
215221
215346
215342
215344
215343
215324
215215
215216
215217
222209
220434
215219
220435
222231
222259
222260
222263
222258
215970
215351
215357
215976
215977
215356
215379
215377
215439
215421
215432
215431
215412
215397
215394
215391
215335
215336
221894
222723
215320
215323
222201
222176
222168
222171
222212
222215
222216
222221
222223
222255
222257
222254
222250
222252
222248
222247
218694
222251
218695
222184
222182
222183
222175
222174
222172
222173
222220
222253
222222
222219
222218
222217
222202
222199
222214
222200
222213
222195
222170
222194
215386
215387
215333
215334
215330
215331
215338
215318
215319
215313
218425
215305
215309
215310
215306
215308
222207
222204
222205
222191
222197
222198
222196
224362
222131
222127
222185
222129
222186
222187
222128
222122
222125
222203
222206
222095
222094
215209
222233
222232
215210
215212
215211
222080
222124
222126
222193
222188
222190
222189
215315
222192
215249
215253
215255
215252
215268
215272
215271
215264
215275
215276
215277
215279
215278
215273
215266
215250
215251
215213
215214
215314
215312
215311
215329
215307
215274
215332
215298
215299
215297
215296
215262
215259
215265
215254
215247
215248
215263
215267
215207
215208
222093
222096
222079
222043
222044
224070
224071
222042
222041
222040
222039
222077
222076
222092
215206
222091
215204
222089
222088
222081
222085
222084
224446
215241
215240
215201
215242
215244
215245
215243
215200
215197
215199
215198
222068
222065
222066
222067
222061
221986
222054
222070
222071
222082
222072
222022
222069
222024
222020
222023
222026
222027
222036
222025
222029
222032
222031
222030
222028
222012
222002
222000
222016
222017
221976
221973
221971
222014
221995
221988
221992
221996
221993
221998
222008
222009
222013
224064
224069
224881
224882
224065
222115
222114
222119
222118
222123
222116
222117
222130
222132
222134
222169
219990
219991
222167
222165
222149
222166
224885
224887
224886
222179
222180
222181
222178
222163
222241
222242
222249
222243
222240
222239
222236
222235
222157
222234
222153
222154
222160
222159
222158
222148
222143
222142
222144
222145
222137
222151
224406
218941
218949
218951
218953
222138
222136
217992
218955
218960
218961
218959
218957
218952
218946
218956
218945
218942
218937
218940
218899
218938
218898
216060
224068
224810
216061
218883
218890
218668
218665
218664
218663
218650
218861
218656
218660
218661
218655
218646
218647
218637
218639
218662
224075
224077
224076
224080
224079
224078
224083
224082
224081
224073
219605
224085
224084
219604
219606
219607
219579
219588
219582
219580
219581
219577
219578
219587
218648
218649
218641
218888
218889
218669
218897
218895
218896
218640
218868
218887
218886
218870
218862
218863
218866
218865
218855
218854
218852
218654
218652
218651
218644
218642
218909
218643
218580
218645
218845
218848
218724
218847
218840
218841
218844
218846
218849
218856
218858
218857
218853
218871
218867
218892
218891
218869
218943
218947
218964
218965
218958
219589
219590
219593
219595
224072
219600
219596
219598
219601
222244
222246
218885
222245
219603
219614
219586
219602
219584
219583
219585
219594
219592
218944
218954
218950
218948
218939
218916
222135
217994
217993
222141
222156
222152
219599
219591
222155
222238
218859
218860
218884
222237
222164
222162
222161
222150
222177
222147
222146
222133
222113
222111
222110
222109
222102
222097
222101
222104
222103
222105
221975
221974
222098
218932
218933
222099
222100
218925
218926
218927
218931
218934
218930
218929
218928
218921
218920
218908
218910
218911
218914
218912
218905
218877
218876
218879
218882
218881
218880
218873
218850
218735
218737
218794
218875
218901
218903
218906
218831
218917
218837
218838
218923
218839
222003
218836
218822
218819
218818
218815
218813
218816
221956
221955
221953
221957
221961
221962
221960
221964
221954
221952
221948
218771
218759
218770
218775
218774
218772
223674
218773
223632
218807
218809
218811
218812
218832
218823
218826
218833
218834
224725
218825
218829
218824
218805
218799
218798
218806
218795
218782
218796
218802
218801
218792
218803
218790
218780
218787
218788
218777
218783
218784
218776
218754
218761
218766
218767
218753
218765
218751
218749
218752
218760
220093
218762
218763
218748
218701
218722
218726
218729
218733
224726
218728
218719
218720
218712
218714
218713
218711
218585
218707
218704
218706
218709
218703
218716
224570
218702
218682
218708
218679
218683
218291
218292
218698
218699
218678
218681
218666
218667
218680
218572
218569
218570
218582
218581
218579
218573
218571
218705
224491
218583
218584
218710
218717
218725
218721
218696
218727
218778
218731
218785
218781
224858
218791
218779
218797
218804
218820
218793
218789
218786
218764
221949
218814
218808
218810
218817
218821
218835
218830
218827
218828
218900
218902
218800
218736
218732
218734
218723
218851
218730
218872
218874
218878
218904
218907
218913
218915
218922
218918
218919
218924
222011
222005
222010
222006
222007
218935
218936
222106
222107
222112
222108
215981
215982
221980
222320
222004
221994
221991
221990
221989
221987
221965
221963
221970
221972
221982
221979
222053
222015
221999
221997
222001
221981
222019
222018
221983
221985
222021
222052
222063
222064
222561
222562
224482
221984
222062
222073
222074
215203
215202
222075
222038
222037
222035
222078
221875
221874
215205
215246
215258
215257
215256
215229
215196
215195
218691
218693
218738
218740
218742
218750
218746
218747
218758
218743
218757
218741
218744
218745
223003
218739
218700
218692
215233
215234
218524
218634
224060
218638
218599
219076
219163
219168
218620
218635
218526
220647
218659
224768
222324
222314
222313
222326
222337
218543
218672
218674
218545
224485
224486
224488
224453
220266
220265
220109
224489
218697
218567
218566
218568
218675
218676
218677
218689
218576
218577
218578
223175
219053
218544
219240
219249
219247
219248
215425
224484
215426
219241
219242
219236
219238
219226
219225
219234
219235
219237
219239
219088
219091
219090
219089
219087
219093
219501
224542
224548
224644
224546
224757
219512
219510
219509
219503
219508
219502
219498
224118
224756
219476
219474
219475
219472
224110
224111
224493
224492
224417
224416
224415
219532
219533
219495
219494
220709
219559
220708
219551
219554
219552
219560
219566
219568
219569
219558
219507
219515
219520
219564
219562
219565
219563
219506
219521
219519
219518
224549
219567
219517
219514
219516
219513
219492
219493
219530
219540
219536
224941
219537
219531
219546
219541
219547
219557
219555
215436
224098
215437
219556
219623
219622
219553
219621
219548
219618
219545
219617
219525
219542
219543
219615
219616
219457
219455
224100
219444
219456
219440
219445
224099
219439
219441
219430
219425
219429
219427
219522
219524
219526
219527
219529
219478
219483
219485
219480
219484
219481
219487
219465
219479
219491
219473
219464
219466
219462
219467
224113
224117
224116
224114
224115
219469
219470
219075
219069
219070
219085
219082
219083
219080
219054
219062
219064
219063
219065
219066
219067
219072
219073
224104
224913
224101
224914
224107
224102
224646
224109
224108
224105
224106
224103
218477
219044
219043
219046
219045
219051
219050
219405
219408
219459
224910
219049
219407
219409
219406
219413
219416
219420
219434
219418
224420
219437
219438
219436
219453
219451
219450
219460
219446
219454
224093
224096
224095
224094
224092
219572
219571
224087
224090
224089
219449
219392
224419
219389
219387
219390
219421
219388
224097
224413
224414
219384
219385
219393
219378
219398
219400
219379
219047
219041
219039
219399
219401
219411
219412
219415
219410
219419
219386
219448
224091
224088
219447
219391
219428
219417
219414
219397
219404
219048
219024
219037
219025
219040
218478
218476
219052
219057
219058
219061
219071
219060
219081
219068
219074
219461
224112
219463
219424
219482
219477
219426
219423
219422
219431
219452
219442
219458
219443
219523
219544
219550
219549
219538
219539
224418
219528
219486
219488
219497
219489
224494
219490
218498
219471
218499
219468
219496
224547
219511
219499
219500
219086
219084
219055
219092
53645
53652
222822
222841
222883
222842
222840
217342
217343
222815
224011
222814
224008
218554
218553
222818
222820
222862
222865
222876
222997
222994
222995
222996
222992
222989
222991
222985
222981
222982
222986
222980
222819
222817
222866
222987
222988
218531
218673
218685
222878
218686
218688
218687
222998
222879
222881
222882
223000
222999
220753
220752
223001
223002
223004
222966
222969
222968
222970
224460
222965
222964
222962
222961
222945
222946
222947
222941
222939
222944
224891
222940
222943
222938
218756
218755
221945
221941
221969
221944
221950
221951
221958
221959
221942
221943
222948
222942
222880
222870
222869
222926
222856
222604
224262
222605
222872
222873
218690
218534
218533
222984
222983
218518
222308
218519
218538
224055
224390
224389
224054
218532
218684
222993
222875
222877
222868
224003
222874
218530
218561
222860
218560
218671
222861
222846
222845
222844
222851
222852
222853
222885
222884
222886
222850
222849
222848
222855
222847
222867
222603
218574
218575
222843
222836
222833
222835
222839
222829
222827
222828
222831
222832
222826
222824
222823
222825
224449
222804
222830
222838
222837
222858
222854
218670
218529
222864
222863
222821
222859
222816
222857
222834
224779
222805
132280
132285
222610
222617
222631
224964
222632
222633
222620
222621
222622
222628
222630
222636
222635
218281
218283
218285
218286
218290
218293
218276
218289
218310
218294
224296
218282
218014
218016
218022
218021
218015
221784
218009
218311
218312
221787
218006
218007
218003
222618
222619
222616
222615
222614
219017
221939
222612
219014
215725
222611
215726
222613
218002
215727
215751
215728
224400
215732
215731
216381
218004
218005
218010
224611
218008
224403
218288
218020
218275
218284
218280
222634
221935
215222
215224
223332
215225
222058
222059
222060
224518
222056
222050
222051
222049
221978
221977
221966
221967
223323
224481
223322
223321
223320
223317
221946
223099
223324
222046
222047
224067
222045
221947
221968
222055
223329
223327
223231
223230
223235
223289
223313
223427
223428
223432
223429
223433
223442
223443
223445
223447
223731
223730
223729
223727
223728
224464
223347
223343
223342
223344
223345
223316
223436
223435
223437
223315
223296
223295
223294
223291
223292
223338
223339
223335
223336
223337
223340
223341
223334
223333
223241
223240
223238
223239
215280
215281
215282
215293
215465
215468
215469
215475
215476
215477
215470
215290
215291
215288
215286
215287
215284
215289
215292
224367
224369
224368
224364
215285
223290
223297
215283
223346
223725
215464
215463
215471
215472
223448
223459
223462
223470
223733
223734
223736
223738
223737
223532
223531
223528
215896
215897
223530
223527
223525
223523
223455
223452
223463
223464
223465
223466
223469
223471
223472
218842
218843
223467
223460
223457
223456
223450
223449
223425
223408
223404
223424
223440
223438
223401
223430
223390
223389
224027
224462
224463
224471
224469
223181
223180
223186
223189
223183
223184
223190
223185
223275
223276
223269
223270
223272
223279
223277
223282
223400
223309
223311
223306
223310
223305
224466
223299
223298
223284
223285
223304
223286
223283
223264
223263
223219
223261
223268
223267
223265
223254
223250
223259
223257
223258
223252
223253
223246
223243
223242
223170
223255
223171
223236
215847
215855
223173
215857
215858
215848
223172
223182
223193
223169
223167
223166
223168
223211
223244
223245
223247
223256
223248
215924
215925
223174
223251
223210
223209
223198
223208
223212
223215
223216
224123
224124
223224
223233
223214
223213
223249
223187
223266
223188
223260
223217
223262
223271
223218
223281
223287
223303
223302
223308
223274
223273
223178
223176
223177
223179
223348
223353
223361
223376
224473
224475
223365
223366
223373
223374
223375
223415
223416
223474
223478
223481
224470
224468
224472
223480
223502
223505
223504
223506
223503
223486
223482
223479
223483
223484
223485
223491
223490
223492
223493
223495
223512
223511
223497
223510
223513
223539
223540
223543
223541
223542
223548
223538
223544
223545
223546
223547
223739
223740
224017
223741
223536
223535
223521
223520
223518
223519
223517
223501
223499
223498
223496
223487
223422
223488
223421
223419
223417
223420
223414
223413
223412
223476
223477
223411
223398
223396
223405
224402
224401
224874
223406
223394
223397
223399
223407
223489
223515
223522
223559
223537
223534
223533
223509
223508
223507
223500
223494
223475
223473
223410
223393
223392
223370
223409
223388
223369
223357
223358
224028
224029
223352
223356
223359
223350
223351
223367
223362
223363
223368
223372
223371
223360
223355
223364
223354
223349
223391
223278
223280
223402
223403
223418
223426
223441
223454
223453
223451
223516
223524
223526
215520
215521
215523
224461
215522
215531
215533
215532
215525
215524
215517
215515
215480
215487
215485
215486
215484
215474
215488
215489
215526
215490
215519
215518
223735
215516
215514
223732
223468
215481
215482
223461
215478
223458
215479
215483
215473
223726
223446
223444
223439
223431
223434
223423
223312
223314
223307
223293
223288
223237
223234
223232
223229
224889
223158
223157
223226
223156
224465
223225
223228
223221
223227
224888
223223
223222
223205
224012
223204
223206
223197
223196
223195
223194
223160
223191
223123
223124
223127
223201
223220
223147
223146
223145
217689
223140
217688
223149
223148
223150
223151
223325
224467
222057
222048
223143
223142
223141
223135
223133
223134
223136
223118
223114
223129
223089
223087
223086
223062
223082
223070
223071
223083
223085
223088
223025
223095
223094
223096
223132
223139
223100
223098
223093
223091
223081
223092
223075
223077
223078
223318
223319
223073
223072
223074
218768
218769
223079
223080
220225
220224
223097
223026
223076
223069
222956
222959
222958
222957
222950
222930
222931
222932
222949
222914
222920
222919
222922
222925
223037
222923
223041
223045
223042
223061
223064
223065
223068
223067
223112
223113
223109
223116
223117
223106
223105
223107
223104
223058
223101
223102
223022
223055
223056
223021
223054
223047
223048
223051
223052
223053
223050
223043
223040
223033
223028
223014
223011
223019
223015
223016
223017
223018
223008
223010
223006
223009
223030
223029
223007
223027
222907
222908
222915
222918
223035
222911
222890
222910
222888
222903
222901
222902
222905
222904
222887
222898
222899
224884
222900
222889
222894
222913
222891
222895
222897
222893
222892
222906
223005
222909
222916
223034
223020
223057
223049
223059
223103
223108
223066
223060
223044
223036
222924
222917
222912
222896
222928
222929
222871
222927
222935
222951
222960
222963
222934
222952
222933
222936
224447
222937
222953
222955
222954
222921
222967
223038
223039
223046
223084
223115
223063
223110
223130
223090
223138
223137
223144
223125
223121
223111
223128
223126
223199
223203
223122
223120
223119
223159
223162
223163
223165
223161
223207
223192
223200
223202
223153
223154
223152
223155
223326
223328
215223
215226
215228
215230
215227
215495
224139
224134
219534
224942
219535
215501
215502
224459
