951
41715
41730
96485
96486
100415
100607
100606
100399
100402
100400
100403
100417
100398
100397
100396
100395
103094
103095
103096
100393
100388
100390
100394
99809
99799
99805
99794
99798
102303
99795
99802
99803
99804
103092
103093
101837
100387
99806
99807
100389
99808
41700
100497
100501
100480
100500
103207
103221
103211
103215
103236
103216
103239
103214
103218
103213
103210
103220
103219
103205
101799
102887
101800
103203
100493
101801
102786
100454
100491
100453
100457
100449
100448
100451
100444
100450
100443
100447
102370
100445
100441
100419
100420
100421
100424
100425
100427
100426
102329
100428
100436
103223
100455
102371
100423
99839
99836
99843
99840
99841
99823
99842
99817
99824
99816
99838
99851
99833
99827
99829
99832
99831
99830
99835
99834
99837
100416
100442
100452
100458
100494
100459
100461
102889
100495
100422
100492
103204
103237
103208
103212
103238
103209
103217
100498
103206
100499
100446
100479
100485
100487
100489
100490
100488
102307
100486
100475
100476
100472
100474
100473
100471
100469
100468
100470
100414
100477
100410
100406
100411
100412
100405
100407
100466
100464
100465
100462
100463
102472
100467
100478
100496
102311
102312
99572
99573
99575
102313
102340
102310
100483
102727
102726
102728
41703
95819
95818
95820
100603
103091
100602
100484
102729
100482
100124
100126
100481
100122
100123
100125
100103
100102
102308
102309
103089
103090
101858
100101
100098
100099
101859
100100
100106
100105
102470
102471
100127
41705
100604
41702
50583
50584
50589
50592
50587
50590
50591
50588
50595
50586
50593
50594
50585
41707
45243
41706
41712
41713
41714
41704
99557
99559
99560
99561
99796
99797
99562
99791
99793
99792
99800
100374
100376
100380
100384
102473
102474
102475
102306
100409
100408
102305
100404
100386
100383
100385
102476
100382
100381
100401
100379
100375
101956
101955
100373
99801
102304
99511
102655
99510
99558
99556
99552
99555
100094
100095
99553
99554
100092
100605
102315
102316
94595
94594
94593
100287
100288
100286
97338
97337
97341
102325
102326
97434
97225
103146
97442
97224
97233
97246
97256
97272
97439
97281
97282
97285
97307
97308
97309
97330
97331
97336
100277
100283
100285
100284
100282
100300
100280
100281
100278
100276
100275
100128
100274
100129
100279
100229
100230
100273
100272
102314
100228
100225
100120
100121
103247
100119
95648
95649
95707
100114
100116
95828
95837
95836
95843
95869
95868
100113
95829
103045
95838
103043
103044
95839
100112
100111
95840
95834
95835
100110
100391
100392
100456
103042
100107
101747
100109
99523
101944
101948
101953
101952
101946
101947
101949
101950
100097
100096
100108
101835
99522
101834
100115
100104
95821
95822
95825
95827
95826
95824
95823
100093
101842
42216
101730
101735
101937
103014
103013
94533
100196
100210
94534
103011
100213
100212
101728
101727
100211
100214
103012
100351
100252
94550
94551
100350
100356
100362
100357
100333
100358
100359
100363
100364
100365
100361
100297
100366
100367
100370
100314
100312
100368
100369
100311
100309
100315
100308
100306
100307
100296
100295
100293
103088
100292
100290
100289
100291
100301
100305
103087
101954
100299
100302
100304
100303
100313
100310
100360
100298
100294
100331
100271
100270
102715
100332
100334
100269
100267
100262
100261
100268
100567
100266
103034
103036
103035
100255
100263
102258
100265
100264
100244
102730
100243
100236
100241
100239
100237
100238
100254
100253
102283
100232
102257
100260
94591
100231
100224
94596
94597
100221
94598
94599
100226
100227
100235
100258
100259
100233
100234
100220
100219
100117
100118
103046
100222
100218
100215
100217
100216
100223
94588
94587
94584
94583
94582
100250
100251
100321
100249
100316
100317
100323
101939
101941
101940
100327
100324
100325
100326
100328
100329
100330
100339
100341
100342
100343
101942
100344
100353
101731
101729
101734
94552
94553
101732
101945
101736
101943
100338
100337
101733
100188
100187
100186
100183
100320
100180
100319
101938
100179
100178
100177
100181
100157
100155
100153
100154
100146
100147
103033
100156
100245
100151
100150
100149
100148
100139
100141
100137
100138
100140
100134
101843
100144
100145
100135
100136
101951
100143
100142
100152
100158
100159
100182
100184
100185
100191
100192
100193
100194
100195
100209
100204
100207
100208
101726
101725
100206
100190
100175
100170
100168
100167
100166
100133
100132
100202
100205
100199
100198
100197
100200
100201
100203
103032
100354
100345
102718
102720
102721
103015
103016
102719
100352
100348
100349
100371
100372
100346
100347
100355
102717
102716
100335
95759
102140
95760
100322
100340
100318
100246
100247
94589
94585
94586
100248
100242
100240
94590
100256
100257
100336
94888
99434
99432
99433
99414
99415
99428
99413
99411
99412
99427
99425
99426
99423
99424
99416
99420
99417
99430
99429
99436
99437
99438
100082
99418
100091
99419
100080
100081
100083
100084
100087
100073
100079
100072
99440
99441
99439
99421
99422
99435
99409
99431
97521
99452
97522
94889
98978
101687
103041
102588
102965
102967
102966
100090
102589
102591
102590
102593
102592
100089
99455
100088
102959
102958
102956
102957
99454
99442
99453
98979
99546
99547
99545
99549
99548
99544
99550
99551
99533
99537
99538
99536
99534
99535
99539
99504
99527
99494
99496
99495
99497
99498
99526
99489
99474
99485
99486
99488
99491
99402
99487
99469
99466
99467
99465
99468
102653
102654
99462
99461
99471
99293
99476
99478
99479
99483
99500
99502
99505
99506
99507
99484
99501
99480
99475
99477
99481
99294
99275
99291
99292
99276
102881
102880
102879
102878
102877
102876
99273
99286
99290
99283
99274
99289
99287
99288
99285
99457
99456
99458
99459
99460
99464
99284
99160
99161
102656
99179
99178
99169
99174
99175
99176
99177
99367
99381
102862
102861
103051
102123
103050
99369
99370
99371
99378
99387
99392
99393
99410
99443
99403
101957
99448
99397
99395
99396
99380
99377
99379
99166
99167
99170
99171
99172
99368
102657
99164
99165
99168
99470
99463
99398
99399
99405
99400
99401
99404
102658
99473
99472
99508
99490
99503
99529
99528
99492
99493
99525
99532
99543
99531
99530
99446
99449
99444
99445
99542
99076
99077
99282
99540
99541
99447
99357
99360
102867
102886
102868
99365
99364
99406
99407
99408
99366
99390
99389
99391
99394
99384
99383
99385
99382
99388
99386
99362
99363
99361
99359
99358
99372
99373
99374
99375
99376
