4087
152260
152306
152304
152305
152934
152943
152944
153007
153002
153004
153003
152933
152897
153005
153006
153092
153093
153109
153094
153095
153096
153097
153366
153098
153101
153100
153099
152308
152894
152896
152895
152928
152912
152911
152927
152926
152929
152930
153108
153103
153104
153113
153395
154232
159152
154233
154429
154431
154449
154468
154470
154471
154467
154481
172106
154450
154448
154444
154443
154430
154432
154441
154991
154992
155084
155087
155088
155085
155086
155089
155090
155125
155133
155134
155144
155147
155335
155339
155143
155141
155136
155132
155131
155129
155128
155049
155127
155138
155096
155092
154551
154546
154547
154539
154530
154531
154527
154528
172109
154529
172108
154501
172107
154500
154525
154537
154538
154542
154543
154533
154532
154469
154534
154479
154480
154454
154455
154526
154456
154457
154453
154545
155130
155048
155091
154544
154540
155050
155005
155000
154998
154996
154997
154989
154541
154999
154535
154990
154536
154988
154447
154442
155095
155146
154451
154452
154522
154555
154554
154553
154557
154559
155102
155105
155119
155120
155151
155103
155094
155093
155149
155153
155157
155160
155366
155388
155389
155391
155392
155398
155399
155400
155383
155381
155382
155379
155394
155401
155393
155437
155455
155454
155463
157694
159850
159846
159847
159848
159849
159845
159844
157696
157698
172840
157700
155456
155457
157699
172127
172128
155458
157683
155450
155451
157697
157695
155452
155453
155449
155462
155380
155384
155385
155378
155397
155396
155435
155436
155448
155395
155376
172303
155441
172304
155442
155440
155439
155464
155438
155443
159806
159807
159811
159809
159746
159808
159814
155467
159812
172129
159825
172131
172132
159824
159815
159817
159818
159816
157716
157717
157719
157715
159828
159829
159830
159822
159823
157714
157718
172130
159826
159813
159827
155465
155466
159931
159932
159930
155473
159819
155468
159820
159781
159782
172362
159783
159784
159785
155469
159790
159752
159751
159742
159741
159743
159789
159788
159786
159787
172361
159744
159733
159756
159757
159758
159766
159767
159804
159803
159802
159801
159800
159799
159798
159797
159796
159795
159794
159793
159778
159779
159791
159792
159780
159777
159776
159775
159774
159773
159772
159771
159770
159769
159768
159805
159759
159762
159765
159837
159838
159839
159763
159689
159690
159688
159661
159662
159660
159659
159657
159658
159704
159703
159721
159679
159677
159675
159674
159676
159760
159673
159672
159645
159641
159668
159667
159651
159653
159652
159663
159664
159724
159726
159727
159725
159723
159666
159720
172363
172803
159699
159701
159700
159694
159695
159698
159624
159597
159598
159595
159594
159596
159602
159606
159601
159605
159604
159649
159646
159647
159618
159615
159614
159610
159617
159638
159644
159730
159729
159728
159734
155409
155408
159738
155446
155447
155445
155407
155406
155410
155373
155403
155368
155367
155374
155162
155155
155152
155122
155165
159608
159609
159620
159635
155371
155370
159574
159572
159575
159579
159411
159410
159409
159569
159566
159571
159441
159416
159375
159376
159374
159309
159310
172837
159372
159373
159402
159412
159312
159313
159306
159413
159561
155115
155113
155099
155110
155114
155118
159562
155117
155111
159565
155109
155108
155107
155098
154558
154560
154556
154515
154514
154513
154516
154517
155100
155112
155101
159307
159417
159414
154561
154562
154563
154518
159311
159308
159369
159370
159577
159580
159581
159582
159585
159603
159586
159587
159593
159599
159447
159448
159583
159589
159584
159588
159407
159406
159446
159449
159567
159570
159564
159415
159408
159405
159576
159568
159563
159573
155372
155164
155124
155123
155163
155365
155369
159636
159637
159621
159613
159611
159578
159612
159619
159590
159591
159592
159600
159607
159656
159696
159697
159655
159722
159665
159654
159650
159648
159643
159642
159616
159640
159639
159671
159670
159669
159678
159680
159702
172124
172364
159821
159764
159761
159755
159754
159753
159731
159740
159732
159737
159736
159748
159749
159745
159750
159810
159747
155470
155471
155472
159735
159739
155444
155405
155402
155404
155375
155390
155434
172586
172587
155387
155377
155386
155161
155159
155158
155156
155154
155150
155121
155116
155106
155104
155097
154550
154552
154549
154512
159371
155348
155338
155145
155148
154519
159622
159623
159687
159685
159686
159625
159626
159627
159691
159692
159631
159632
159630
159629
159633
159628
159634
152149
154189
154508
154511
154510
154509
152131
152140
154291
154299
154300
154292
154293
154288
154286
154285
154278
152142
154279
154190
154295
154296
154188
152141
154301
154520
154521
152129
154282
154491
154281
154492
154283
154483
154489
154497
154495
154493
172290
154494
154496
154502
154503
172105
154499
154486
154475
154476
154477
154487
154474
154473
154478
154472
154274
154272
154268
154271
154267
154257
154258
154263
154259
154253
154262
154254
154266
154264
154255
154256
154187
154186
154160
154162
154161
154181
154180
154185
154247
154246
154245
154248
154250
165737
154039
154038
154147
154146
154249
154145
154128
154129
154132
154138
154141
154139
154123
154121
154122
154102
154103
154113
154346
154364
154369
154366
154426
154427
154428
154371
154370
154343
154344
154341
154339
172103
154340
154342
154365
154367
154345
154112
154115
154114
154116
154117
154143
154118
154119
154095
154347
154348
154349
154350
154331
154330
154335
154357
154363
154362
154395
154394
154398
154397
154391
154389
154390
154393
154388
154387
154386
154380
153989
154379
154377
154376
154374
153922
153992
153956
153955
153954
157991
172776
172775
172777
153920
153921
153923
154375
154373
153991
154381
154383
154382
154378
154385
154107
154110
154111
154327
154326
154323
154322
154324
154320
154321
154105
154091
154093
154106
154080
154082
172283
154076
154074
172285
154052
154053
154079
154078
154086
154089
154090
154309
154317
154325
153916
153915
153919
153914
153913
153912
153911
153910
153905
153907
153908
153909
153791
153772
153787
153788
153901
153917
153918
154307
153902
153903
154064
154084
154065
153904
154050
154001
154005
154006
154049
172280
153722
172279
153723
172278
153724
153998
153999
154000
154015
153721
153719
153720
153773
153776
153790
153775
153774
154002
153792
153789
153786
154316
154315
154310
154308
154087
154088
154314
154083
154085
154077
154051
154016
154092
154098
154081
154100
154099
154328
154338
154336
154332
154329
154101
154318
154319
154313
154312
154311
154372
154334
154384
154359
154360
154361
154392
154108
154109
154356
154337
154333
154096
154104
154097
154094
154120
154134
154127
154137
154126
154073
172284
154067
154075
154069
154070
172281
172282
154071
154072
154055
154056
154057
154058
154059
154060
154133
154063
154124
154029
154028
154048
154042
154041
154030
154031
154037
154026
154027
153996
153994
153995
154022
154023
154025
154024
154054
154066
154068
154062
154061
154136
154130
154131
154135
154125
154043
154184
152133
152132
152136
152135
152134
152137
152138
154183
154182
154252
154251
154144
154142
154140
154260
154269
154270
154261
172874
154273
154275
154276
154368
154485
172875
154462
154463
154464
154465
154466
154484
154460
154461
154498
152150
152148
154458
154459
154490
154488
154482
154277
154265
152139
152130
153796
153797
153804
153906
153948
153799
153800
172274
153951
153953
153952
153801
153802
153803
153798
153990
154406
154416
154418
154414
154419
154946
154950
154949
154974
154966
154965
155021
155022
154829
154830
155023
154827
155025
155170
155177
155180
155182
155183
155192
155209
155207
155206
155213
155215
155216
155266
155241
155243
155244
155259
155208
172301
155204
155202
155201
155188
155191
155197
155234
155233
155230
155232
155231
155257
155258
155260
172718
155261
172717
155240
172719
155238
172720
155239
154928
154941
155229
155237
155194
155195
155236
155193
155196
155185
155186
155169
155171
155167
155166
154936
154932
154917
154918
154931
154922
154935
155178
154934
154930
155198
155235
155190
155187
155200
172300
155242
172716
155245
172302
155217
155205
155203
155199
155067
155063
155059
155060
155062
155065
155033
155034
155031
155030
155032
155020
155019
155014
155011
155007
154969
154970
155006
155012
172807
154971
154972
154976
154957
154952
154961
154959
154960
154958
172296
154951
154956
154975
154422
154424
154413
154399
154423
154973
154968
155010
154978
154979
154977
155013
155016
155027
155028
155026
155029
155035
155015
155064
155189
155184
155181
155179
155168
155024
154828
154818
154807
154808
154752
154421
154754
154761
154405
154417
154967
154831
154832
154948
154425
154401
154945
154402
154944
154403
154420
154400
154415
154404
154753
154755
172715
172751
172721
153993
154817
154819
154923
154933
172232
172231
172297
154916
154929
154351
172287
154352
172288
154353
172289
154354
154358
154355
154409
154436
154440
172104
154438
154439
154435
154396
154408
154412
154407
154411
154437
154964
154980
154981
154963
154982
154993
155009
155038
155037
155039
155042
155017
155018
155008
154994
154984
154985
154446
154983
154962
154953
154954
154445
154433
154955
154434
154410
172714
153166
153974
153973
159693
172273
153947
153167
153933
153934
168781
153932
153168
154725
154724
154723
154726
154727
154751
154756
154786
154788
154795
154797
154809
154810
154883
154895
154896
154897
154792
154888
154887
154882
154702
154703
154880
154879
154784
154785
154783
154881
154878
154877
154716
154715
154717
154743
154742
154771
154779
154778
154773
154782
154794
154780
172294
154775
154776
154772
154774
154747
154748
154749
154718
154722
154739
154721
153964
153965
153929
153930
154711
154712
154708
154714
172292
154713
154709
154707
154706
154705
154741
154770
154769
154781
154790
154789
154876
154704
154700
154701
154699
154884
154791
154886
154885
154793
154801
154796
153987
153988
172779
153986
153985
153975
153972
153970
154787
154760
154777
154757
153971
153944
154750
154728
154719
153945
154720
153931
153946
153976
154758
153983
153984
154759
153982
153981
154763
154764
154766
154767
154768
154802
154806
154816
154820
154822
154904
154905
154910
154912
154920
154919
172299
154925
172298
154926
154921
154915
154924
154942
154943
154940
154937
154938
154687
154688
154908
154907
154906
154899
154900
154890
154898
154692
154693
154694
154696
154695
154697
154698
154889
154891
154892
154893
154894
154691
154690
154903
154689
154685
154939
154927
154911
172295
154913
154914
154909
154902
154901
154811
154813
154812
154823
154824
154825
154804
154798
154799
154826
154821
154815
154814
154805
154803
154800
153977
154765
153978
153979
154762
153980
154986
155001
155003
155053
155061
155083
155126
155135
155137
155139
155322
155327
155329
155341
155342
155344
155418
155419
155364
155349
155340
155337
155336
155334
155324
155325
155326
155330
155332
155346
155140
155333
155347
155345
155350
155351
155352
155417
155420
155422
155429
155432
155430
155433
155355
155356
155357
172778
155358
155431
155428
155427
155423
155424
155425
155321
155319
155301
155305
155320
155318
155296
155300
155317
155359
155426
155421
155412
155413
155302
155285
155287
155299
155298
155294
155246
155295
155297
155303
155304
172747
155291
155292
172748
155288
172749
155276
155264
155265
155272
155271
155273
155274
155275
155278
155282
155277
155279
155173
155176
155175
155222
155214
155218
155249
155262
155263
172750
155293
155248
155247
155286
155283
155414
155354
155415
155353
155416
155411
155343
155331
155328
155284
155281
155280
155226
155225
155212
155211
155219
155220
155221
155224
155223
155210
155075
155077
155073
155072
155044
155043
155045
155056
155046
155055
155047
155054
155057
155058
155076
155071
155070
155068
155069
155174
155078
155074
155080
155172
155227
155228
155323
155079
155142
155081
155082
155052
155051
155004
155002
154995
155036
155040
155041
155066
154987
152070
153542
153549
162507
162506
162505
162508
168525
168524
168523
168521
168520
168507
168505
168503
168450
168451
168506
168501
162498
152081
152092
162499
168452
168502
167257
167258
168504
162513
162514
162515
162512
162511
168526
162509
168508
162501
162500
152080
152079
153641
153644
153663
172703
153642
153664
153668
153667
153678
153679
153736
153735
153680
153666
152088
152085
152082
152086
152084
152087
153590
153574
152091
152093
152075
152076
162503
168527
168528
152077
162502
168522
162510
172820
162504
153565
153564
153563
153572
153586
172704
153639
153638
153637
153733
153738
153739
153744
153737
153759
153763
153761
153762
153831
153832
153833
153841
153842
153844
153843
153827
153825
153826
153817
153818
153819
172673
153604
153603
153605
153621
153622
153607
153615
153631
153629
153634
153635
153829
153628
153616
153617
153623
153581
153580
153584
153613
153610
153576
153577
153583
153578
153568
153567
153569
153558
153559
153556
153547
153540
153539
153538
153557
153600
153601
153598
153609
153553
153596
153594
153595
153593
153591
153529
153534
153555
153554
153551
153550
153544
153543
153537
153523
153526
153524
153536
153535
153533
153530
153531
162519
168519
168517
168518
168510
168511
167256
167255
168512
168513
168514
168495
168515
167276
162524
162525
162522
162521
152592
152591
153522
153521
153527
152589
152588
152587
152590
162523
168496
168498
167260
167261
168497
167262
162516
168509
162517
168516
162518
162520
152072
153532
153528
152800
153552
153545
153546
153575
153585
153579
153570
153612
153611
153614
153608
153606
153599
153597
153602
153630
153632
153633
153828
153830
153758
153627
153624
153625
153760
153640
153734
153665
152090
152089
153645
153589
153618
153620
153636
153619
153592
153588
153626
153587
153582
153573
153571
153566
152074
153560
152078
153561
153562
153548
153541
153525
152073
152071
153845
153856
153846
153847
153643
172702
172701
153814
153815
168453
168530
152083
162495
162497
168472
168539
168538
168531
168532
168533
153834
153840
153838
153839
153742
153755
153746
153743
153756
153837
153940
153966
153967
153968
154737
154735
154736
154744
153958
153961
153960
153959
153936
153937
153938
153943
153935
153835
153957
153969
154745
153963
154740
154746
153962
153939
153836
153750
172713
153751
153745
153651
153652
153675
153677
153740
153741
152293
172814
152294
172888
172890
172889
154666
154662
154674
154837
153371
153372
153373
153374
154833
154834
154835
154836
153403
153404
153405
153406
153368
153370
154672
154671
154633
154634
154616
154618
154619
154681
154620
154680
154621
154643
154655
154654
154679
154640
154639
154653
154645
154629
154626
154627
154631
154628
154607
154608
154630
154603
154602
153897
153896
153891
153892
154600
154598
154652
154651
154650
154730
154733
154734
154648
154649
154731
154738
154611
154606
154605
154641
154729
154613
154610
154599
153924
153927
153928
153886
153851
153888
153925
153887
153926
153850
153849
154612
154597
153885
153890
153889
153883
153882
153884
153881
153871
153870
153864
153860
154595
154596
154617
154614
154636
154676
154678
154675
154664
154665
154590
154638
154637
154635
154591
154594
154582
154581
154593
153877
154592
153878
153861
153862
153863
154601
153894
153895
154609
154604
154642
154644
154677
154622
154647
154623
154624
154625
154646
153398
154615
153893
153399
154632
153400
153401
153402
154670
154663
153468
154661
154588
154589
154587
154585
154575
154572
154573
154576
154568
154570
154574
153291
153290
153299
153303
153302
154577
154656
154657
154668
154673
172291
153360
153362
153453
153361
153375
153377
172268
153379
153382
153381
153380
153378
153376
153448
153470
153449
153364
153383
153450
153384
153386
153385
153387
153388
153389
153390
153391
153425
153392
153412
153413
153426
153427
153428
153429
153435
153445
153434
153432
153433
153430
153431
153353
153355
153442
153443
153444
153325
153344
153343
153345
153352
153341
153334
153340
153342
153331
153313
153315
153316
153312
153311
153317
153240
153243
153242
153308
153309
153304
153305
153329
153330
153324
153323
153184
153186
153187
153188
153190
153191
153189
153180
153179
153177
153175
153171
153176
153165
153150
153154
153153
153162
153169
153152
152741
153151
153164
153163
153178
153181
153172
153173
153174
153182
153233
153234
153231
153232
153225
153226
153170
172070
153161
153159
153160
153307
153328
153306
153228
153227
153229
153230
153310
153314
153332
153327
153326
153346
153354
153446
153452
153447
153451
153365
153356
153363
153357
153358
153359
153300
153301
153349
153350
153282
153283
153280
153294
153278
153273
153263
153274
153284
153285
153253
152883
152884
153287
152885
153272
153270
153271
153268
153269
153266
153267
154564
154569
153265
153879
153880
153876
153255
153256
153257
153873
153872
153874
153875
153853
153854
153855
153852
153868
152877
152878
153867
153865
153866
153260
153261
152886
152874
152872
152879
152869
152870
152845
152841
152843
152836
152835
152837
152853
152854
152866
152855
152851
152856
152861
152857
152865
152858
152850
152829
152640
152642
152643
152651
152644
152826
152828
152833
152832
152834
152749
152750
152751
152752
152753
152754
152748
152827
152830
152825
152755
152756
152757
152773
152779
152641
152852
152838
152831
152746
152747
152842
152868
152867
152860
153259
152875
152876
152873
153858
153857
153848
153859
153869
153258
153262
152880
152881
153254
152882
172267
152871
153249
153251
153248
153221
153223
153214
152847
152849
153216
172068
153218
172067
153219
172066
153236
172065
153238
172064
153237
153244
153246
153279
153321
153322
153339
153336
153337
153338
153335
153347
153351
153318
153319
153320
153241
153235
153220
153217
152759
152758
153213
172069
152745
152742
152737
152717
152744
152846
152848
152839
152840
153222
153215
153247
152844
153277
153276
153288
153252
153250
153224
153239
153245
153275
153281
153348
153292
153298
153297
153293
153333
154667
154669
154658
154659
154660
153296
154578
153295
153289
153286
153264
154566
154567
154565
154580
154584
154571
154586
154579
154583
153469
153145
153367
153146
153192
153185
153204
153205
153183
153156
152289
153436
153394
152290
153439
153408
154682
153407
153482
153369
153393
153411
153396
154683
153397
154710
154838
153409
154684
154732
152321
152735
152734
153158
152721
152720
153157
152740
152722
152727
152261
152330
152263
152329
152332
152324
152691
152325
152326
152327
152690
152328
152483
152323
152692
152693
152701
152715
152700
152654
152653
152714
167100
152705
152703
152520
152697
152694
152698
152509
152511
152449
152510
152699
152481
152652
152716
152482
152322
152448
152504
172238
152503
152505
152517
152515
152519
152530
152696
152702
152706
152704
152639
152711
152712
152713
152633
152710
152764
152761
152774
152776
152789
152821
152859
152507
152516
152695
152508
152718
152736
152738
152730
152731
152732
152726
152725
152724
152739
152723
152743
152728
152729
172239
172242
172241
172240
152719
153768
152094
153661
153674
153673
153688
153703
153704
153705
153764
153769
153770
172706
172708
172707
153781
153782
153784
153783
153785
153778
153777
153765
153754
153753
153752
153795
153779
153780
153766
153706
153707
172743
153708
153767
172705
153709
172711
172712
153693
153694
153689
153691
153692
152103
162487
168591
168592
168565
168587
168545
168458
168541
168543
168550
168560
168584
172540
168585
168586
168557
168558
168559
172539
168552
168588
162480
168581
162481
162482
162483
162484
168547
168548
172536
168549
168544
168542
168459
168457
168456
168455
168564
168546
162485
168590
162490
162491
162492
168454
162493
162494
162496
172700
152096
162489
162488
162486
152101
152098
152102
153690
153687
153684
153682
153681
153757
153748
153749
153654
153676
153653
153656
153683
153657
153658
153659
153670
153647
153646
153695
153650
153649
153655
153747
153669
153685
153686
153671
153672
153662
153660
153648
152097
152095
152436
152418
152435
162538
162539
162540
162541
162542
152539
152540
152538
152544
152545
152543
152546
152549
152569
152598
152585
152584
152593
152594
152599
152603
152604
152672
152673
152665
152664
152662
152667
152668
152683
172263
172264
172672
152686
152685
152771
152772
167101
152784
152782
152783
172262
152762
152785
152763
152780
152766
152767
152768
152769
152775
152659
152660
152661
152649
152650
152646
152645
152647
152619
152618
152617
152614
152613
152612
152610
152608
152623
152625
152628
152624
152627
152629
172253
172254
152630
152631
172246
152535
152536
152621
152606
152607
152605
152573
152571
152570
152572
152555
152554
152552
152553
152556
152467
152524
152497
152498
152518
152522
152527
152532
152531
152534
152707
152708
152709
152529
152526
152506
152500
152501
152495
152494
152492
152458
152457
152455
152490
152489
152488
152454
152453
152437
152438
152462
152440
172863
152439
152461
152444
152460
152442
152441
152428
152430
152429
152431
152426
152427
152456
152459
152470
152471
152499
152491
152525
152528
152502
152496
152493
152468
152472
152557
152523
152521
152533
152622
152609
152611
152559
152561
152562
172236
172237
152558
152560
152563
152564
152615
152616
152626
152648
152770
172251
172252
172249
172250
172247
172248
172243
172245
172244
152655
152765
152634
152635
152637
172259
172261
172258
172260
172255
172257
172256
152638
152636
152632
152760
152778
152781
152787
172671
152786
152804
152687
152689
152803
152811
152805
152810
152814
152818
152820
152823
152824
153812
153820
153821
153823
153824
153813
153816
153808
153805
153810
172675
172676
172677
172674
153794
152796
152798
152680
152681
152795
152799
152802
152809
152807
152808
152816
152794
152682
152677
152678
152670
152597
152586
152797
153793
153807
153806
152862
152863
152864
153822
153809
153811
152817
152822
152788
152790
152819
152791
152792
152815
152813
152812
152806
152801
152688
152676
152793
152777
152656
152657
152658
152684
152669
152666
152663
152620
152601
152671
152679
152596
152600
152602
152565
152595
152578
152566
152577
152575
152576
152567
152574
152568
152550
152551
152542
152541
152469
152537
152443
152432
152433
162536
162537
162543
162544
152434
152420
152419
152422
152423
152099
162477
153715
153714
153718
153696
153699
162476
153698
153697
153702
153717
153716
153726
153727
153771
153711
153710
153712
153713
152100
152171
152229
152228
152231
166948
166944
166946
166950
166952
166957
166970
166971
166964
166968
166967
166972
166966
166974
166973
166385
166384
166383
166962
166933
166934
166935
166955
166959
166956
166953
166908
166916
166914
166915
166913
166911
166928
166936
166892
166937
166939
166942
185191
185190
185189
185192
185184
185185
185180
185181
185196
185477
185195
152175
152174
170114
166898
185182
166903
166901
166900
166947
185183
166941
166938
166894
166926
166909
166910
166904
166905
166874
172827
166895
161244
166893
166927
166912
166875
166871
166884
166883
166907
166882
166918
166961
152393
152392
152255
152249
152196
152197
152198
152245
152236
152238
152234
152232
152233
152183
152182
152202
152203
152240
152239
152241
152242
152210
152180
152186
152209
152179
152208
152204
152200
152201
152181
152199
152256
152257
166969
166958
166965
152250
152248
166960
152247
166954
152246
166951
152237
166949
152235
166945
166929
166943
166940
166899
166897
152230
152184
152176
152177
152185
176296
176301
176303
176294
176295
176302
152188
152187
152178
152173
152172
161243
185199
185202
185201
185198
185197
185094
166896
166872
166902
185161
185162
185203
166906
185200
185204
166924
166923
166925
166870
152207
152251
152395
166367
164060
164061
167142
167145
167144
167155
167156
167159
167158
167157
167147
167146
162545
162546
162547
152413
152412
152445
152451
152475
152486
152487
152485
152484
152480
152479
152463
152464
152477
152406
152408
152465
152409
152401
152402
152403
162549
162550
152400
152396
152398
152399
152333
152466
152473
152476
152474
152452
152450
152447
152416
152417
152424
152410
152446
152411
152414
152404
152405
152415
152425
162548
167151
167150
167149
167138
162551
167137
167136
167135
162741
152407
152478
152397
152394
152253
152252
167139
167132
166382
152254
152421
166917
166963
166919
160139
166345
166890
166889
166888
166975
166983
166976
166981
166982
167130
167131
166931
166932
166930
166920
166921
166922
166876
166861
166856
166855
166862
166307
166306
166859
172478
166857
166858
166308
166853
166860
166891
166887
166317
166318
166316
160140
166854
166339
157624
157625
157626
157627
155360
155361
157622
157623
155362
157675
155363
157661
157662
157690
157672
157676
157677
154686
154947
157185
157186
172725
157616
157615
157614
157072
172114
154842
154840
154872
154874
154875
154869
154841
154868
152258
152310
152309
152319
152351
152361
152367
152369
152368
152315
152316
152317
152314
152313
152354
152349
152945
152951
152950
152952
152981
152937
152938
152980
152979
152948
152941
152940
152947
152939
152935
152936
152953
152982
152983
152984
152994
153001
152997
152985
152987
152986
172818
152988
153000
153107
153147
153155
152998
153105
153106
152999
152989
153148
153149
152733
152372
152995
152996
152993
172830
172831
152977
152964
152971
152972
152970
152959
152969
152968
152974
152973
152975
152976
152978
152966
152375
152376
152377
152992
152990
152991
152373
152387
152388
172266
152389
172833
152370
152371
152386
152385
152381
152382
152380
152364
152363
152365
152962
152961
152383
152384
152391
152378
152357
152355
152356
152360
152359
152339
152340
152341
152342
152344
152345
152262
152331
152334
152343
152374
152320
152338
152337
152336
152335
152358
152347
152348
152346
152379
152390
152967
152963
152960
152958
152957
152965
152956
152955
152954
152949
152946
152942
152311
152312
152353
152366
152362
152352
152350
152318
152259
154229
154231
159173
159214
159174
159210
159211
159215
159220
159219
159221
159357
159358
159226
159227
159355
159390
159389
159386
159396
159397
159433
159434
159435
159437
159438
159439
159440
159419
159425
159424
159403
159404
159422
159423
159368
159388
159426
159427
159429
159421
159420
159384
159367
159380
159381
159382
159383
159364
159363
159360
159361
159362
159351
159217
159208
159212
159213
154306
154305
154504
154506
154505
154524
154523
154302
154303
154507
154548
159365
159366
159353
159354
159352
159359
159379
159377
159378
159418
159436
159444
159445
159442
159450
159460
159461
159479
159480
159487
159500
159501
159488
159483
159484
159485
159499
159486
159489
159498
159490
159491
159681
159492
159494
159682
159495
159528
159683
159684
159712
159530
172125
159716
159715
159717
159719
172123
159718
159710
159711
159708
159709
159707
159705
159706
159529
159713
159714
172360
159531
159532
159533
159547
159527
159525
159524
159514
159513
159512
159503
159505
159511
159520
159509
159521
159510
159502
159519
159497
159482
159471
159473
159477
159478
159347
159348
159343
159346
159345
159349
159518
159350
159517
159333
159330
159329
159338
159336
159340
159337
159465
159464
159470
159463
159454
159453
159456
159455
159457
159401
159399
159391
159452
159335
159334
159324
159323
159322
159321
159318
159317
159327
159328
159243
159244
159326
159245
159246
159242
159240
159241
159239
159235
159236
159237
159238
159234
159229
159231
159232
159233
159230
159314
159168
159276
159269
159266
159224
159178
159179
159268
159267
159277
159169
159187
159170
159180
159186
159183
159184
159185
159182
159181
159177
159192
159225
159191
159190
159189
159195
159196
159194
159265
159171
159167
159316
159315
159320
172823
159319
159393
159394
159392
159451
159325
159339
159332
159331
159247
159248
159249
159250
159251
159344
159342
159341
159476
159467
159466
159475
159504
159523
159522
159496
159493
159472
159474
159469
159468
159481
159462
159458
159459
159443
159400
159432
159431
159430
159428
159398
159395
159270
159387
159385
159223
159356
159222
159228
159207
159218
159216
159209
159175
159205
159197
159198
159206
159199
159200
159193
159176
154230
154298
154304
154294
154290
154287
154289
154284
154280
154297
154237
159506
159554
159555
159557
159556
159548
159546
159526
159515
159545
159544
159543
159550
159549
159551
159552
159536
159537
159541
159540
159539
159538
159542
159553
159535
159534
159516
159507
159508
153997
159188
152104
153729
153730
153731
162474
153732
162475
162473
162472
162471
162470
162469
162468
162467
152117
152115
152116
152118
152113
152111
152109
152106
152114
152112
152110
152107
153700
153701
153728
152108
152105
153725
168473
168489
168481
168490
168480
168491
168479
172532
168478
168486
168493
168566
168555
168534
168556
168536
168567
168537
168562
168563
168561
172535
168568
172537
172534
168535
172533
168492
168488
168551
168553
168554
168589
168487
168579
168580
168578
168832
168577
168576
168836
172543
168494
168485
168477
168476
168475
168474
152193
152195
152194
152910
155725
153133
153142
153102
