4096
156250
156253
153410
155306
157643
157708
157707
157812
157834
157842
157845
157843
157844
157904
157906
157907
157911
157992
157945
157905
157711
157727
157726
157725
157720
157721
157713
157656
157652
157654
157653
157722
157665
157638
157639
157636
172318
157637
157649
157648
157645
157632
157634
157635
157640
157641
157633
155310
155309
157642
157650
157655
157666
157667
157668
157651
157669
157670
157671
157663
157712
157723
157724
157795
157791
157908
157903
157836
157837
157841
157833
157838
157811
172819
157710
157657
157659
157660
157658
157644
155308
155307
157832
172761
157813
157733
157734
157747
157763
157775
157941
157953
157960
157988
157989
157999
158004
158001
158016
158017
172633
158018
158015
158050
158063
158047
158049
158027
158028
158029
158003
158006
158040
172323
157961
157963
157968
157957
157958
157956
157954
157964
157955
157952
157965
157951
157950
157966
158019
157981
157982
157752
157980
158024
172324
158023
158022
158021
158048
158071
158042
158068
158075
158076
158769
159996
159997
160021
172133
172135
172134
158770
158051
158052
159956
158053
159955
159954
159953
159987
159988
159989
159995
159998
160000
160012
160009
160008
160010
160011
160004
160003
160002
160001
159958
159957
159994
159982
159985
159984
159983
159981
159972
159971
159937
159938
159939
157793
172722
157794
159935
159943
159942
159944
159941
157995
157996
159936
172321
157997
172320
157998
157800
157798
159979
159835
159834
159833
158055
158056
158057
158058
158059
158060
158061
158062
158013
158010
157802
157777
158007
158008
158011
157776
158012
157799
157993
157994
159973
159980
159959
159940
159945
159993
159992
159991
159946
159947
160013
160014
159948
159949
160007
160006
160005
159950
159951
159999
159990
159986
159832
159952
159831
159836
158054
158065
158064
158041
158043
158044
158020
158036
157751
157967
158025
157753
157754
157755
157757
157758
157944
157946
157943
157759
157760
157940
157947
157949
157962
158005
158045
158046
158026
158014
158009
158002
158000
172322
157790
157990
157789
157788
157787
157987
157986
157959
157948
157786
157942
157767
157768
157769
157741
157742
157750
157749
157737
157738
157739
157740
157939
157766
157761
157748
157735
157736
157664
157687
157762
157746
157731
157732
157688
157686
157673
157689
157674
157685
157756
157792
157910
155311
172727
157899
157909
157901
157902
157835
157859
157891
157893
158608
157914
158619
158631
157920
157921
157927
157928
157929
157917
157916
157918
157889
157890
157888
157894
157895
157926
157925
157923
157924
157922
157897
157898
157900
157896
157919
158618
157915
157884
157881
158607
157882
157883
157892
157885
157887
157886
157856
157857
157840
157851
157852
157853
157846
158419
157848
158420
157849
157847
157850
157839
157728
157745
157774
157773
157781
157782
157783
157764
157765
157779
157780
157778
157801
157743
157744
157729
154859
157040
154860
154862
154870
154871
154861
157051
154857
157043
157041
157042
157044
154867
154858
157052
157053
157154
157036
157038
157039
157037
152291
157131
157130
157135
157134
157126
157132
157127
152292
157133
157244
157245
157424
157425
152011
160114
152012
157597
160113
157598
157599
157604
158219
158217
158218
158190
158189
158188
157876
157870
158197
158198
157877
158187
158199
157871
157872
157873
157878
157879
158606
157880
157863
157772
157855
157858
157854
157831
157771
157770
157861
157862
157864
157830
157829
157828
157822
157823
157827
157826
157824
157807
158426
157808
158425
157629
157628
157299
157630
157302
157631
157205
157207
157208
157209
157611
157612
157607
157608
157613
157617
157618
157619
172726
157620
155312
155313
157621
155314
172724
155289
157647
158421
172723
157646
158422
157307
158423
155267
155268
155315
155290
155269
157609
172115
157610
172872
157605
157287
157219
157217
157218
157216
157220
157204
157202
157203
157191
157183
157070
157071
157065
172655
157068
157069
157192
157193
157195
157196
157197
157198
157199
157189
155270
157606
157214
157215
157301
157210
157211
157212
157213
157300
158424
157206
157236
157306
157479
157276
157277
157278
157292
157291
157288
157289
157298
157303
157290
157294
157293
157295
157258
157257
157264
157263
157487
157493
157501
157814
157815
157810
157809
157482
157481
157502
157503
157483
157500
157486
157485
157821
157820
157593
172753
157588
157589
157515
157586
157517
157585
157587
157583
157582
157579
157578
157580
157581
157538
157535
157534
157536
157511
157489
157490
157491
157514
157488
172765
157499
157497
157498
157509
157512
157508
157520
157521
157525
157526
157524
157532
157533
157528
157523
157519
157518
157507
157506
157495
157494
157272
157273
157496
157510
157513
157531
157522
157530
157529
157577
157527
157474
157476
157475
157575
157574
152015
157576
157572
157590
157595
157596
157819
157601
157600
157869
157868
157867
157875
157866
157865
157603
157542
157460
157458
157457
157459
157591
155255
157008
155256
172319
157573
157584
157537
157516
157492
157592
157484
157275
157262
157280
157259
157251
157250
157260
157249
157247
157248
157182
157150
157151
157152
157057
157058
157059
157060
157061
157062
157063
157055
157056
157054
157153
157178
157252
157285
157286
157231
157228
157230
157229
157227
157226
157224
157225
157223
157281
157282
157194
157200
157283
157188
157187
157190
172317
157184
157170
157172
157064
157171
157180
157181
157221
157222
157284
157201
157177
157179
157255
157279
157274
157304
157305
157232
157233
157234
157235
157480
157803
157806
157805
157804
157816
157818
157825
157817
157860
157874
157602
157541
157594
152013
152014
157271
157147
157148
157149
157173
157246
152008
157472
157505
157504
157477
157473
157270
157269
157268
157296
157453
157467
157465
157468
172316
157464
157463
157470
152018
152019
157540
157544
157552
157556
157563
157561
157562
158100
158101
158104
158106
158105
158095
158094
157548
157549
157550
158107
157546
157545
157445
157446
157419
157418
157420
157415
157414
157406
157407
157442
157408
157405
157447
157547
157404
157554
157557
157558
157560
157567
152017
152016
157553
157555
157551
157543
152021
157539
157427
157426
157428
157433
152020
157462
157429
157430
157431
157451
157450
157159
157158
157466
157455
157160
157161
157266
157454
157456
157253
157265
157254
157238
157174
157239
157243
157241
157242
157240
157417
157416
157166
157165
157176
157175
157237
157144
157145
157143
157142
157146
157136
157164
157162
157163
157169
157168
157448
157449
157167
157432
157461
157452
157267
157297
157478
157471
157469
152009
152010
157559
160115
157256
157261
158191
160116
157409
157423
157410
157411
157441
157046
157047
157050
157363
157421
157422
155316
172762
152512
157325
157327
157328
157329
157330
157138
157139
157140
157156
157141
157155
157129
157124
157125
157100
157099
157035
157034
157088
157031
157087
157086
157084
157101
157137
157157
157326
152514
157359
157358
157357
157361
157350
157352
157353
157354
157351
157356
157360
157049
157048
157333
152513
157024
157033
157032
157025
157026
172754
157030
157045
157362
172328
157128
158195
158233
158609
158614
158622
158627
172339
158621
158613
158610
172338
172766
158234
158196
158235
157912
157913
157977
157983
157984
157975
157985
158033
157978
158032
158039
158703
158711
158716
158717
158722
158759
158780
158811
158816
160034
160036
172136
160035
160039
160041
158735
158736
158737
158738
158751
158749
160044
160045
158744
158745
160057
158746
158747
158748
158740
158741
158743
158742
158739
158750
158752
160042
158754
158753
158755
160043
158734
158733
158732
158731
158779
160029
160030
160031
160026
160023
158777
158776
160022
158814
158812
158813
158809
158786
158773
158772
158771
158784
158785
158074
158073
158077
158078
158767
158720
158721
158713
158035
158037
158038
158715
172645
158712
158034
158072
158069
158066
158070
158719
158067
158774
158775
160024
160025
160028
160027
158817
158778
160040
160033
160032
158815
158810
158783
158781
172876
158782
158768
158756
158757
172137
172138
172139
158758
158728
158729
158730
172140
158726
158706
158696
158723
158725
158705
158704
158700
158031
157973
157972
157971
158702
158707
158695
158708
158727
158718
158714
158709
158710
158701
158030
157979
157976
157974
158692
158763
158694
158724
158502
158826
158503
158649
158825
158830
158828
158650
158504
158644
158643
158505
158611
158626
158642
172769
158620
158612
158506
158507
172804
158192
158232
158640
158641
158645
158647
158656
158655
158510
158509
158491
158511
158492
158489
158490
158827
158831
158889
158829
158648
158548
158549
158310
158309
158495
172345
158494
158493
158646
158301
158625
158617
158615
158624
158616
158623
158194
158508
158303
158304
158231
158205
158193
157402
158115
158116
158118
158119
158114
157403
158096
158127
158103
158102
172234
172849
172233
172333
158097
158098
158177
158178
158180
158184
158179
158183
158181
158185
158186
157564
157565
157566
157571
157570
157569
157568
158176
158099
157412
157443
157413
158589
157323
172780
157324
158588
158594
172336
158595
158544
158542
158547
158546
158598
158892
158891
158897
160950
160963
160978
160980
160981
160979
160977
160770
160772
160771
160781
160780
160778
160779
160777
160703
160704
160702
160775
160776
160782
160774
160773
160767
160766
160757
160708
160709
160761
160762
160763
160712
160713
158576
158575
158466
158467
158469
158468
158353
158355
160711
160760
160710
158578
158577
158525
158524
158568
158569
158526
160706
160707
158580
160765
160705
160769
160768
158591
160813
160787
160786
160784
160949
158933
158932
160948
158890
158898
158899
158893
158894
158601
158602
158604
158605
158603
158590
158585
158586
158528
158570
158529
158530
158531
158532
158582
158583
158514
158516
158515
158521
158535
158567
158536
158566
158560
158561
158563
158564
158565
158438
158551
158550
158552
158440
158409
158408
158457
158559
158562
158571
158579
160758
160759
158574
158573
158556
158554
158555
158461
158465
158464
158463
158462
158434
158436
158459
158412
158411
158410
158432
158431
158417
158402
158403
158418
158427
158372
158371
158406
158370
158369
158400
158399
158405
158398
158397
158362
158361
158428
158360
158359
158396
158363
158364
158325
158336
158346
158368
158344
158345
158343
158337
158367
158338
158382
158383
158374
158375
158379
158380
158378
158377
158395
158172
158175
158322
158350
158351
158321
158352
158323
158167
158168
158169
158149
158150
158108
158166
158329
158340
158347
158341
158342
158328
158326
158327
158174
158349
158348
158381
158339
158324
158373
158404
158401
158366
158358
158357
158376
158365
158435
158433
158356
158460
158572
158540
158458
158407
158413
158394
158439
158441
172871
158553
158557
158519
158518
158517
158445
158444
158442
158443
158389
158392
158393
158387
158388
158262
158268
158277
158173
158385
158152
158153
158154
158162
158144
158113
158161
158158
158159
158160
158157
158163
158265
158266
158267
158155
158112
158145
158117
158141
158146
158151
158142
158147
158148
158139
158140
158110
158111
158143
158165
158156
158386
158384
158391
158390
158456
158437
158558
158539
158537
158581
158538
158520
158533
158534
158527
158597
158600
158599
158596
158592
158545
158541
158523
158522
158543
158512
158497
158501
158499
172343
158249
158473
158496
158500
158486
158487
158477
158476
158488
158485
172337
158446
158447
158483
158448
158481
158482
158449
158450
158296
158295
158293
158291
158279
158283
158274
158273
158453
158454
158455
158451
158452
158272
158275
158276
172334
158263
158264
158135
158134
158133
158132
158182
158244
158240
158242
158243
158208
158239
158237
158238
158236
158228
158223
158254
158269
158306
158307
158308
172340
158299
158297
172341
158298
158311
158312
158314
172346
172347
158315
158316
172342
172344
158250
158251
158302
158305
158300
158294
158292
158261
158260
158245
158247
158246
158230
158203
158202
158227
158226
158201
158200
158222
158215
158216
158214
158212
158213
158229
158225
158204
158270
158252
158253
158224
158221
158220
158211
158209
158210
158207
158241
158206
158124
158131
158257
158129
158123
158122
158120
158271
158121
158128
158164
172824
158130
158278
158280
158281
158282
158258
158259
158256
158286
158287
158288
158284
158478
158289
158479
172335
158480
158285
158474
158290
158475
158255
158248
158317
158318
158498
158484
158319
158320
158313
158513
158593
158587
158584
160785
157387
153942
157386
153941
157391
158080
158079
158082
158083
158084
157398
157399
158087
158086
158088
158089
156793
156794
156774
156775
156776
156777
156778
156779
156773
156772
156799
156753
156754
156755
156781
172329
156752
158092
158093
157439
158091
158090
158136
156926
156927
156932
156933
156947
156948
156944
156951
156928
156935
156943
158332
158333
158334
158335
156978
156975
156974
156973
156976
156937
156939
156940
156981
156941
156938
156946
156972
156701
156634
156700
156699
156977
156698
156697
156695
156696
156979
156980
156942
156934
156925
156919
156949
156918
156945
156950
156921
156936
156916
156913
156816
156914
156915
156922
156822
156823
156924
156824
156825
156804
156808
156818
156819
156814
156813
156810
156812
156788
156789
156811
156786
156785
156891
156890
156645
156644
156892
156906
156910
156911
156640
156641
156642
156639
156638
156636
156637
156635
156908
156907
156909
156889
156643
156809
156803
156801
156765
156766
156767
156807
156770
156768
156769
156805
156821
156820
156817
156815
156888
156917
156920
156912
156923
156806
156931
156797
156796
156800
156751
156792
156798
157438
157437
157393
157400
157401
157383
158081
156780
156734
156735
157377
157376
157364
157365
157368
157375
157378
157390
157379
157385
157371
157374
157372
157367
157369
157381
157370
157380
156218
156219
156220
156221
156222
157339
156157
156155
156156
156208
156212
156210
156211
156209
156200
156737
156738
156187
156194
156193
156203
155940
172112
155939
155941
156119
156132
156145
156147
156127
156190
156192
156191
156128
156136
156137
156129
156130
156138
156140
156139
156141
155948
155947
155946
155945
156131
155944
155942
155943
156146
156186
156188
156189
156158
156142
156213
156217
156736
156733
156750
172330
156771
172331
156758
156756
156757
172332
156761
156762
156763
156740
156741
156748
156764
156795
156802
156790
156739
156731
156787
156724
156723
156646
156725
156719
156720
156205
156204
156215
156216
156201
156202
156195
156196
156167
156168
156169
156207
172110
156206
172111
156166
156718
156721
156214
156747
156746
156759
156760
156742
156743
156199
156197
156745
156198
156744
157373
157392
157388
155949
156144
157308
157309
157103
157321
157322
172632
157317
157336
157335
157337
157346
157345
157347
157349
157355
157389
172326
157348
172325
157332
157344
157331
157341
157384
157340
157343
157366
157338
156149
156154
156148
157342
157316
157315
157311
157122
157123
157313
157314
157318
157319
157109
157108
172293
157110
157111
157093
157107
157117
157119
157118
157120
157310
157112
157113
157114
157115
157104
157105
157094
157095
157096
157097
157098
157085
157121
157334
156150
156151
157312
157320
157106
157102
156152
156153
156143
155950
157091
157092
156929
156983
156985
158331
156984
157382
157397
157395
172327
157396
156930
158109
158138
158137
157394
157440
157444
157434
157435
157436
158085
158170
158171
158330
155582
155933
155931
155930
155929
155932
155896
155897
155898
155860
155861
155894
155895
155584
155892
155938
157014
157078
157077
157079
157080
157082
157081
155964
155963
157116
155953
155954
155962
155936
157073
157083
157074
157075
157015
157016
157076
155937
155927
155928
155583
155951
155952
156017
156126
156170
156123
156122
156171
156185
156172
156173
156174
156175
156181
156183
156182
156584
156583
156582
156726
156727
156728
156732
156580
156579
156578
156749
156782
156783
156784
156791
156722
156647
156715
156712
156713
156649
156650
156651
156652
156708
156667
156668
156669
156665
156664
156707
156706
156705
156703
156716
156576
156575
156590
156595
156598
156600
156601
156562
156561
156593
156594
156623
156663
156661
156621
156608
156620
156605
156567
156311
156610
156607
156606
156622
156557
156569
156591
156612
156570
156571
156572
156573
156566
156565
156564
156556
156555
156553
156552
156550
156551
156310
156057
156540
156541
156558
156660
156659
156702
156709
156611
156592
156563
156599
156666
156653
156654
156656
156655
156657
156711
156658
156710
156704
156648
156730
156714
156577
156729
156581
156161
156162
156163
156121
156160
156585
156586
156587
156588
156589
156596
156597
156560
156559
156554
156093
156092
156091
156542
156179
156574
156177
156184
156120
156165
156176
156717
156094
156568
156609
156624
156625
156629
172801
156628
156307
156313
155658
156065
172790
172789
172791
172788
156056
156064
156251
156055
156290
156289
156288
156312
156086
156164
156088
156087
156178
156090
156180
156089
155913
156019
156020
156135
156018
155935
156134
155934
155959
155961
155960
156133
172113
155924
155958
155917
155916
155915
155781
155796
155800
155798
155987
155801
155803
155986
155994
155993
155992
156012
156013
156015
156025
156105
156104
156118
156124
156125
156029
156030
156159
156011
156014
156026
155990
156031
156024
156023
156106
156107
156108
156115
172310
156114
172311
156117
172312
156116
172314
155914
172313
156113
172315
156109
156110
156099
156097
156102
156100
156111
156098
156009
156008
155910
155909
156095
156096
156103
156021
156022
156032
156101
156112
156016
156010
156007
155991
155912
155911
155806
155802
155794
155797
153949
155836
155835
155823
155816
155817
155814
155848
155919
172309
155920
155856
155858
155857
155854
154004
155855
155815
155907
155906
155905
155908
155842
155839
155840
155808
155838
155820
155776
155751
155749
155774
155775
155750
155769
155770
155768
155772
155766
155767
155792
155795
155793
155805
155764
155771
155762
155759
155761
155763
155765
155760
155773
155791
155804
155807
155841
155821
155824
154003
153950
155578
155921
155923
155925
155926
155849
155847
155850
155851
155885
155922
155884
155886
155890
155888
155889
155883
155882
155843
155846
155853
155832
155825
155826
155834
155833
155845
155827
155837
155831
155844
155859
155887
155585
155852
155918
155586
155587
155579
155580
155581
155956
155955
155957
157066
172752
158851
158861
158862
158671
158675
158832
158833
158852
158854
158855
158835
158834
158856
158857
158896
158902
158934
158935
158895
158836
172825
158663
158652
158651
158662
158658
158673
158674
158853
172858
157067
155653
155654
158693
158764
158765
158789
158790
158798
158961
158964
158965
158973
158975
158979
158976
158977
158978
159030
159033
159035
159036
159034
159037
158980
172349
172350
172351
158962
158887
158888
158870
158869
158858
158859
158860
158850
158839
158840
158841
158837
158838
158847
158848
158886
158972
158967
159032
172119
159031
159028
159029
159027
159026
159025
159038
159043
159004
159005
159006
159045
160049
160046
160054
159020
159021
159022
159047
159023
159046
159019
160053
159011
159012
159013
159017
159016
160055
160058
160056
159015
159014
159010
159018
159009
159044
159007
160048
159008
160047
159024
159003
159002
159001
159000
158999
158984
158998
158985
158986
172352
172353
158983
158982
172354
158981
158971
158968
158969
158970
158805
158804
158796
158795
158793
158794
158760
158761
158762
158807
158808
172355
158792
158791
158806
158997
158996
158995
158993
158994
158966
158974
158803
158963
158849
158801
158800
172348
158799
158842
158699
158697
158683
158684
158685
158682
157970
157969
157938
157937
158639
158638
158667
158670
158657
158659
158660
158668
158664
158661
158665
158666
157935
158633
158635
172767
158634
158637
172768
158636
158629
158630
157933
157931
157932
158628
172118
158632
157934
158669
157936
158681
158680
158679
158677
158844
158678
158843
158698
158802
158797
158787
158686
158687
158688
158689
158690
158788
158766
158691
157930
172116
172117
160674
160828
160837
160741
160654
156670
156672
158414
158415
156671
160826
160827
158416
158430
160673
156673
156982
156674
158470
158472
158471
160714
160700
160701
160783
158354
158429
160988
160982
161031
161030
161152
161153
161155
161157
161167
161168
161165
161166
161158
161161
161163
172091
161120
161119
172090
161115
161118
161122
161136
161137
161145
161146
161261
161262
161263
161259
161260
161147
161258
161150
161148
161149
161144
161142
161143
161139
161140
161138
161141
161088
161089
161087
161101
161100
161116
161117
161109
161095
161094
161092
161082
161083
161090
161084
161102
161081
161080
161079
161078
160987
160986
160984
160985
161091
161103
161085
161086
161160
161159
161127
161126
161124
161125
161123
161129
161128
161130
161162
161131
161156
161132
161029
161151
161121
161093
161028
160991
160990
160989
160993
160992
160983
160117
160131
161062
161077
161076
161193
161172
161174
161173
161175
161176
161171
161164
161072
161071
161069
161070
161060
161059
161055
161066
161065
161058
161057
161186
160134
160135
160669
161191
161195
161197
161208
161203
161204
161209
161215
161216
161225
161226
161224
161227
161229
161228
161239
161212
161213
161234
161214
161233
172883
172793
161232
161210
161220
161221
161222
161223
161219
161217
161218
161194
161190
161183
161184
161185
161180
161178
161177
161170
161169
161187
161188
160958
160957
160974
160973
160970
160953
160956
160962
160971
160975
160972
160961
160951
160945
160944
160941
160943
160934
160932
160946
160947
160938
160939
160940
160933
160791
160929
160936
160925
160924
160928
160920
160913
160914
160921
160905
160906
160910
160909
160908
160748
160749
160750
160796
160808
160811
160815
160814
160793
160794
160810
160809
160818
160821
160822
160823
160931
160995
160996
160997
160998
160930
160824
161001
161003
161004
161006
160807
160805
161002
160806
161000
160802
160803
160804
172851
172850
172852
160819
160820
160817
160801
160800
160797
160798
160799
160752
160753
160754
160756
160764
160755
160795
160812
160751
160747
160902
172370
160901
172371
160903
160907
160923
172372
160900
160922
160896
160890
160891
160926
172373
160889
160884
160885
160886
160897
160898
160887
160895
160744
160722
160723
160789
160788
160831
160832
160863
160883
172634
172368
172366
172367
172638
172369
172637
172635
172639
160882
160877
160876
160875
160874
160881
160880
160893
160894
160879
160854
160855
160862
160878
160860
160861
160872
160871
160869
160870
160843
160842
160849
160848
160847
160850
160851
160846
160852
160838
160840
160853
160839
160844
160729
160728
160835
160845
161292
160836
160675
160676
160677
160740
160739
160738
160737
160735
160736
160695
160696
160684
160685
160733
160734
160732
160731
160720
160727
160743
160717
160719
160718
160724
160725
160726
160691
160692
160693
160690
160686
160687
160688
160689
160683
160716
160715
160681
160680
160682
160679
160694
160699
160698
160697
160678
160867
160864
160888
160868
160830
160834
160873
160856
160857
160858
172636
160859
160833
160829
160866
160730
160721
160745
160865
160892
160915
160916
160927
172374
160917
160918
160899
160746
160904
160912
160911
160919
160792
160935
160790
160816
160942
160954
160937
160955
160952
160959
160960
160999
160976
161181
161179
161011
161020
161008
161007
161009
161016
161022
160994
161021
160967
160964
160966
160965
161017
161023
161025
161027
161036
161041
161043
161044
161042
161045
161040
161046
161047
161048
161050
161053
161035
161026
161039
161024
161037
161014
161013
161015
161005
161012
161010
161019
161018
161182
160664
160665
161189
161211
161207
161230
161231
161206
161205
161199
161200
161202
160119
160120
161201
161198
160666
160667
161196
161192
160670
160668
160133
160132
161056
161054
161038
161049
161051
161068
161067
161063
161064
161061
160136
160130
160118
161032
161033
161034
161052
161154
161073
161133
161075
161074
161135
161134
161270
161269
172763
172756
172755
172764
160087
160097
160098
161285
161287
161289
161273
161274
161291
161277
161278
160088
160100
160095
160108
160109
160096
160112
161284
161286
161288
161271
161272
161290
161275
161276
161282
161279
161283
161280
160107
160106
160105
160111
160110
161104
161105
161106
161107
161108
160099
160092
160091
160093
160101
160104
160103
172860
172886
172760
172861
172759
160102
172862
161281
160968
155670
156037
156044
156036
156051
156046
156041
156034
156033
155984
155978
155982
155980
155979
155972
155971
155974
155977
155973
155693
155789
155790
155698
155699
155700
155787
155788
155786
155785
155784
155706
155707
155705
155704
155783
155782
155703
155701
155702
155696
155697
155695
155778
155777
155779
155694
155692
155691
155970
155966
155976
155975
155983
155690
155985
156047
156035
155671
155780
155799
155969
155989
155996
156001
155998
156073
156075
156077
156085
156078
156079
156081
156080
156082
156084
156543
156083
156544
156545
156546
156048
156050
156042
156039
156038
156040
156043
156069
156003
156002
156070
156004
156067
156072
156006
156005
155981
155968
156049
156066
156074
156068
156071
156076
156028
156027
155999
156000
155997
155995
155988
155967
155965
158672
158676
158867
158868
158872
158906
158907
158908
158921
158922
158924
158931
158945
158944
158947
158952
158949
159080
159075
159074
158950
158951
158925
158926
158927
158929
158930
158916
158915
158882
158883
158884
158875
158948
158943
158942
158946
158940
158939
158918
158917
158928
158914
158919
158920
158909
158905
158904
158938
158941
158936
158937
158903
158901
158900
158863
158864
158866
158873
158878
158879
158880
158881
158871
158877
158885
158913
159041
159040
159042
159058
159059
159066
172120
158988
158989
158987
158991
158992
158990
158911
158912
158910
159063
159065
159068
159070
159071
159082
159053
159052
159050
159051
159089
159054
159085
159091
159099
159100
159093
159094
159107
160070
160071
161110
161111
161251
161252
172859
161254
161257
172092
160083
160084
161264
161265
161266
160050
160052
160051
161268
172144
161267
172143
160060
160061
160059
160065
160064
160063
160062
160066
160078
160079
160074
160075
160068
160069
159056
159057
159048
159049
160072
160082
160080
161255
161256
160077
160067
160081
161253
160073
161113
161112
161114
172093
172094
161096
172096
172098
172097
161097
172095
161098
161099
159104
159105
160076
159106
159090
159098
159101
159102
172142
159103
172099
159083
172141
159084
158953
158954
158955
158956
159077
159078
159079
159073
159076
158957
158958
158959
158960
159095
159096
172829
159088
159097
159092
159086
159055
159087
159081
159072
159069
159067
159064
159060
159061
159062
158874
159039
158876
158846
158865
158845
160969
155660
156063
156287
156243
156242
155715
155714
155713
155712
155665
155666
155711
155721
155722
155723
155719
155720
155717
156294
156293
156295
156059
156060
156061
156054
156052
156058
156045
156053
155716
155708
155718
155669
155668
155724
155710
155667
155664
155663
155662
155709
156062
155661
157678
157684
157706
157704
157679
157680
157681
155459
157682
157705
157703
157701
157702
157730
155460
157692
157691
157693
159934
159933
159978
159977
160018
160017
159976
160015
160016
172757
160019
160020
172651
159843
159842
159840
159841
172647
172648
172611
172612
159975
159974
172758
160094
160090
160089
155461
157709
153464
153438
153437
153509
153508
153510
153519
154853
155868
155875
155872
155893
155899
155903
157000
157010
157001
155877
157003
157009
157013
157017
157019
157028
157022
157029
157023
157089
157090
157012
157006
157005
157018
157027
157020
157021
154866
154865
154873
154863
154856
154845
154864
157004
154843
154844
154850
154849
154848
154847
154846
153487
153489
153490
153492
153493
153494
154839
153495
153496
153491
153488
157011
172785
157007
172786
157002
155881
155901
155873
155874
155876
155878
155879
155880
153498
153497
153459
153460
153471
153472
153461
153462
153458
154854
154855
154851
153466
153467
155904
155900
155891
155871
155902
155862
155863
155864
153512
153514
153516
153517
153502
153501
153455
153456
153500
153479
153480
153478
153477
153457
153454
153475
153476
155830
153503
153504
153506
153513
153515
153511
153520
155869
155866
155870
155867
155829
155865
154852
153518
153507
153505
153465
153463
153134
155728
155740
155738
155755
155754
155752
155757
155758
155756
155743
155744
155737
155735
155733
155731
155730
155736
155729
153137
153138
153139
153140
153141
153143
153206
172880
172881
172877
172878
172879
153144
153207
153208
153417
153414
155747
155745
155746
153424
153422
155819
155818
155822
155812
155811
155828
155809
153499
153483
153194
153193
153199
153200
153473
172272
153486
153474
172071
153485
172074
172073
172269
172270
172072
172271
153440
153202
153203
153441
153201
153198
153196
153197
153195
153420
153419
153418
153416
153211
153212
153484
155810
155813
153421
153423
153415
153209
153210
155732
155741
155748
155753
155742
155734
155727
155726
153135
155739
153136
153481
