4050
6754
6756
6774
6759
6775
6772
6773
6776
6777
6778
6779
6804
6809
6811
6812
6813
6815
34626
6814
6824
6825
6826
6832
6833
6836
6818
6819
6788
7612
7647
6839
6837
6822
6838
7625
6823
6787
6781
6790
6821
6791
6789
34629
6782
34603
34628
34627
34341
35088
6820
6817
6783
6816
6784
6760
34967
225986
225993
226000
225273
235209
235214
235211
228936
228956
228955
228958
228957
228942
228944
228946
228945
228963
228973
228964
228943
234851
234854
234855
225274
228960
228962
228966
225324
225328
225326
225329
225333
225334
225335
225336
225982
225983
225327
225325
225985
225991
225360
225361
225362
29891
29892
34859
29907
227717
227734
227736
227751
227752
227753
227732
227725
227724
227722
227723
225092
225159
225161
225158
234932
225119
225148
225149
225157
228997
225160
225120
225110
225111
225093
225091
225094
225109
225167
225172
234831
225165
225162
225168
225164
225169
225183
225187
235544
225191
225192
225299
225300
225308
225311
232417
232415
234478
225310
227700
234921
227699
227718
234476
234475
234477
227422
227425
227424
227730
227735
227426
227731
227427
227429
227431
227430
227433
227437
234323
227436
234324
235436
227421
227428
227432
227413
227414
227415
227439
227410
227409
227408
234913
227419
227417
227418
227423
227420
227708
227707
227703
227389
227390
227393
227695
227698
227701
227704
227388
227387
227392
227398
227399
227401
227402
234916
234917
227706
227702
227705
227400
225307
227696
227697
225302
225303
225306
225309
225312
225313
225295
225290
225289
225176
225189
225190
225175
225174
225177
225288
225285
225284
225287
225292
225151
225152
225297
225301
225296
225298
225170
225180
225178
225179
225181
225182
225171
225166
225184
227368
227386
234920
234918
234919
227391
225276
225277
225278
225291
225145
225118
225163
225116
225117
225114
225115
225150
225155
225127
225147
225135
225146
225136
227989
228124
228125
234493
228126
234490
234830
228134
234491
228132
228135
228129
228137
228127
228130
228128
228136
235550
228138
228166
228170
228174
234701
228189
228685
228672
228673
228674
228686
228688
228689
228698
228690
228692
228691
228683
228695
228681
228696
228682
228671
228669
228630
228668
228626
228665
228196
228666
228193
228194
228192
228185
228183
228182
228184
228169
228181
228154
228155
228157
228162
228163
228165
228195
228625
228624
228629
228628
228207
228208
234414
228687
228670
228675
228667
228197
228198
228191
228209
228190
228199
228200
228201
228204
228178
228177
228179
228180
229246
228172
228171
228176
228186
228187
228188
228175
228168
228167
228139
228131
228622
228623
228202
228203
229976
229983
229978
229979
228697
229977
229975
228693
228694
229974
230001
230002
230003
230007
230008
230013
230014
234608
235358
235360
226649
235359
226648
226650
232354
232358
234552
234553
229129
235178
226678
226679
234239
235239
234598
234605
234597
234609
234612
234614
234607
234603
234602
234596
229236
229237
229245
229247
229249
229248
229338
229339
229336
229238
234546
234528
234534
234533
234456
234455
234527
234547
234541
234543
234548
234565
234566
234569
234572
234593
234529
234537
234542
234544
234556
234567
234571
234573
234592
234594
234595
229368
229367
230010
230009
235318
235319
235317
235140
235320
235316
229988
229989
234981
230004
229993
229997
230005
235417
230000
228764
229994
229990
229991
229992
234982
228679
228684
235284
230092
230012
235321
234980
229984
229985
229980
230011
235184
229370
235363
235362
235181
235183
234385
235182
234384
234968
229240
229241
229233
229232
229234
229319
229329
229330
229334
229346
229348
229347
229341
229343
229342
229332
229333
229335
229358
229359
229327
229325
229328
229356
229357
229298
229322
229323
229271
229297
229270
229145
229267
229268
229257
229256
229258
229143
229326
229355
229324
229321
229331
229320
229313
229312
229309
229311
229314
229316
229315
229310
229317
229221
235261
235263
235262
229226
229220
229219
229161
229160
229162
229264
228970
229159
228971
229142
229146
234419
235264
235265
229255
229254
229272
229273
229265
229308
229266
229269
229274
229318
229228
229227
229235
234601
234599
235387
235389
235399
235396
235397
235394
235395
235392
235393
235390
235391
235324
235388
235398
233623
229995
229996
229242
229244
234606
235179
229295
234600
235361
229243
229239
229999
230006
229211
229218
235402
229023
229024
229251
234418
229250
229222
229223
229225
229224
235146
235569
227738
227739
227740
227741
228939
225293
234845
225294
234846
234804
228938
227821
227825
227826
227827
227829
228077
234412
228064
228080
228083
228092
234857
228089
229079
229076
229077
229080
229081
229119
229082
229088
229089
229091
229130
229132
229131
229133
229134
229135
229137
229144
234327
229139
229148
229151
229158
229157
229155
229156
229209
235203
229212
229210
229216
229214
229215
229217
229229
229230
229202
229203
234480
229190
229171
229166
229167
234792
234791
229173
229181
229185
234790
229172
229168
229179
229178
229169
229174
229175
229177
229176
229118
229163
228161
228173
226658
228133
226659
228111
228116
228117
228118
228119
229103
229104
229110
229096
229105
229106
229107
229108
229095
229115
229114
229109
229101
229100
229093
229111
229102
229092
229090
228094
228090
228093
228087
228086
228113
228115
229097
228114
228112
228102
228100
228101
228109
235431
228105
228055
228104
228056
228106
228060
228122
228052
228121
228123
228047
228050
228046
228049
228048
228044
228053
228059
228037
228038
228041
228043
228039
228042
228057
228058
228098
228103
228095
228097
228040
228066
228065
228068
228028
228034
234577
235593
235594
228067
228027
228032
228022
228029
228026
228036
228023
228030
228031
234479
228045
228054
228051
228099
228096
228070
228088
229083
229098
229099
228108
228107
228110
228160
234514
229165
234515
228120
229116
229117
229120
229122
229153
229170
229164
229189
229184
229180
229183
229182
229121
229154
229149
229150
229152
229147
229138
229136
229094
229084
228091
234805
228076
228071
228084
228085
228081
228082
228069
228063
228072
234813
232412
234816
227231
227232
228078
228079
234818
234819
234817
228061
228062
234579
228073
228074
227823
228033
227822
227820
227812
227813
227810
227805
227806
227807
227814
228024
234576
228025
228075
227767
235478
227799
228035
234325
227747
227748
234812
227743
227828
227021
227029
228941
227022
228953
228954
228972
228969
229140
234848
235583
235582
234850
229127
229141
228968
229125
229124
229126
229054
229087
229112
229113
235565
235581
229055
229078
229128
229086
228952
228950
228951
235286
234853
225847
235566
234856
225848
227028
227025
228949
228940
233652
233653
233654
233656
235585
235584
233655
228947
228948
227824
227811
228934
228935
235194
228933
228916
228918
228917
228920
228922
228930
228921
228923
234580
228937
228912
228913
235456
235621
235622
228910
228911
228915
228914
228919
228908
228909
225994
227776
227778
225992
225995
227818
229213
227987
227988
227991
234885
227990
228143
228158
228159
228164
228151
228153
228618
228619
228617
228607
228533
228534
228606
228609
228621
228620
228615
228631
228616
228632
228676
228677
228678
228680
228699
228700
228701
228702
228704
228662
228659
228661
235193
228645
228664
228643
228642
228593
228587
228585
228553
228554
228551
228552
228588
228589
228556
228590
228555
228591
228592
228586
228579
228516
228658
228644
228646
228649
228641
228648
228654
228650
228647
228652
228638
228614
228635
228636
228634
228562
228563
228566
228567
228558
228559
228561
228565
228560
228544
228547
228548
228549
228526
228525
228540
228541
228538
228542
228610
228539
228605
228602
228601
228532
228531
228524
228519
228523
228521
228500
228498
228489
228485
228486
228494
228340
228339
228338
228497
234619
228492
228508
228507
228510
228515
228513
228514
228512
228504
228495
228496
228511
228550
228557
228509
228499
228493
228506
228488
228522
228491
228490
228543
228564
228639
228613
228545
228637
228640
228656
228660
228657
228655
228651
228653
228612
228611
228608
228603
228604
228152
228148
228527
228535
228536
228537
228528
228530
228011
228019
228529
228010
228012
228018
228016
228017
228020
228015
228014
228013
228007
228001
228006
228009
228146
228021
228147
228144
228145
228140
228141
228142
228156
228518
228505
228503
228345
228502
228346
228568
228577
228578
228501
234626
227434
227532
227435
227438
227688
227922
227936
227937
227938
227939
227942
227993
227994
227995
227945
228000
228008
228517
228002
228520
227952
227950
227953
228487
228484
228483
228330
228331
228333
228482
227694
228326
228332
228328
228327
234383
228329
228334
227692
228382
227693
227682
227928
227929
227930
227931
227932
227926
227933
227934
227940
227925
227923
227689
227935
227691
227948
227946
227947
227951
227949
227999
227998
227996
228003
228004
228005
227997
227969
227967
227968
227970
227992
227966
227964
227965
227921
227909
227944
227943
227941
227927
227915
227924
227668
227819
234824
234815
234825
234814
228703
235190
229986
229987
235414
235415
235416
235191
235192
229998
227959
227960
227961
227963
227973
227975
227978
227974
227982
227979
227983
227984
227986
227985
227980
227981
227962
6856
228461
228470
228471
228475
228473
228474
228479
228481
228785
228790
228789
6880
6888
6887
228788
6879
6875
6876
10763
6882
6883
6884
34189
16737
16739
34190
16738
6890
34255
34256
10516
10517
6891
6892
7727
7730
7728
7729
7709
6881
228784
228791
228794
228778
228792
228793
228737
228757
228705
228707
228758
232708
228706
234833
228756
228759
228772
235385
234735
235198
235131
228760
228754
228598
228755
228769
228776
228777
228774
228775
228803
228721
228716
228720
228715
228717
228719
234751
228718
228735
228711
234750
228710
228722
228708
228709
228712
234749
234748
235201
228713
228714
228599
228773
228596
228600
228771
228768
228770
228597
228727
228736
228738
235381
235383
235382
228746
228724
228725
228728
228729
228730
230022
228723
228726
228767
228766
228459
228761
228460
228763
228762
228765
228783
228480
228781
228458
228457
228782
228456
228455
228454
228452
228439
228450
228451
228433
228426
228434
228438
228448
228449
228443
228422
228424
228425
228447
228436
228435
235206
228476
228472
228453
228441
228440
228466
228464
228465
228467
228468
228469
228594
228595
234747
234843
234746
228442
228446
228663
235200
234417
235377
6889
6893
228798
228795
228796
228786
234965
228797
228842
234720
228310
228311
228312
228314
228319
235434
235435
228325
228337
235433
228347
228342
228341
228348
228350
228546
228349
228376
228378
228580
234381
228343
228344
228335
228336
228318
228315
228316
228317
228313
228323
227411
227742
227744
227746
227749
227848
227880
227802
227881
227887
231893
227891
231948
227885
227886
227866
227867
227843
227851
227841
227577
234322
227836
227838
227837
227842
227576
227839
227832
227840
234575
227830
227831
227546
227575
234820
227834
227833
234821
227835
227849
227850
227844
227800
227801
227882
227884
227883
227750
227745
227845
227846
227847
227416
227540
227539
227545
227412
235426
235427
235429
235428
235269
235430
227900
227902
227871
227853
227865
227854
227872
227873
227874
227859
227863
227870
227889
227892
227895
235143
235114
227901
227894
231600
231599
231602
227862
227861
227869
227860
227864
234320
227868
234826
235145
227890
235142
227888
227897
227877
227896
227954
227875
227876
227899
227898
227971
227976
227977
227972
227893
226815
226817
227559
227578
227581
227583
227579
227561
227582
227558
226816
227759
227760
227761
227762
227765
227766
227768
227788
227792
227790
227786
227787
227769
229197
229196
229194
229193
228212
229192
228210
228211
229195
229198
234413
229206
229981
229982
229186
229188
229199
229201
229205
229208
229207
229231
229204
229191
229200
229261
229678
234473
229187
225963
225962
235524
235525
235523
235522
227650
235520
235521
227651
227620
227613
227614
235232
227612
227652
227655
227656
235233
227657
227665
227667
227664
227903
227907
227908
227955
227956
227957
227920
227916
227919
227917
227918
227879
227911
227912
227910
227905
227904
227662
227660
227855
227593
227592
227591
227587
227584
227585
234321
227586
227589
227852
227857
227856
227580
227588
227590
227658
227659
227661
227649
227615
227858
227878
227914
227958
227913
227906
227663
227654
227560
227568
227573
227565
227566
227564
227562
227563
227554
227553
227609
227610
227555
227556
234450
227595
227601
227602
227603
227567
227572
227574
228409
228421
228423
228412
228415
228427
228417
228413
228414
228430
228431
228428
228432
228731
228732
230035
230037
228733
230038
234967
234966
235276
235277
235573
230066
230064
230067
230070
230080
230055
230081
230083
230084
230082
230077
230075
230071
230073
230074
230016
230068
230063
230062
230061
230059
230056
230057
230041
230042
235274
235575
235576
235577
235275
235205
235204
230040
230029
230036
230033
230034
230030
230031
230025
230032
235202
230024
230026
230060
230076
230054
230053
230050
230047
230046
230052
230045
230043
230044
234743
230069
230065
230058
230051
235549
234964
233442
234954
228741
235378
235379
228734
230023
227618
227619
227621
227637
227638
227641
227648
227646
227647
235234
234411
234410
227643
227644
227679
227680
227678
227677
227681
227690
227622
227670
227671
227669
227639
227640
227623
227642
227666
227685
227686
227687
227672
227673
227674
227675
227676
227683
227684
228216
228229
228251
228253
228230
228231
233899
234078
234220
228255
228257
228256
228263
228250
228249
228252
228266
228370
228375
228373
228399
228400
228429
228437
228307
228320
228268
228269
235290
235289
228270
228354
228356
228361
228362
228280
228371
228364
228368
228369
228374
228365
228366
228372
228355
228279
228359
228367
228360
228353
228324
228351
228352
228321
228322
228254
228271
228306
228265
228267
228276
225304
227770
227771
235476
227777
227781
227782
234581
227783
227779
227816
227796
227815
227793
227794
227795
227798
227780
227791
227785
227789
227756
227784
227775
227774
227772
227773
227728
227726
227727
227721
227716
227714
227712
227715
227729
227719
227720
227709
227710
227711
227713
225997
225998
234481
226002
234484
235551
235207
235552
235208
227737
235285
225359
225358
225355
225356
225357
225305
225314
225315
225316
227008
227009
227121
227122
227119
227653
227020
227019
227495
227494
227520
227521
227522
226971
226996
226999
226998
226995
226997
227007
235157
227015
227014
227488
227491
227492
227493
227504
227503
227501
227505
227514
227515
227531
227626
227534
227624
227625
227600
227617
227599
227616
235236
227605
227606
235231
227611
227594
235237
227511
227508
227506
227461
227502
227509
227510
227519
227516
227518
227513
227500
227450
227460
227476
227477
227472
227479
227485
227004
227467
227470
227471
226987
227003
227002
226985
226986
235315
226988
234652
227445
227447
227448
227452
227451
227449
227507
227596
227597
227598
227604
227533
227517
227512
227478
227484
227483
227474
227475
227480
227481
227490
227486
227482
227487
227017
227018
227012
227016
227473
227013
235156
235158
235159
227006
227001
235314
227005
226994
227000
234649
234651
234650
226989
226990
226993
226991
226965
226992
226975
226977
226976
234518
235139
226980
226979
234557
226978
225707
227497
227499
234828
227498
228242
228244
228239
228288
228289
234838
228286
228290
228298
228300
228305
234487
234489
228302
228301
228303
228304
228296
228245
226248
228205
228206
234392
226266
226267
228236
228237
228247
228248
228246
226249
228295
228294
228293
228292
228291
234627
226250
227496
227523
227527
227528
227529
227535
227536
227538
234415
227537
227629
227631
234492
227632
227633
227634
227630
235235
234447
234448
228284
228285
228287
228297
228299
228282
228283
228241
228235
228234
227530
228240
228232
228233
227645
227526
227524
227525
228309
228308
227627
227628
227636
227635
225706
231497
227440
232841
233597
228222
228221
228223
227209
228213
228214
227192
227208
227010
233594
233888
227011
234449
226981
235167
235168
235170
235161
235166
235160
234554
234555
227809
234733
227804
227808
227803
226982
226983
227441
227331
227332
226984
235353
235352
235354
234409
227442
227446
227797
227468
227489
227469
227443
227454
227455
227453
227542
227548
227547
227549
227550
227557
227552
227551
227464
227463
227462
227465
227466
227543
227459
227456
227457
227458
227544
227541
228357
228363
228358
228383
235291
235293
235292
228384
228390
228393
228444
228753
228445
228584
234745
235376
235356
234744
228394
228389
228582
228583
228391
228381
228573
228569
228574
228570
228571
228572
228575
228581
228576
228380
228377
235162
235163
235238
228386
228387
228388
228392
228385
228379
227264
227197
227198
227210
227211
227212
235312
227218
227220
227221
228218
228219
228226
228217
228220
228228
227263
227233
227227
227234
227228
227214
227213
227215
227223
227222
227206
227216
227226
227217
227224
228224
227225
228225
227229
228227
227230
228215
227219
227199
225100
225102
225103
225005
225007
225011
225008
225006
225104
225105
225106
225107
225108
234570
234568
226907
227282
227285
227284
227302
227303
227304
227367
225173
234923
227369
227371
227372
227373
227370
227311
227379
234922
227378
227394
227395
227397
227396
234914
234915
227377
227376
227381
227382
227385
227384
227383
227405
227407
227406
227356
227404
227733
227403
227365
227359
227361
227366
227360
227342
227362
227364
227363
227341
227333
227343
227344
227345
227444
227335
227336
227334
227330
227337
227325
227338
227324
227322
227326
227350
227353
227349
227323
227346
227347
227354
227348
227352
227298
227299
227306
227313
227314
227315
227355
227309
227307
227310
227308
227374
227375
227293
227291
227296
227290
226914
227289
226909
226910
226912
227280
226911
226913
234909
227297
227320
227321
226927
226928
226930
227316
227294
227318
227295
234910
227317
234911
226923
226929
227319
226925
226926
226932
226931
226935
226933
226936
226937
227328
227327
227329
226934
227339
227340
227357
227358
227351
227380
227312
234912
227286
227287
227288
227305
227300
227301
227283
234929
234924
234926
234928
234927
227281
226908
235141
226905
226906
226903
225009
225010
225099
225003
226904
234930
226897
226898
226899
226902
226900
226877
226880
226882
234907
226888
226894
226901
226915
226922
227292
235313
226924
226890
226889
226891
235615
226875
226876
234307
234551
235176
234305
234306
234908
226881
226878
226874
226873
226869
226870
226872
226865
226871
226866
234736
226879
225004
225095
225096
225098
225097
234574
225101
234931
226892
226917
226918
226920
226919
234731
226916
226895
226896
234311
234312
226921
235614
226893
227078
227081
227079
228779
234722
234724
234723
234721
228780
228806
228843
228844
228846
228848
228867
228870
228873
228874
234719
234718
228866
228871
228868
228869
228839
228838
228840
230223
228832
228872
230222
230221
230224
235571
235572
230218
230049
235558
228752
230048
228822
230216
228823
228825
228824
230217
234842
228826
234742
234741
234962
235132
228751
228747
228745
228743
228744
228740
228739
235380
228742
228841
228834
228809
228810
228835
228812
228828
228829
228830
228813
228807
228811
228808
228815
228819
228820
228817
228818
228821
228827
228833
234963
228816
228814
228805
228831
228837
228836
228847
228845
228804
228748
228750
235570
228749
234495
234497
234496
234494
225282
235519
225283
235355
226939
226941
226940
226948
226951
234726
234728
234730
234729
234727
234725
226946
235611
235608
235610
235609
235612
235607
235603
235599
235600
235601
235602
235230
235598
235229
235546
235545
234558
226952
226855
234560
226856
234564
226854
226841
226843
226846
226844
226845
226851
226852
226839
226853
226858
226834
226832
226835
226837
226943
226942
226836
226838
226831
226829
226833
226830
226827
226814
226812
226823
234134
234135
234137
234153
234156
234159
234149
234526
234530
234535
234160
234531
234150
234158
234161
234532
234157
234847
234370
234523
234524
234536
235372
234525
234295
232914
234294
234274
234297
234275
234276
234296
234298
232913
226949
233460
226950
234538
234146
234140
234141
234143
234144
234142
234138
234120
234125
234139
234121
234780
234124
234782
234783
234781
234123
234126
234784
234785
234786
234129
234130
234132
234131
226819
226818
226820
226821
226822
226947
226828
235616
226797
226801
226792
226793
234793
234794
226810
226811
226798
226799
226794
226800
226796
226795
234128
234122
233991
233989
233990
234133
233987
233988
233996
233993
233997
233961
233998
233960
233984
235373
233985
233986
233958
233957
233992
234145
234155
235375
235374
234154
234136
234127
226824
226840
226813
234646
234648
234647
226825
226826
226842
235597
235604
235606
235605
226857
235596
235613
226944
226945
226938
233939
234368
233956
233959
233994
235295
234147
234148
234151
234152
234360
234164
234167
234803
233954
235537
235539
235538
233955
234488
226859
226953
234162
234163
226849
226850
226864
226954
226860
226861
235228
235351
226863
226862
226867
227137
226868
227115
227132
227069
227116
227141
227135
227136
227140
227139
227064
227066
21428
22547
22553
23347
24011
24013
24012
24018
24014
27765
27766
28838
28859
29210
29209
27969
27970
29449
29448
29450
29454
29451
29455
29456
29457
29562
29991
29990
29998
30000
30002
30001
29989
29993
34265
29985
29988
29987
29992
29986
34020
29902
29946
234040
234041
234048
234050
234051
234052
234046
234045
234062
234054
234058
234061
234073
234075
234076
234077
234084
234083
234087
234089
234092
234098
234099
234100
234166
234102
234113
234109
234097
234081
234082
234104
234065
234103
234080
234096
234101
234095
234093
234088
234090
234000
233995
233999
234002
234060
233983
234059
233981
233975
233976
233980
233977
233978
233979
233970
233971
234037
234034
234035
234036
234028
234026
234027
234033
234024
234023
234025
234020
225143
233949
233946
233948
233945
233947
233950
233936
233942
233941
233940
233943
233965
233963
233967
233968
233966
233962
233964
233969
233944
233932
233930
233935
233933
233937
233934
234013
234012
234014
234021
234017
234022
234030
234029
234031
234617
234616
234618
29873
29896
29900
29899
29879
29880
29877
29878
29881
29882
29875
34304
29876
29898
29869
29868
29867
29865
29851
29860
234011
234018
234009
234010
234004
234008
234003
29850
29848
29849
29863
29852
29853
29864
34297
29870
234016
234019
234015
234007
234006
234005
233931
233938
225142
233951
233952
233973
233972
233974
233982
234001
234086
234085
234094
234079
234064
234072
234074
234063
234057
234056
234055
234039
234043
234044
234047
234042
234038
234032
29901
23334
34632
234066
234068
234069
234108
234110
234112
234171
234172
234173
234175
234174
234179
234180
234182
234210
234211
234212
234213
234214
234226
234184
234177
234178
234185
234183
234188
234186
234187
234205
234206
234204
234207
234208
234209
234218
234219
234202
234196
234201
234195
234189
234190
234191
234169
234181
234170
234176
234114
234107
234071
234106
234111
234105
234070
234067
23335
23933
23940
34327
23426
29994
23934
35182
35185
23425
28846
28697
25059
25058
27273
23345
21554
22545
30229
22546
21429
31968
234362
234223
234217
234222
234215
234221
227038
227037
227041
227047
227049
227051
227052
227059
227061
227063
227062
227048
227050
227046
227045
227043
227042
226847
226848
234193
234194
227031
227032
227040
227035
227030
227033
227044
227034
227039
227036
234200
234216
234198
234197
234199
235432
234168
234203
234165
234192
234091
233910
234364
233912
233913
234367
233929
226804
226805
226809
226806
232508
232507
234549
234550
226808
226807
226885
226886
234310
234309
234308
226883
226884
226887
226955
226956
226961
226958
226960
226959
234559
234562
235447
234561
234563
226957
226964
226970
226962
226963
226972
226973
226968
226974
226967
226969
226966
233777
233793
233792
233796
233778
233834
233781
233835
233838
233837
233833
233832
22348
22350
29683
29685
29687
29686
29617
29618
29703
29689
34088
35285
34822
34821
35287
35286
22349
29684
29682
29678
29679
29681
29680
29674
29673
29675
29664
35078
29671
29670
29666
29668
29667
29583
29584
35174
29665
233841
233842
233843
233844
235526
235528
233839
233840
233876
233877
234582
233863
233889
233898
233915
233914
233927
234808
233926
233921
233897
233896
233894
233895
234787
234789
234788
233887
233885
233892
233908
233909
233882
233884
233881
233880
233879
233867
233868
233869
233874
233878
233886
233891
233873
233872
233865
233871
233864
233861
233866
233857
233858
233862
233854
233850
233846
233849
233848
233851
233852
233853
233856
235344
235345
235364
235365
235346
233903
233906
233907
233904
233905
234293
233855
233883
233870
233890
233875
233845
234811
234809
234810
235527
233860
233859
29672
29677
233836
233893
233900
233918
227065
227068
227118
227082
227123
227124
227125
227128
227129
227131
227817
227130
227152
227154
227156
227151
227155
227150
227147
227148
227146
227203
227201
227202
227207
227204
227138
227142
227143
227133
227144
227134
227145
227195
235350
227193
227196
227194
227149
227153
227172
227157
227173
227106
227158
227120
227126
227127
227159
227084
227077
227076
227083
227085
227067
227073
227072
227075
227074
227117
227023
227024
227165
227166
227109
227107
227111
227105
227100
232571
227098
227089
227101
227093
227094
227103
227108
227102
227091
227092
227096
227095
235591
227057
234224
234227
234228
227086
227087
227088
235592
227055
227053
227056
227054
227058
227071
227070
227060
227080
227099
227104
6800
6805
6806
6801
34340
6652
6653
6655
6664
6717
227275
227277
227274
227276
227187
227188
227186
227183
227162
227163
227169
227273
227184
227185
227164
227113
227160
227161
227179
227171
227245
227246
227249
227251
227252
227250
227253
227242
227244
227254
227255
227270
227271
227267
227269
227272
227268
227262
227261
227260
227259
227189
228238
228264
228243
235466
235465
227190
227265
227266
227256
227258
227257
227239
227205
227174
227175
227235
227236
227237
227238
227200
227248
227247
227243
227176
227177
227240
227241
227178
234446
227170
227167
227168
227181
227182
227180
6716
6719
6721
6722
234225
6723
227278
227279
228396
228404
235384
228395
228275
228403
228405
228406
228281
228420
234416
228410
228411
228407
228408
228274
228272
228278
228273
228277
235437
228262
228260
228258
228259
228261
228397
228401
228402
228416
228398
6796
6803
6802
34331
6798
6799
6810
6827
6797
6795
6793
6747
6792
6744
6746
6745
6794
6740
6742
6748
6741
6739
6733
6724
6726
6732
6725
6720
6718
6661
6656
6657
6658
6660
6659
35268
32611
6654
230078
230086
230159
230087
230227
230228
230289
230229
234426
230225
230226
230085
230079
234740
230152
230153
230151
230154
6828
6829
6840
6841
6842
6861
6864
6868
6870
6871
7657
7656
7708
6849
6867
6873
6874
8938
8921
6872
6866
6857
6855
6853
6854
6852
6851
6844
6843
6858
6830
6831
6835
6865
6869
6863
6850
6859
6862
6860
6845
6847
6848
7650
7649
6846
6834
6701
6749
6751
6737
6743
6771
6735
6736
6738
6734
6730
6728
6727
6729
6731
6752
225054
225198
225197
225195
235443
225194
225196
225199
234264
234263
234262
225055
225068
225069
225202
225204
235440
225203
225210
225211
225220
225219
225217
225221
225225
225226
225279
225280
225972
225812
225824
225112
225265
225275
225286
225319
225330
225331
225332
225323
225322
225281
225144
225126
225125
225122
225121
225123
225129
225128
234774
234776
234778
234779
234775
225124
225090
235065
225133
225086
225193
225084
225087
225131
225130
225085
225074
225081
225071
225072
225079
225080
225083
225073
225082
225088
225132
225134
225140
225138
225139
225137
225141
225113
225188
225156
225227
225242
225243
225244
225247
225238
225253
225254
225256
225825
234933
225826
225239
235050
235048
225235
225236
225237
225231
225214
225234
225249
225229
225250
225228
225230
225233
225200
225212
225213
225201
235051
235052
235053
235063
235055
235054
235057
235058
235056
235188
235064
235061
235062
235187
235185
235186
235442
235288
225246
225245
225248
235553
225255
225320
225317
225318
225321
225232
235049
225240
225241
225215
225216
225222
225223
225218
225224
225205
225206
225208
225209
225207
225271
225272
225089
226646
226647
6662
6663
6676
