3998
117998
117999
127082
127117
127107
127106
125975
125976
125979
125982
125983
125984
126091
125985
126084
126123
126083
126087
126088
126089
126090
126094
126096
126095
126143
126144
126145
126146
126097
126098
126156
126159
126160
126161
126162
126164
126165
126166
127087
127098
127091
127096
127097
127104
132558
127099
127100
126180
126168
126174
127092
127093
132364
127094
127095
126169
126170
126171
127090
126163
126147
126153
126152
126148
126151
126149
126167
126150
125988
125990
132499
125989
126106
132408
126108
126110
132498
126109
126112
126130
126129
132496
132497
126138
126139
126140
126456
126485
126489
126490
126498
126495
126497
126493
126494
126496
126450
132500
126451
126452
126465
126466
126467
126517
126520
126521
126522
126523
126509
126514
126510
126511
126515
127386
127400
127405
127406
127443
127440
127453
127417
127418
127419
127412
127416
127411
127404
127403
127439
127398
127389
127388
127393
127396
127438
127395
127436
127392
127391
127394
127382
127379
127129
127130
127131
127133
127134
127128
127126
127125
127122
127123
126219
126222
126504
127380
127381
126506
126503
126501
126505
126500
126502
126202
126487
126203
126198
126197
126186
126190
126191
126199
126192
126193
126207
126209
126214
126215
126213
126212
126175
126211
126210
126208
126216
126204
126205
126206
126194
126184
126185
126124
126125
126121
126122
132502
132501
126117
126120
126135
126119
132343
132493
126105
126104
126102
126100
126101
126099
126118
126114
126116
126115
126126
126195
126196
126201
126200
126217
126221
126218
126220
127119
127120
127121
127127
127124
127378
127132
127383
127384
127387
127397
127402
127401
127399
127390
127408
127410
127385
126516
127407
126512
126513
126484
126483
126499
126518
126519
126482
132433
126524
126478
126479
126480
126481
126547
126582
126544
126546
126548
126538
126540
126539
126408
126407
126401
126531
126402
126532
126528
126530
126534
126535
126533
126477
126471
126475
126470
126463
126462
126468
126460
126276
126277
126298
126271
126272
126288
126300
126297
126304
126305
126310
126398
126397
126399
126392
126395
126400
126393
126380
126387
126378
126377
126374
126370
126294
126308
126309
126376
126293
126306
126291
126292
126290
126287
126296
126286
126285
126295
126283
126278
126281
126282
126238
126284
126239
132307
126257
132543
126258
126280
126279
126232
126228
126250
126229
126247
126246
126245
126379
126375
126391
126307
126302
126303
132357
126289
126301
126461
126441
126442
126275
126440
126443
126445
126457
126492
126459
126458
126454
126453
126438
126435
126432
126264
126265
126267
126262
126261
126255
126256
126269
126268
126270
126254
126252
126251
126248
126249
126259
126260
126253
126263
125993
126439
126433
126434
126436
126437
126444
126448
126446
126447
126266
126273
126274
126469
126529
126527
126396
126394
126389
126537
126536
126545
126543
126476
126472
126464
126449
126488
126491
126486
126455
126132
126133
126136
126137
126127
126134
126128
126131
126113
126111
126103
126107
125991
125992
119997
126552
126553
126555
126591
126593
132360
126525
126595
126596
126597
126526
127413
127414
127415
127423
127426
127425
127422
127460
127462
127459
132407
127458
127457
127420
127421
132495
126508
127428
126507
126590
127427
127500
127501
126583
126598
126594
126599
127504
127505
127507
127506
127502
127503
126605
126606
126603
126604
126600
126601
126588
126616
126617
126607
126573
126560
126551
126550
126542
126541
126557
126556
126608
126609
126587
126586
126585
126589
126602
126592
126584
126554
126549
120154
120155
119998
126561
126562
124827
124826
128425
128534
128536
128545
128583
128587
128606
128607
128610
128611
128749
128752
128761
128763
128766
128786
128788
128815
128821
128822
128827
128831
128828
128813
128812
128925
128829
128830
128809
126431
126566
126565
126572
126564
126429
126430
126425
126426
126427
128795
128797
128757
126414
126413
126418
126417
126423
126366
126367
126368
126354
128746
126353
126355
126356
126369
126424
126428
128817
128816
128818
128814
128823
128824
128820
128825
128826
128794
128876
128854
128857
128856
128858
128842
128733
128732
128853
128855
128852
128851
128837
128838
128839
128850
128781
128779
128780
128776
128778
128631
128773
128774
128782
128783
128784
128790
128771
128775
128791
128629
128769
128768
128767
128630
128624
128628
128622
128623
128777
128785
128792
128793
128819
128802
128801
128806
128807
128810
128811
128808
128803
128799
128798
128805
128804
128800
128789
128772
128787
128770
128765
128764
128762
132371
128796
128760
128759
128758
128756
128755
128754
128747
128604
128603
128600
128601
128596
128595
132431
128594
128599
132430
132429
128598
128745
128597
128582
128581
128593
128575
128539
128540
128541
128542
128543
128532
128420
128419
128416
128414
128415
128413
128410
128404
128408
128409
128418
128424
128434
128437
128553
128548
128555
132425
128565
128564
128614
128619
128620
128591
128590
128585
128547
128556
128586
128562
128563
128436
128550
128549
128552
128551
128432
128442
128443
128560
128561
128557
128558
128438
128439
128440
128441
128480
128497
128444
128445
128559
128498
128634
128499
128500
128496
128494
128489
128488
128487
128490
128484
128464
128486
128463
128459
128460
128392
128478
128479
128481
128492
128475
128476
128477
128391
128390
128398
128396
128395
128393
128394
128426
128430
128431
128380
128483
128482
128495
128493
128400
128399
128397
128427
128428
128429
128435
124829
124830
128433
128407
128406
128405
128417
128531
128530
128529
128528
128576
128577
128592
128578
128579
128748
128751
128753
128621
128750
128602
128609
128608
128605
128589
128588
128584
128580
128546
128544
128537
128538
128535
128533
128554
128423
128422
128421
126372
126352
126365
128900
128832
128833
128834
125755
125844
125847
125849
125853
132434
125856
125895
125893
132568
125896
125905
125906
126349
126350
126351
126403
126364
126415
126416
126371
126422
126558
126421
126406
126419
126405
126411
126410
126409
126361
126360
126343
126357
126358
126362
126359
126348
126346
125901
125903
125899
125900
126317
126319
126322
126318
126323
126324
126340
126344
126341
126337
126338
126335
126373
126336
126381
126330
126312
126328
126329
126334
132574
126327
126325
126326
126313
125883
125882
125878
125880
125881
126311
126314
126320
125879
125884
125886
125887
126315
125875
125874
125873
125870
125869
125872
125867
125888
125890
125889
125876
125891
125868
132308
132477
125871
125866
125863
125839
125840
125841
125837
125864
125836
125832
125831
125833
125830
125835
125834
125783
125784
125807
125808
125812
125811
125810
125813
125815
126234
126237
126235
126236
126233
125814
125806
125805
125865
125862
125877
126242
126240
126241
126243
126331
126339
126321
125885
126316
126347
126345
126342
126404
126420
126412
126363
125908
125898
125860
125859
125907
125904
125902
125897
125857
125894
132569
132354
125858
125855
125854
125848
125850
125851
125861
128191
125759
125758
125827
125828
125843
125846
125845
132432
125756
125757
126382
126385
126386
126388
126390
125852
126559
125838
125842
126563
126574
126576
126579
126611
126618
126620
126619
126621
127538
126622
127537
126623
127543
126625
127542
127541
128939
128938
128918
128917
128914
128912
128913
128922
128923
128911
128926
128924
128909
128910
128907
128908
128920
128903
128902
128901
128904
126569
126575
126571
128921
128916
128906
128905
126581
126578
126613
126610
126614
126615
126624
128915
128919
128937
126612
126580
126577
126570
126568
126567
128940
123510
123829
123830
123888
123912
123889
123890
123916
123878
123918
123920
123923
123924
124031
124052
124053
124058
124059
124090
124093
124097
124989
124991
128366
128367
125724
125747
128411
125754
125746
125745
125744
125719
125720
125712
125708
125714
125713
125718
125739
125740
125743
125751
125749
125822
125821
125818
125816
125824
125825
125826
125829
125823
125820
125819
125733
125817
125725
125730
125731
125732
125736
125737
125729
125727
125705
125703
125726
132349
125704
125706
125693
124501
124527
124502
125692
125701
125700
125699
125697
125665
125666
125661
124013
124012
124007
124010
124005
123998
123999
124004
123977
123982
123985
123984
123979
123978
123976
123973
123874
123972
123971
123975
123871
123969
132279
123970
123968
123870
123862
123863
123869
123872
123873
123974
124011
123997
123995
123996
123993
123994
123992
123991
125691
125690
125694
125695
125696
132350
132351
125689
124080
124079
124074
124075
124076
124077
124078
124071
124084
124086
124085
124087
124092
124099
124098
124069
132419
124070
124068
124067
124044
124043
124040
124041
124039
124032
124028
124024
124023
124025
123983
124027
124036
124001
124064
124065
124062
124009
124016
124017
124002
124008
124014
124015
124020
125658
125659
124006
124003
123986
124000
124035
124034
123877
123876
132526
124022
123879
124026
124030
124037
124038
124045
124083
124063
124066
124018
124019
124021
125660
125664
124081
124082
124088
124089
124100
124102
124103
125702
125728
125698
125752
125735
125750
125753
125742
125748
125734
125738
125716
125717
125710
125709
125707
125715
125741
125721
125723
125722
124980
124982
124981
124979
124977
124976
124094
124060
124978
125711
124104
124101
124096
124095
124091
124056
124057
124061
124051
124048
124047
123935
123930
123922
123921
124054
124055
124046
124042
124033
123936
124029
123915
123919
123917
123875
123913
123914
123925
123895
123892
132370
123893
130093
123894
123891
123881
123882
123880
123884
123834
123836
123832
123833
123827
123835
123828
123826
123965
123980
123981
123864
123865
123866
123867
120270
132311
132460
120316
120305
124895
124900
124927
124899
124924
124909
124922
124912
124923
124925
124931
124930
124926
124919
124921
124910
124911
124907
124906
124891
124892
124896
124897
124749
124748
124893
124737
124738
124739
124888
124889
124735
124732
124731
124734
124736
124725
124726
124741
124740
124743
124754
124755
124761
124890
124908
124898
120304
124928
124894
120283
120287
120271
124724
124904
124903
120312
120313
120307
120309
120308
120314
120315
120324
132467
120323
120319
120322
120320
120325
120311
120318
120317
120321
124929
125085
120153
124534
124535
124569
124570
124573
124571
124533
124559
124560
124572
124565
124561
124566
124567
124568
124564
124692
124714
124709
124713
124716
124717
124742
124744
124747
124751
124752
124750
124753
124718
124719
124745
124746
124710
124722
124708
124703
124711
124723
124707
124706
124697
124694
124696
124695
124620
124621
124720
124721
124704
124701
124699
124688
124687
124693
124683
124685
124686
124690
124684
124562
124689
124557
124681
124680
124611
124618
124619
124617
124616
124614
124615
124603
124613
124612
124606
124605
124607
124609
124555
124554
124552
124548
124549
124550
124547
124546
124545
124543
124544
124516
124514
124515
124539
124508
124538
124541
124542
124483
124481
124491
124493
124476
124482
124478
124441
124507
124505
124509
124510
124506
124513
124529
124530
124532
124540
124551
124492
124604
124494
124608
124610
124556
124553
124682
124705
124702
124700
124698
124691
124563
124558
124531
124524
124523
124528
124381
124522
124380
124382
124497
124499
124500
124504
124512
124511
124503
124496
124495
124498
124525
124518
124519
124520
124526
124386
124385
124384
124517
124383
124521
124362
124366
124367
124369
124368
124363
124365
124364
120265
120266
120267
120269
120268
120013
120063
120062
120064
120065
120200
122549
120201
120188
120189
120202
120365
120367
120366
120288
120294
120295
132483
132484
120291
132323
132324
132322
120192
120184
120185
120193
120195
132328
120194
120234
120235
120240
120241
120257
120229
120231
120233
120232
120230
120239
120258
120262
120261
120263
124763
120421
120422
124578
124715
124575
124576
124577
124712
124574
124537
124536
132472
124760
124757
124759
124758
124756
132471
120163
132469
120167
120169
120170
120179
120180
120168
120186
120176
120177
120173
120178
120172
120182
124762
120242
120243
120272
120259
120260
120236
120237
120238
120181
120183
120187
120290
120289
120420
120204
120203
120207
120067
120066
120068
120264
125010
120275
120306
120276
120277
120279
120278
120280
120310
120285
120284
120286
66769
120302
120299
120301
120303
120300
120298
120255
132478
120254
120256
120252
120249
120253
120297
132479
120296
120250
120251
132476
120247
120273
120274
120282
120292
120293
120281
132468
120246
120248
120245
120216
120212
120214
120218
120217
120213
120215
120208
120199
120196
120209
120197
120198
120244
120210
120211
124340
124341
119707
119716
119727
119730
119824
119825
119828
119832
119833
119864
119866
119867
119906
119876
119874
119967
120009
120010
120011
120016
120017
120174
120018
120175
120015
120171
120014
120164
120166
120003
120162
120165
120161
120158
120159
120160
120157
120152
120156
124398
119994
119992
119991
119995
119988
119999
120001
119987
119996
120000
120002
120006
120007
120004
119978
119973
119971
119972
119970
119979
119965
119968
119969
119960
119873
119961
119962
119872
119963
119952
119951
119953
119950
119855
119859
119861
119858
119854
119856
119857
119850
119849
119848
119846
119844
119843
119851
124339
124342
124343
124345
124372
124374
124376
124377
124395
119982
124389
124379
124390
119993
119989
124378
124387
124388
124371
124375
119990
119981
119983
119985
119986
119974
119976
119975
119959
119957
119956
119949
124394
119947
124393
119955
119984
119980
124373
124370
124344
119946
119852
119945
119812
119814
119815
119834
119811
119813
119816
119845
119853
119948
119863
119862
119860
119871
119964
119954
119958
119977
120005
120008
119966
119870
119868
119869
119875
119881
119882
119880
119826
119837
119836
119839
119840
119865
119847
119838
119835
119823
119822
119819
119820
119726
119723
119818
119831
119827
119821
119732
119725
119724
119722
119842
116962
118375
119678
119677
119689
119685
119693
119801
119804
119807
119809
124210
124209
124218
124220
124221
124217
124337
124338
124334
124216
124201
124199
124332
124200
124194
124190
124322
124191
124319
124320
124144
124142
124127
124125
124126
124121
124122
124109
124110
124124
124179
124114
124178
124182
124183
124185
124188
124196
124197
124212
124214
124203
124204
124202
124167
124166
124155
124168
124157
124156
124149
124150
124147
124151
124176
124152
124148
124153
124146
117991
118474
118282
117992
118281
118253
118254
118287
118258
118259
118261
118260
118250
118251
118262
124154
124187
124169
124195
124186
124177
124181
124111
124113
124112
124123
124143
124189
124180
124184
124193
124192
124198
124215
124213
124219
124208
124211
124207
119841
124206
119808
119805
119806
119802
124172
124171
124205
124174
119803
124391
124175
124392
124160
124161
124162
124163
124158
124164
124165
124170
124173
118291
118215
118292
118294
118309
118295
118322
118220
118221
118222
118208
118243
118247
124105
124106
124107
124108
119687
119686
118244
118374
122406
119679
118246
119680
118242
116965
118164
118163
118162
118202
118204
118206
118205
118218
118217
118203
118216
118197
118196
118198
118158
118180
118199
118389
118201
117933
118298
117934
118200
118182
118209
118211
118210
118195
118212
118214
118284
118285
118289
118293
118192
118283
118280
118286
118188
118187
118171
118178
118175
118177
118173
118174
118172
118184
118185
118186
118279
118189
118190
118193
118194
117647
117646
118179
118181
118130
118128
118129
118127
118157
118154
118156
118153
118152
118143
118151
118142
118155
118207
118219
118290
118288
118213
119688
119694
119721
119720
119706
119705
119701
119700
119695
119690
119702
116970
116971
119704
119703
119692
119691
119681
119683
119684
118376
119682
116966
118245
116964
119810
119817
124631
124593
124601
124600
124599
124597
124598
123440
123441
123536
123539
123540
123541
123564
123565
123566
123567
123597
123596
123570
123571
123610
123611
123569
124596
124595
124625
123568
123443
123442
123537
123538
123612
123613
124765
124769
124773
124774
124791
124792
124772
124793
124836
124838
124840
124845
124936
124937
124945
124946
124943
124050
123938
124049
124933
124934
124932
132424
124835
132428
124834
123937
123929
123931
123911
123932
123909
123905
123910
123906
123904
123900
123927
123926
123928
124944
124947
124949
124951
124952
124942
124965
124966
124958
124957
124956
124872
124869
124866
124865
124864
124868
124851
124940
124939
124938
124846
124847
124849
124852
132423
124853
124832
124856
124854
124833
132421
132422
132420
124855
124861
124860
124863
124858
124828
124825
124799
124797
124843
124787
124788
124819
124820
124822
124821
124786
124798
124824
124823
124844
124842
124848
124850
124859
124862
124867
124873
124955
124941
124950
124948
124935
124839
124841
124796
124794
124784
124781
124779
124778
124785
124645
124643
124646
124780
124775
124640
124770
124771
124639
124641
124637
124636
124644
124642
124782
124783
124837
124795
123934
123933
124790
124789
124776
124777
124767
124768
123903
124766
124638
124764
123901
123902
124602
124629
124633
124634
124628
124627
124635
124630
124632
124648
124651
124664
124667
124668
124800
124804
124807
124810
124809
124803
124808
124805
124806
124811
124812
124672
124674
124813
124814
124679
124815
124816
124817
124818
124831
124884
124885
124887
124886
124881
124879
124880
124733
124730
124729
124728
124727
124675
124676
124857
124901
124902
132347
124875
124876
124905
125019
132348
124877
125020
125023
125027
125036
125048
125050
125051
125052
125054
125038
125053
124975
124974
125007
124972
125004
125005
125000
124954
124953
124967
124962
124961
124969
124968
124963
124959
124970
124971
124973
125049
125046
125044
125045
125039
125047
125037
125035
125026
125029
125031
125034
125040
125041
125042
125033
125030
125028
124920
124918
125025
125024
124964
124915
124914
124917
124916
125022
125021
124960
124870
124913
124874
124871
124677
124878
124678
124673
124663
124662
124666
124801
124665
124653
124656
124659
124660
124652
124655
124623
124654
124622
124647
124661
124671
124802
124670
124669
124650
124649
124626
125032
125043
124984
124985
124988
125003
125011
128385
128388
125018
128389
128447
132542
125016
125014
125015
125009
125008
125006
125001
125017
125013
125012
128386
128387
128384
128379
128378
128374
128371
128372
128373
128381
128377
128401
128375
128369
128368
124993
124992
124990
124995
124994
124986
128370
124998
124996
124999
124997
125002
124987
124983
128382
128383
128403
128402
128412
123896
123899
123426
123468
124426
132345
124427
123469
124658
124657
123572
123524
123523
123520
123522
132492
123521
123530
123527
123531
123533
123532
123535
123534
123525
123517
123519
123516
123526
123528
123573
123577
123883
132369
123584
123885
123886
123887
123907
123908
123898
123897
123604
123606
123605
123601
123592
123600
123608
123609
123595
123589
123590
123586
123562
123594
123593
123587
123591
123588
123602
123603
123599
123607
123598
123585
123583
123581
123582
123518
123529
123554
123559
123555
117995
117996
118001
122532
122534
122535
122547
122550
122555
122563
122564
123369
123385
123386
123390
123391
123398
123431
123401
123434
123399
123400
123429
123430
123438
123439
123432
123433
123428
123403
123404
123402
123405
123435
123437
123444
124443
124444
124460
124461
124466
124467
124454
124456
124472
124433
124436
124473
124475
124487
124488
124490
124592
124590
124594
124591
124588
124471
124470
132480
124469
124489
124484
124485
124486
124479
124480
124474
124438
124440
124434
124432
124437
124439
124430
124356
124318
124313
124306
124310
124312
124309
124276
124308
124311
124302
124305
124315
124316
124428
124314
124295
124294
124296
124408
124407
132436
124417
124419
124420
124421
124423
124450
124447
124451
124448
124452
124416
124445
124415
124414
124413
124405
124403
124412
123406
124411
124404
124292
124402
124401
124399
132486
124291
124290
124289
124285
124283
124284
124287
124286
122592
122596
122597
123393
123394
123389
123392
122595
122594
122590
122587
122577
122575
122576
122579
122546
124238
124239
124280
124249
124248
132491
124246
124245
132489
124240
124241
124244
124297
124301
124243
124230
124235
124233
124119
124232
124234
124120
124252
124263
124265
124264
124299
124260
124262
124259
124251
132488
124134
124133
124228
132490
132487
124229
124116
124118
124225
124226
124223
124227
124224
124236
124237
122527
122528
122529
122526
122537
122530
122531
122539
122542
122543
122568
122570
122580
122581
122584
122585
122582
122571
122558
122569
122538
122540
118003
122525
124222
124117
124115
124242
124231
124247
124250
122541
122545
122544
122574
122573
122572
122588
122593
122589
122578
122591
124279
124282
124281
124288
124400
124418
132346
124422
124406
124293
124304
124303
124298
124300
124273
124317
124357
124431
124429
124425
124424
124409
124410
124457
124455
124449
124465
123551
124579
124464
123546
123563
123544
123543
123545
123553
124446
124453
123542
124442
123436
123407
123395
132306
123427
123417
123414
123420
123423
123419
123424
123422
123425
123415
123416
123418
123412
123413
123409
123408
123377
123374
123373
123376
123364
123363
123362
123355
123354
123361
123360
123358
123359
123379
123370
123381
123382
123366
123367
123368
122565
122554
122553
123357
123356
123365
123378
123375
123380
123384
123397
123396
123388
123383
123387
123372
122586
123371
122583
122567
122566
122562
122561
122556
122557
122548
122536
122533
118000
118002
123552
124583
124587
124586
124585
124589
124468
124581
124580
124584
124582
123339
118263
118266
118265
118264
118277
118275
118273
118270
118269
118267
118268
118274
118276
118278
124130
124135
124145
124253
124254
124257
124261
124268
128331
124267
124266
124269
124258
124271
124321
124270
124274
124275
124277
124278
124272
124326
124346
124349
124351
124354
124360
124361
124336
124335
124353
124358
124359
124355
124352
124348
124350
124329
124333
124331
124330
132470
124325
124324
124327
124328
124347
124256
124255
124141
124140
124128
124129
124136
124137
124132
124131
118271
118272
125799
125776
125777
125803
125804
125809
125801
125778
125779
125781
125782
132353
125780
125800
125802
125792
125788
125790
125787
125785
125786
125796
125797
125798
125770
125791
125793
125789
125795
126223
126224
126225
126227
125986
125987
126226
125794
125547
125676
125675
125679
125680
125762
125763
125764
125765
125760
125761
125682
125766
125768
125772
125773
125775
125769
125774
125688
125685
125771
125686
132435
125767
125681
125683
125667
125668
125687
132418
125684
125677
125673
125671
125670
125674
125669
125662
125663
125672
125678
125625
125628
123782
123783
125480
125481
125482
125497
125500
125501
125502
125489
125498
125499
125493
125520
132352
125519
125518
125475
125477
125476
125478
125612
125613
125617
125618
125624
125620
125621
125534
125536
125542
125532
125540
125546
125545
125541
125523
123952
125514
125538
125537
123953
132536
125522
125521
125508
125531
125619
125529
125524
125525
125526
125533
125614
125616
125562
125563
124397
125595
125598
125597
125609
125608
125610
125634
125627
125568
125572
125567
125565
125564
125566
124396
124435
124463
124462
124477
125527
125528
125530
125615
125469
125455
125456
125467
125464
125465
125466
125462
125470
125460
125461
125463
125459
125485
125486
125487
125484
125458
125483
125457
125468
125473
125474
125490
125492
125491
125494
125495
125496
125479
123784
123785
125488
125622
125623
125631
125630
125635
125636
125629
125646
125649
125645
125966
125963
125640
125641
125644
125642
125643
125633
125639
125648
125652
125969
125651
125655
125653
125654
125647
125650
125968
125967
125972
125638
125637
125632
125560
125561
132437
121811
123967
121812
125656
125657
125539
125544
125517
125515
125516
125507
125506
125509
125511
125505
125513
125503
125504
123800
123801
123794
123955
123988
123990
123987
123989
123956
123958
123966
123962
123949
123963
123948
123964
123947
123944
123945
123946
123959
123960
123957
125510
125512
123961
123308
123264
123265
123310
123313
123318
123317
123316
123635
123637
123636
123314
123634
123633
123632
123630
123655
132473
132474
132386
132385
132383
132382
132320
132321
132319
123654
123703
123698
123704
123705
123706
123714
123713
123737
123738
123747
123748
123749
123776
123778
123775
123734
123719
123715
123716
125543
125535
123735
123736
123732
123731
123717
123774
123777
123779
123781
123780
123796
123798
132462
123797
123789
123788
123790
123770
123771
123773
123951
123942
123764
123941
123950
132310
123939
123940
123763
123759
123762
123678
123851
123853
123846
123847
123848
123849
123855
123856
123858
123859
123857
123868
123861
123844
123841
123840
123816
123839
123838
123814
123813
123653
123837
123661
123662
123672
123673
123675
123674
123676
123669
123670
123755
123756
123767
123766
123754
123752
123751
123742
123741
123744
123739
123664
123658
123665
123657
123644
123646
123660
123645
123643
123648
123649
123750
123745
123740
123666
123667
123668
123671
123659
123650
123651
123652
123815
123843
123850
123854
123842
123845
123663
123677
123757
123758
123761
123760
132475
123852
123943
123954
123792
123772
123765
123769
123768
123753
123733
123718
132527
132529
132528
123746
123743
123656
123629
123627
123628
123696
123626
123625
130056
123624
123486
123641
123640
123638
132530
123639
123642
123647
123803
123805
123812
123817
123819
123820
123821
123831
123823
123490
123809
123824
123489
123482
123488
123480
123481
123491
123493
123499
123822
123501
123825
123860
123818
123808
123806
123807
123810
123811
123804
123485
123483
123315
123311
123312
132461
123791
123795
123793
123799
123802
123327
123335
123337
123350
123462
123457
123466
123467
123472
123461
132463
132466
132464
132465
123460
123459
123470
123458
123445
123446
123448
123447
123449
123450
123454
123455
123342
123341
123471
123473
123492
123497
123475
123502
123503
123508
123494
123495
123496
123346
123347
123348
123513
132342
123351
123352
123464
123353
123463
123465
123340
123421
123456
123349
123333
123334
123343
123344
123453
123452
123338
123336
123498
123500
123507
123509
123504
123511
123512
123578
123579
123580
123576
123575
123506
123505
123574
123410
123411
119888
119905
119912
119915
119919
120023
120026
120027
120060
120061
132553
120074
120075
120083
120084
120085
120086
120087
120089
120088
120079
120078
120053
120052
120046
120051
120041
120044
120034
120035
120039
120033
119943
120025
120029
120047
120048
120049
119939
119937
119938
119931
119940
120036
119944
120038
120143
120142
119935
119934
119927
119925
119926
119899
119898
119930
119928
119914
119911
119913
119942
119929
119923
119924
119922
119941
120037
120040
120050
120045
120042
120043
120073
120072
120071
120070
120069
120059
120058
120031
120030
120019
119917
120020
120021
120012
120028
120032
120022
120024
119920
119918
119909
119907
119916
119921
119908
119910
119891
119904
122524
123325
123329
123331
123332
123330
123328
123451
123479
123487
123478
123484
123321
123322
123477
123320
123319
123474
123476
123305
123309
123303
123304
123323
123324
123326
122523
121653
128725
128728
128730
128729
128847
128849
128846
128845
128841
128844
128843
128840
128723
128713
128711
128712
128716
128710
128627
128697
128699
128700
128701
128706
128708
128717
128719
128722
128721
128718
128709
128704
128670
128705
128731
128689
128686
128687
128688
128681
128682
132557
128677
128526
128527
128523
128522
128518
128520
128674
128644
128675
128676
128679
128680
128672
128671
128665
128663
128662
128661
128667
128647
128656
128659
128696
128658
128654
128572
128652
128645
128571
128569
128567
128566
128568
128612
128613
128615
132427
132426
128574
128616
128617
128626
128618
128573
128570
128653
128657
128655
128651
128649
128636
128650
128648
128635
128633
128637
128642
128639
128505
128506
128508
128509
128640
128504
128503
128515
128491
128511
128512
128513
128516
128519
128514
128471
128510
128485
128472
128502
128501
128507
128638
128646
128660
128641
128666
128678
128664
128643
128521
128517
128525
128524
128683
128684
128685
128673
128703
128669
121656
121655
128707
128668
128698
128695
128625
128702
123550
123549
128714
128715
128727
128726
128724
128720
124323
121654
