3869
19444
34551
34553
34555
34554
34552
19498
19499
19518
19521
19523
19532
19533
19534
19535
19539
19540
19547
20049
20050
20053
20054
20064
20068
20072
20073
20088
20087
20074
20069
20086
20061
20063
20090
20062
20065
20067
20915
20058
20914
20903
20912
20905
20911
20913
20908
20906
20910
20916
20944
20919
20917
20918
20939
20940
20941
20929
20928
20933
20932
20946
20935
20938
21010
20999
21001
21002
20698
20628
20582
20583
20625
20624
20622
20580
20579
20578
20574
20575
20569
20576
20571
20570
20568
20566
20543
20407
20567
20558
20559
20560
20561
20545
20595
20565
20544
20541
20542
20623
20577
20581
21000
20998
20647
20648
20646
20930
20643
20642
20636
20635
20645
20640
20639
20925
20638
20637
20920
20633
20921
20923
20632
20631
20630
20619
20613
34391
20615
20618
34396
20609
20610
20612
20601
20602
20599
20596
20594
20600
20564
20563
20591
20592
20586
20597
20590
20605
20606
20607
20608
20898
20902
20896
20899
20901
20897
20056
19549
19546
19544
20588
20587
19530
19528
20553
20584
20554
20551
20555
20550
20557
20548
19477
19478
20540
20546
20547
20549
20552
19491
19488
19486
19484
19487
19524
19485
19483
19522
19482
19481
19490
19479
19480
19525
19526
19489
19527
19542
19543
19548
20589
20585
20556
20562
20593
20604
20598
20616
20614
34395
20603
20620
34394
20621
20634
20629
20626
20641
20644
20937
20936
20934
20931
20926
20927
20924
20922
20909
20900
20617
20907
20904
20057
20055
20071
20070
20066
20048
20045
20044
20043
19537
20047
20052
20051
20046
19550
19545
19541
19529
19538
19536
19531
19501
19519
19520
19500
19517
19497
20091
20041
20059
20060
18129
19275
19276
19291
19293
19279
19299
19297
19298
19295
19296
19302
18153
18144
18151
34114
18150
34115
34116
20337
20336
20338
18143
18142
18146
18147
18149
19292
18132
18148
18145
19294
19280
19303
19322
19304
19325
19326
19327
19331
19340
19341
19346
19342
19343
19461
20376
20375
20539
20378
20384
20377
20372
20371
20361
20362
20335
20332
20334
20333
20368
20366
20367
20379
20382
20381
20386
20387
20388
20404
20406
20405
18862
18863
20383
20385
20380
20369
20403
20330
20331
19312
20358
20359
19310
19311
19307
19314
19313
19317
19308
19315
19316
20370
19309
19306
19301
19300
20360
20363
19468
19466
19467
19469
19464
19457
35080
35081
19459
19462
19329
19348
19339
19345
19451
19347
19332
19333
19338
19334
19335
19336
35469
19330
19465
19463
20374
20373
19344
19460
19458
19324
19323
19328
19305
19320
19321
34970
19288
19273
19284
19285
19287
19271
19095
19096
35074
19270
19269
19278
19277
19286
18133
18131
19272
18134
18130
19432
19434
19435
19439
19450
19456
19455
19438
19437
19443
19446
34543
19445
19447
19448
19454
19470
19473
34549
34548
19472
19471
19475
19474
19452
19453
19441
19357
19406
19422
19423
19418
19417
19419
19409
19410
19411
19426
19420
19421
19413
19415
19427
19430
19496
19503
19505
19416
34550
19504
19507
19508
19494
19506
19513
19509
19512
19511
19510
19442
19495
19492
19493
19502
19387
19375
19385
19412
19408
19403
19407
35344
19386
34546
34547
19382
19383
19404
19405
19433
19436
19440
19255
19262
19318
19319
19431
19378
19380
19376
19379
19381
19377
19374
19372
19980
19981
19985
19986
35077
19997
19998
19999
34709
19353
19355
19354
19371
19373
35468
35343
19368
19366
19367
19356
19414
20942
20986
21011
20987
20985
20988
21050
21057
20995
21059
20997
21201
21200
21213
21214
21215
21265
21267
21266
21216
21264
21221
21227
21268
21147
20993
20994
20979
20978
20945
20980
20992
21051
21052
21053
21042
21039
21041
21040
20989
20984
20943
20717
21020
21019
20718
21021
21027
21036
21038
21300
21305
21314
21320
21321
21322
21323
21338
21340
21372
21384
21382
21385
21392
21395
21394
21383
21391
21390
21262
21263
21282
21284
21285
21283
21278
21277
21253
21259
21260
21257
21261
21386
21389
21381
21377
21375
21371
21380
21369
21368
21342
21341
21239
21096
21335
21095
21093
21097
21100
21101
21099
21237
21241
21242
21244
21246
21256
21255
21254
21243
21248
21236
21249
21251
21250
21276
21279
21286
21280
21281
21272
21270
21269
21228
21229
21222
21224
21223
21220
21225
21217
21203
21202
21198
21199
21205
21206
21218
21207
21210
21232
21085
21086
21088
21079
21076
21070
21075
21073
21074
21082
21049
21064
21063
21066
21067
21056
21060
21055
21058
21054
21047
21046
21045
21043
21018
21014
21017
21012
21009
21013
21015
21048
21044
21069
21072
21068
21029
21031
21032
21071
21030
21028
21087
21083
21084
21065
21211
21091
21089
21090
21209
21204
21062
21061
21219
21212
21208
21226
21231
21230
21247
21235
21234
21252
21245
21240
21238
21233
21098
21092
21094
21367
21258
21370
21347
21339
21329
21324
21327
21337
21336
21325
21326
21081
21077
21080
21078
21318
21319
21313
21304
21303
21037
21034
21026
21016
21007
21008
20297
20298
20313
20303
20302
20304
20306
20321
20323
20307
20319
20320
20315
20317
21985
21981
20316
21978
21979
21980
20314
20318
20305
21983
21993
34390
21996
20308
20310
20311
20324
21169
22664
22667
22669
21186
21197
22662
34285
21188
21187
22675
28720
22674
22673
22670
21986
21988
21987
21998
21989
22672
22666
22665
22668
16366
21171
21172
21176
21177
21158
21178
21181
21182
21189
21196
21191
21193
21194
21192
21190
21173
21183
21184
21185
21195
21180
21179
21156
21155
21154
21152
21151
21153
21143
21141
21144
21138
21139
21137
20990
20976
20974
20975
21112
21111
21115
21130
21132
21135
21134
21136
21166
21170
21167
21133
21164
21165
21128
21163
21126
21159
21125
21118
21123
21122
20300
20309
21160
21168
21161
21162
20277
20301
34389
34388
20274
20276
20299
20278
34808
20275
20271
20272
20262
20261
20265
20264
21106
21105
21108
21119
21107
21109
21103
20973
20967
20969
20956
20958
20955
20957
20960
20959
20981
20982
20996
21145
20991
20953
20949
20951
20962
20961
20963
20965
20966
20107
20104
20105
20102
20103
20254
20256
20257
20255
20094
20095
20098
20099
20096
20097
20093
20100
20092
20101
20106
20952
20947
20948
20950
29644
20954
20964
20968
21104
21102
20260
20259
20258
20263
20270
20273
21117
21124
21120
21131
21127
21121
21129
21116
21113
21110
20972
20971
20970
20983
21114
20977
21140
21148
21146
21157
21175
21174
21149
21150
21142
16367
20089
14209
34593
14210
35140
34968
35079
20005
20006
20022
20039
20040
20075
20033
20042
20076
20077
35423
20269
20293
20295
20294
20296
20312
20291
20283
20281
20282
20229
20230
20268
20266
20292
20267
19514
19515
19516
20038
20036
20037
20032
20034
20031
20027
19994
20026
19988
19429
19428
19987
19990
19991
19993
19424
19425
19992
19995
20028
20029
20030
20021
34514
20020
20019
20001
20017
20015
20016
20018
20023
20136
20138
20137
20149
20151
20150
20154
20161
20162
20163
20204
20202
20206
20208
20210
20218
20280
20209
20217
20222
20284
20288
20285
20289
20290
21883
20286
20287
20225
21898
20213
20211
20215
21896
20216
21876
21877
21882
21879
21878
21897
34287
21893
21889
21890
21875
20196
20197
20193
20191
20195
20177
20129
20135
20132
20175
20133
20176
20192
20179
35422
20198
20141
20114
20116
20115
20134
20112
20113
20130
20131
20128
20122
20123
20180
20178
20200
20199
20219
20223
20220
20279
20244
20245
20207
20241
20246
20252
20250
20251
20248
20253
20249
20239
20236
20234
20238
20233
20242
20240
20228
20232
20080
20226
20078
20079
20081
20231
20237
20235
20084
20085
20083
20082
34564
20247
20243
20227
20153
20164
20221
20224
20214
20212
20203
20205
20201
20158
20159
20145
20147
20144
20142
20139
20140
20143
20160
20165
20166
20148
20157
20155
20156
20152
20146
20025
20024
19989
19996
20002
20003
20004
20000
20035
7438
23195
23220
28340
28342
28350
28351
28358
28365
28366
28368
28369
28367
28443
28444
28401
28445
28446
28448
28447
28450
28400
28403
28404
28393
28388
28392
28387
28381
28379
28377
28385
28384
28382
28374
28284
28347
28349
28356
28353
28345
28344
28211
28210
28202
28197
28192
28190
28189
28175
28176
28173
28171
28174
28178
28181
28201
28207
28203
28277
28278
28285
28286
28279
28287
28288
28282
28280
28281
28263
28262
34357
28226
28221
28219
28217
28225
28261
28224
28199
28187
28185
28183
28184
28182
28213
28218
28229
28266
28265
28264
28200
28186
28180
28170
23129
23130
23150
23183
23188
23189
23191
23193
28195
28204
28205
23194
28193
28194
23192
23190
23177
23148
23172
23175
23151
23145
34425
23143
23170
23204
23205
23208
23209
23223
28360
28372
28361
23207
23206
23202
23200
23179
23178
23140
23154
23153
23155
23138
23137
23139
23167
23203
16729
23180
23171
23152
23142
23141
23144
23146
23123
23176
23186
23147
23149
28172
23184
23185
23187
28188
28179
28191
28196
28198
28209
28206
28283
28355
28375
28376
28378
28380
27643
27644
28394
28399
28386
28402
28383
28370
28364
28359
28363
28362
28357
28354
28352
28348
23222
28346
23221
28341
28343
16728
28208
23196
23181
23182
7439
26014
26016
26019
26023
26064
26061
26063
26074
26076
28214
28215
28216
28223
28231
28232
28240
28271
28293
28294
28292
28290
28295
28227
28228
28222
28220
26059
23164
23168
28212
28371
28373
28461
28486
23003
21406
21407
21410
21419
23103
23105
23125
28161
28164
28168
28169
28166
28163
34290
28162
28167
28177
23104
23108
23126
23121
23128
28165
23127
23116
23120
23118
23119
23117
23133
23134
23135
23136
22842
22840
22841
22851
22854
22852
22853
22849
22850
22856
22848
23002
23004
22847
22823
22844
22843
22835
22833
22834
22836
22799
22800
22794
22791
22797
22788
22786
22787
22789
22796
22832
22793
22785
22772
22792
22809
22810
22774
22758
22765
22768
22763
22761
22755
22757
22773
22813
22770
22769
22771
22776
22756
22775
22790
22798
22795
22831
22822
22814
22846
22845
22839
22837
22838
23131
23132
22784
23110
23111
23094
23096
23100
23109
23113
23099
23097
23098
23102
23091
23089
23090
23095
23093
23092
22777
22778
22782
22783
22781
22780
22779
23112
23114
23115
23124
23107
23106
23101
21414
21415
21416
23122
21271
21273
21274
21275
23007
22682
22683
22762
22766
22811
22824
22825
22829
22830
22979
22993
22981
22992
22990
22991
22989
22984
22986
22983
22972
22973
22816
22821
22976
22977
22827
22820
22808
22802
22807
22815
22805
22803
22726
22804
22727
22751
22819
22745
22754
22725
22720
22719
22743
22718
22717
22721
22724
22746
22760
22801
22818
22806
22817
22985
22974
22980
22978
22975
22828
22826
22812
22767
22764
22759
22709
22711
22742
22744
22750
22752
22753
22982
22987
22988
22906
22907
22710
23034
22671
22676
22677
22678
22679
22680
22681
22684
28495
28497
28499
28510
28511
28533
28556
28557
28561
28559
28564
28567
28576
28577
28578
28584
28586
28633
28634
28635
28636
28637
28596
28589
28595
28582
28583
28575
28588
28628
28580
28624
28626
28630
28625
28622
28621
28555
28623
28552
28554
28553
28563
28548
28540
28538
28537
28532
28530
28535
28527
28526
28529
28531
28539
28547
28549
28551
28603
34315
28579
28587
28574
28573
28581
28570
28572
28585
28565
28571
28566
28562
28558
28541
28534
28627
28629
28638
28639
28640
28642
28643
28645
28666
28667
28668
28669
28790
28805
28597
28646
28644
28648
28649
28652
28650
28631
28632
28441
28460
28442
34313
28459
28458
28453
28452
28451
28482
28484
28483
28488
28487
28489
28449
28641
28647
34311
34312
12313
23524
23523
23521
23522
28481
28490
23512
23514
23515
23516
23513
28491
24795
24796
28254
28256
28312
28317
28335
28336
28339
28423
28542
28544
28598
28601
28610
34316
28608
28609
34407
28607
28440
28611
28606
28427
28434
28432
28431
28433
28438
28436
28437
28455
28454
28424
28418
28421
28425
28415
28414
28417
28430
28429
28411
28410
28408
28406
28396
28397
28389
28398
28412
28324
28326
28330
28331
28329
28328
28327
28309
28308
28306
28304
28303
28274
28302
28251
28268
28267
28270
28272
28289
28291
28297
28390
28391
27630
27631
28296
28298
28273
28241
28239
28238
28242
28247
28246
28248
28237
28233
28230
28235
28234
28236
28243
28250
28269
28275
28276
28310
28325
28323
28300
28301
28299
28395
28407
28409
28405
28416
28413
28332
28334
28419
28428
28435
28439
28604
28605
28617
28615
28618
28602
28550
34406
28545
28536
28525
28523
28528
28517
28516
28515
28520
28519
28321
28322
28315
28259
28314
28258
28260
28498
28257
28245
28244
28249
28513
28320
28512
28316
28518
28514
28522
28524
28612
28613
28616
28619
28614
28620
28600
28599
28546
28543
28521
28426
28422
28420
28338
34408
28337
28333
28319
28318
28313
28307
28311
28305
28255
28252
28253
11958
23306
23307
23281
23282
23303
23309
23305
23316
23311
23312
23315
23313
23317
23319
23318
23405
23399
23402
23401
23404
23403
23406
34131
23407
23408
23410
12003
12011
12013
23416
23412
23417
23414
23418
23396
23423
23424
23421
23422
23463
23466
23467
23468
12274
12275
12276
12273
12277
12280
12281
12284
12211
12210
12028
12027
12207
12206
12208
12199
12023
12021
12022
35299
12024
12209
12272
23464
12285
12278
12286
12279
23473
23477
23474
23465
23469
23476
23475
23470
23458
23471
23479
28474
28475
28478
28476
28477
28467
28466
28465
23480
23481
12283
12271
12282
12270
23478
12287
23472
23456
23454
23457
23455
23461
23460
23439
23459
23247
23436
34132
23243
23242
23245
23246
23432
23232
23233
23234
34289
34288
23231
23240
23244
23431
23433
23434
23451
23435
23452
23449
23448
23446
23445
23444
23441
23442
23392
23440
23391
23430
23375
23373
23371
23370
23363
23368
23372
23365
23369
23389
23381
23380
23378
23377
23357
23360
23376
23386
23388
23387
23385
23384
23336
23328
23059
23048
23047
23063
23076
23079
23358
23086
23087
23359
23088
23071
23072
34418
23073
23227
23228
23229
23237
23364
23224
23239
34414
23225
23210
23213
23226
23212
23216
23218
23219
23236
23235
23201
23169
23162
23199
23160
22861
23019
23031
23214
23027
23030
23029
23066
23024
23023
23065
23068
23075
23069
22999
23001
23000
23042
22995
22996
23036
22998
22997
23022
23021
23008
23009
23011
23012
23013
23025
23020
23018
23017
23015
23005
23006
23010
23028
23026
23016
23014
22860
22859
23159
23156
23157
23161
23163
23211
23197
23198
23215
23032
23033
23070
23067
23084
23085
23077
23356
23080
23081
23082
23083
23074
23046
23043
23044
23045
23064
23078
23379
23367
23366
23361
23362
23374
23429
23390
23393
23443
23447
23238
23230
23217
23241
23437
23438
23453
23450
23462
23397
12025
12017
12016
23420
23419
23395
23394
23413
12015
23411
12014
12012
12008
12009
12018
12194
12198
12197
12193
12192
12195
12202
12203
12200
12212
12215
12213
12201
34368
12191
34366
12166
12020
12019
12167
12173
34364
12168
12172
12174
34363
12187
12186
12163
12006
12162
12164
12010
12165
12176
12175
12196
12214
12007
12002
12005
12004
11998
11997
11996
11993
11987
12161
11985
12158
11989
12160
12159
12000
12001
23355
23409
23415
23383
23382
23351
23350
23352
34128
34129
23327
23323
23060
23061
23326
23320
23322
23324
23325
23339
23340
23346
23343
23348
23341
23338
23337
23287
23277
23288
23314
23342
23289
23273
23279
23271
23278
23272
23280
23276
23274
23275
23054
23052
23057
34130
23056
23058
23051
23053
23041
23049
23050
23038
23037
23040
23035
23039
23321
23055
23062
23354
23353
11999
23349
11995
11994
23344
11986
23400
11983
11984
11988
11990
23398
23292
11977
11978
11979
23304
23290
23310
23291
23285
23283
23284
23286
34411
23268
23270
23269
23266
23265
23255
23267
23256
23262
23263
23258
23259
23257
23264
23300
23253
23254
7643
28464
28469
23520
23482
23483
28463
7642
28457
28473
28456
28470
28471
21959
21958
21971
21972
34508
21976
21977
22032
21997
22034
22035
22037
22190
22191
22193
22192
22042
22210
22212
22218
22942
23248
23250
23251
22941
22940
22211
22215
22216
22928
22943
22944
22952
22951
23252
22947
22968
22965
22969
22963
22966
22964
22962
22927
22924
22958
22960
22959
22956
22955
22967
22949
22948
22945
22938
22937
22939
22919
22953
22918
22917
22902
22910
22912
22922
22909
22911
22908
22749
22903
22904
22905
22748
22740
22894
22901
22899
22896
22892
22897
22876
22885
22883
22884
22886
22882
22880
22887
22930
22934
22931
22877
22929
22867
22868
22866
22047
22694
22698
22862
22863
22869
22872
22870
22871
22707
22708
22734
22735
22736
22730
22729
22728
22714
22733
22731
22737
22713
22715
22716
22732
22712
22702
22700
22687
22688
22699
22705
22685
22686
22689
22692
22696
22704
22703
22690
22691
22693
22701
22706
22697
22695
22046
22045
22864
22878
22865
22874
22881
22873
22891
22875
22893
22739
22738
22747
22895
22900
22898
22889
22890
22888
22946
22954
22926
22921
22920
22923
22925
22961
22957
22950
22935
22936
22933
22932
22879
22051
22039
22041
22050
22044
22049
22048
22043
22040
22038
22036
22023
22024
22027
22033
22025
22026
21974
21973
21960
21975
21961
21968
21984
21967
21970
21969
22199
21982
7477
7440
7451
7441
7468
7453
28479
28480
28468
28485
23486
23487
23488
7648
7722
7638
7644
7639
28462
28472
7476
7725
7469
7470
35311
35313
35315
35317
35319
35318
35316
35314
35312
7484
7485
24759
24760
34291
35306
35308
35309
35307
35305
33455
35310
24362
20572
20573
20690
20693
20706
20708
20703
20707
20704
20710
20702
20697
20699
20700
20701
20694
20691
20695
20659
20665
20663
20664
20667
20716
34400
20705
34399
34398
20675
20715
20721
20734
20736
20737
21005
21006
21004
20744
20741
20743
21022
21023
20746
21291
21301
21302
21297
21295
20878
21294
20874
20870
20875
20877
21290
20739
20740
20727
20728
20725
20738
20729
20730
20731
20732
20853
20860
20854
20862
20861
20879
21292
20876
20745
20742
20713
20711
20712
21003
20735
20723
20722
34252
20726
20661
20662
20660
20672
20714
20653
20654
20666
20709
20692
20689
20627
16218
21583
16219
21547
21584
21586
21585
21545
21546
21542
21544
34751
34752
21520
21538
21534
21529
21533
21536
21535
21537
21582
21531
21530
21461
21464
21463
21465
21525
21528
21526
21527
19218
21513
21511
21509
21508
21510
19943
19942
19930
21507
21512
19217
21541
21543
21523
21532
21519
21539
21568
21540
15047
17663
19574
19641
19690
19691
19694
19704
19703
19707
19851
19850
19862
19864
19876
19878
19879
19882
19918
19917
19920
34754
19884
19919
19881
19883
19221
19222
19880
19921
19924
19925
19926
19934
19877
19873
19868
19874
19871
19916
19872
19823
19831
19827
19832
19932
21505
21506
21462
21504
21460
19933
19843
19928
19929
19931
19841
19842
19825
19830
19838
19839
19840
19846
19848
21454
21455
21453
21451
21458
21459
21457
21456
21442
21446
21448
21447
21449
19844
19835
19833
19819
19820
19816
19818
19817
19822
19777
19821
19811
19810
19773
19771
19769
19775
19768
19770
19778
19780
19779
19786
19776
19781
19762
19764
19763
19853
19852
19856
19855
19849
19706
19705
19637
19639
19759
19760
19767
19638
19636
19635
19761
19758
19765
19756
19757
34510
19766
19774
19782
19783
34261
19813
19836
19814
19815
19808
21450
21452
19847
19845
19834
19837
19828
19829
19826
19824
19784
19785
19854
19869
19870
19875
19863
19865
19866
19867
19885
19887
19888
19901
19900
19886
19889
19724
19723
19861
19860
19857
19858
34512
19859
19620
19619
19689
19587
19616
19613
19614
19579
19583
19578
19577
19568
19567
19569
19566
19124
19123
19555
19556
19564
19561
19565
19560
19580
19612
19595
19600
19596
19601
19621
19622
19618
19628
19634
19632
19633
19630
19629
19631
19623
19624
19754
34260
19611
19735
19755
19615
19610
19594
19554
19562
19563
19598
34259
19593
19551
19553
19576
19575
19602
19584
19585
19586
19617
17662
19581
19582
17661
19145
19199
19144
19570
19571
19573
19572
19142
19141
19140
19139
19131
19130
19133
19132
19191
19190
19189
19192
19187
19128
19188
19129
19161
19162
19193
19194
19195
19196
19197
19185
19184
19176
19177
19179
19178
19183
35467
19182
35407
19146
19198
19147
19136
19135
19137
19134
19143
15048
19640
19642
19653
19644
19643
19660
19661
19698
19700
19699
19702
19701
19709
19712
19713
20009
35076
20011
20010
19715
19725
19727
19890
19891
19895
34262
19893
19892
19894
19896
19898
19904
19905
19911
19912
19953
19957
19964
19966
21555
21557
21558
35165
20185
20186
20188
21872
21881
21880
21873
21874
21884
21885
21886
21578
21574
21577
21580
21576
21573
21570
21571
21569
21567
21564
21562
21565
21563
21560
21559
21551
21524
21550
21548
21549
19963
19958
19950
19959
19946
19947
19945
21515
21518
21517
21514
21516
19944
21522
21521
21561
21566
21556
20190
20184
20174
20170
20171
20126
20169
35470
19955
20120
20121
20172
20181
21575
34119
21572
21552
20187
21553
19965
19962
19961
19954
19960
19956
19952
19915
19949
19913
19910
19914
19908
19907
19909
19899
19720
19718
19719
19722
34511
19721
19726
19714
19711
20007
20008
34513
19983
19984
20012
20013
19982
19971
19972
19973
19974
19975
19977
19978
19976
19401
19398
19400
19402
19396
19399
19397
19394
19392
19393
35390
35389
19391
19390
19370
19358
19359
19361
19360
19362
19369
19365
19364
19363
19388
19389
19214
19219
19213
34258
19226
19223
19224
19225
19230
19677
19675
19967
19395
19232
19231
19228
19664
19665
19666
19667
19674
19687
19688
19686
19672
19683
19673
19680
19682
19670
19668
19650
19649
19651
19652
19654
19647
19645
19646
19208
19205
19207
19204
19209
19216
19215
19203
19201
19202
19206
19200
19648
19658
19681
19659
19655
19669
19671
19663
19662
19685
19229
19676
19220
19211
19186
19210
19227
19969
19970
34969
19968
19679
19979
19678
19710
19155
34753
19156
20014
19157
19165
34263
19684
19708
19692
19695
19696
19697
19693
34972
19657
19656
15550
20124
20125
20127
20173
20189
20194
19625
19922
19938
19923
19937
19951
19948
19927
19935
19936
19940
19939
19941
19591
34515
19599
19609
19592
19121
19119
19120
19384
19122
15704
15708
15705
16090
16087
19804
19807
21440
21441
21439
19809
19806
21443
21444
14217
16128
16129
16278
16281
19739
19738
19787
19789
19803
21430
21433
19801
19805
21435
21436
21437
21438
35466
21431
21432
16720
21434
16718
16716
16713
16709
16712
16695
16696
16698
16699
16700
16697
16714
16715
16304
16305
16318
16325
16717
16326
16327
16321
16322
16323
16324
16328
19797
19798
16719
16320
34178
16319
16316
16314
16317
16315
16312
16313
16295
16293
16294
34065
16292
16282
16277
16279
16275
16276
16274
16126
16273
16310
16309
16300
16308
16263
16264
16297
16298
16299
34067
16307
16311
34066
16302
16303
35473
16329
19791
19794
19793
19742
19753
19741
19744
19737
19736
19734
19743
19732
19733
19603
19605
19604
19606
19731
19607
19608
16119
16102
16118
19588
19590
19559
19589
19558
19557
16101
16100
16099
16098
16097
16084
16082
16093
16079
16080
16081
16083
16096
16094
16095
16117
16115
16116
16120
16121
16123
16122
16113
16114
16105
16091
16092
19740
19802
19799
19800
19790
19788
16260
16259
16291
19729
19730
34069
16280
16127
14218
19745
19747
19750
19751
19772
19792
19752
19749
19748
19746
15663
15664
15716
15719
15722
16088
15718
15715
15714
15697
15696
15698
15713
15712
15711
15720
15721
15717
15699
21024
21025
34314
21316
21317
25853
25850
25852
25860
25865
25855
25861
25870
25882
25884
25885
25893
25938
25941
25947
25959
26001
26004
26006
26010
26012
26011
26009
26013
26058
26060
26062
25979
25969
25978
25974
25973
25952
25963
25957
25958
25968
25975
25970
25961
25960
25972
25956
25965
25966
25964
26057
25967
25962
26005
26007
25986
26008
25987
26015
26002
26003
25946
25945
25940
25942
25944
25953
25954
25955
25951
25950
25949
25948
25936
21403
25930
25932
25934
25933
25881
25928
25929
21399
21366
25877
25878
25880
25888
25889
25890
25887
25868
21359
25863
25871
25866
25867
25864
21345
21349
21360
25876
21361
21344
21348
21351
21354
21374
21402
21393
21405
21397
25971
21420
21421
21423
21396
21379
21378
21376
21373
21398
21364
21352
21353
21363
21350
21346
21334
21357
21355
21332
21330
21331
21333
21362
21365
25879
25931
21400
21401
21404
21422
25980
25943
25937
25935
25915
25913
25981
25983
25982
34152
25984
25909
25906
25873
25846
25847
25845
25856
25858
25859
25854
25939
25892
25886
25891
25883
25874
25875
25872
25869
25857
25862
25851
25849
21358
25848
21356
21035
21315
25843
21328
21343
