4058
215238
222398
224615
222401
215239
222480
222479
222483
222484
222485
222486
222488
222529
222530
222539
222531
222540
222502
222504
222553
222554
222541
222555
222526
222521
222523
222524
224337
224338
222517
222509
222498
222496
222495
222499
222490
222493
222492
224339
222475
222474
224509
224336
224335
222470
217991
222472
217990
219988
222465
222466
222463
222462
222478
222464
222467
222473
222476
222477
222497
222520
222519
222518
222552
222522
222503
222501
222532
222500
222491
222489
222487
222494
222482
222481
218537
218536
222402
222391
222404
222400
222397
222399
222394
222392
222381
219889
222356
222373
222379
222378
224731
222376
222377
222375
222414
222413
222372
222338
222339
222351
222347
222344
222345
222346
222352
222358
222353
222360
222350
222354
219869
219870
219863
219865
219851
219850
219875
219874
219884
222384
222386
222396
222388
222382
222383
219891
219887
219890
219895
219896
224869
224868
219897
219893
219879
219881
219880
219886
219878
219830
219808
219809
219823
219824
219877
219882
219812
219813
219821
219978
219822
219894
219984
219814
219829
224790
224788
224789
224787
224786
224785
224780
224767
224777
224766
219815
219892
219888
219885
219876
219873
219819
219842
219843
219818
219817
219847
219861
219848
219866
219840
219858
219849
224510
219846
219816
219801
215662
219799
219800
219811
219796
219797
219810
219820
219845
219844
219864
219862
219868
219867
219860
218472
219857
219859
218471
222343
222371
222357
222359
222349
222355
219872
219871
219883
222385
222374
222380
222393
222395
222390
222389
141454
142464
147305
142912
142911
142990
151850
141455
141720
151849
151851
151855
147308
151856
147309
147195
147199
151380
147306
147307
147310
147175
147211
219806
224866
219807
219836
219835
219854
222340
222341
224867
222348
224822
222282
222297
222363
222364
222365
222366
222405
222367
222368
222361
222362
224968
224801
224802
222318
222329
222319
222327
222325
222315
222316
222295
222317
222296
222281
222298
222321
219856
219855
224121
219837
219852
219853
219839
222328
215675
215678
223660
223666
223707
223708
223716
223742
223743
215719
223717
223718
223971
223712
223721
223873
223874
223880
223895
223894
223892
223940
223937
223941
223947
223946
223945
223938
223918
223921
223931
223928
223927
223929
223926
223910
223909
223916
223917
223887
223935
223888
223915
223859
223858
223857
223856
223852
223851
223834
223833
223703
223831
223860
223861
224425
224426
223862
223868
223884
223840
223838
223837
223869
223867
223870
223886
223865
223863
223864
223871
223714
223715
224857
223832
223713
223710
223701
223699
223698
223704
223705
223709
223683
223682
223680
223695
223651
223647
223676
223677
223652
223653
223648
223643
224476
223637
223636
223644
223658
223629
223649
223650
223662
223664
223659
223635
223634
223633
223646
223641
223681
223679
223678
223706
223839
223853
223855
223854
223866
223908
223930
223920
223919
223932
223944
223936
223943
223893
223885
223881
223883
223876
223877
223878
223973
223875
223879
223722
223723
223724
224026
223872
215718
215720
215721
215714
215715
215716
215717
215683
215680
215679
215681
215682
215713
215712
215677
223711
223702
223665
223663
223655
223631
223654
215676
223514
223630
223656
223657
223900
223950
223955
223958
223968
223969
223993
223961
223959
223960
223957
223966
223967
223963
223964
223952
223953
223951
223948
223942
223933
223962
223956
223954
223965
223949
223904
215402
224148
224152
217256
215553
217161
217160
224424
217260
217259
224427
224783
224784
215593
215466
217150
217356
224292
215534
217151
224141
217294
217295
224383
217338
222533
217337
224386
216841
224385
224730
217296
215959
217297
217284
217283
217282
217288
217289
217290
217292
217287
217281
217286
217278
217275
217274
215911
215917
215913
215918
215916
215921
215920
215915
215895
215892
215890
215889
215893
215904
215881
215902
215901
215905
215879
215898
215877
215878
215873
215876
215880
215887
215793
215798
215796
215795
217146
215742
215792
217279
215794
215708
215744
215709
215704
215692
215743
215797
215791
215870
215872
215874
215875
215871
215888
215914
215912
215903
215910
215919
215922
215957
217291
217285
217305
216840
217293
217280
215467
215529
215491
215503
215530
215535
215574
215403
217304
217310
224154
224950
215404
217512
217513
217532
217537
217543
217620
217621
217618
217616
217619
224365
224967
224366
217627
217628
217642
217643
217624
217625
217626
217659
224158
224843
220851
220850
217546
217545
217575
217576
217578
217542
217571
217535
217517
217534
217544
217653
220991
217548
217623
224289
217547
217538
217637
217639
217650
224393
217641
217640
217638
224159
217622
217615
217636
218893
224504
218894
219077
217635
217634
224394
217633
224838
224840
224839
217632
217613
217617
221803
217609
217606
217607
217608
217531
217530
217529
217610
217527
217528
217521
217520
217522
217519
217475
217518
217498
217497
217499
217460
217456
217473
217472
217469
217477
217487
224153
217466
217464
217463
217461
217462
217465
217450
217446
217449
217448
217444
217443
217267
217268
217445
217478
217479
217488
217486
217485
217490
224002
217491
217483
217489
217470
217468
217467
217451
217452
217270
217272
217492
217378
217382
217379
217380
217383
217384
217495
217496
217502
217385
217504
217508
217510
217509
217393
217395
222563
220520
224016
217391
217387
224157
217412
217414
217417
217421
217422
217390
217423
217424
217505
217549
217555
217507
217559
217560
215504
217570
216008
216007
217553
217554
217552
217551
217550
217413
217389
217388
217399
217341
217309
217373
217396
217344
217345
217368
217367
224743
217371
217370
217369
217372
217366
217386
224490
217363
217365
217361
217362
217360
217358
217357
217375
217374
217271
217359
217394
217392
217381
217364
217377
217376
217269
217453
217454
217457
217458
217459
224156
217455
217493
217494
217480
217525
217474
217501
217500
224836
217503
217526
217481
217611
217612
217614
217541
217540
217536
217524
217523
217603
217604
217264
217539
217533
217265
217515
217514
217516
217511
217506
215405
215371
215372
224384
215375
217442
223031
223131
223032
217266
224294
224797
217263
224879
224880
217252
217251
217253
217247
217246
217248
217249
217250
224740
217242
217261
217241
217438
217439
217440
217237
217236
224000
224496
224497
223998
223999
217233
217225
217226
217231
217224
217173
217172
217484
223990
223988
223992
223995
223996
224001
217235
223997
223991
223989
223987
223901
223986
224428
224855
224854
224856
223984
224015
224436
217170
217169
223980
223979
223976
223977
223978
223981
223982
223903
223898
223899
223902
223882
217158
223974
224437
217159
215723
215724
217162
217164
217163
217177
217178
217168
217182
217203
217205
217214
217208
217209
217212
217213
217215
217206
217207
217222
217223
217254
217255
217220
217221
217273
217201
217218
217219
217198
217199
217200
217202
217195
224550
215768
217192
217180
217193
217190
217189
217184
217183
217179
217188
215771
215760
215769
215759
215756
215757
215737
215745
215749
215739
215738
215750
215755
215730
215736
215748
215746
215747
215753
215754
215735
215722
215733
215734
215729
215698
215699
215701
215700
215703
215707
215740
215741
215763
215764
215900
215908
215909
215907
215906
215899
215766
215710
215765
215711
215706
215761
215770
215767
215762
217194
217197
217196
217191
217185
217211
217210
217244
217243
217175
217229
217230
215594
217204
217228
217167
217176
217181
217166
217157
215758
217165
215752
217154
217153
223889
223891
224261
223975
217155
217156
223983
223890
223896
223897
217171
217174
217227
223994
217232
217239
217240
215595
217245
217216
217217
217262
217441
217234
217476
217471
215631
215638
221923
215455
215658
215456
215639
222266
215630
215632
215633
215648
215653
215782
215818
215817
221829
215812
215816
215786
215787
215659
215660
215811
215835
215808
215842
218141
215806
215805
215813
215923
224601
215885
215844
215846
224155
215926
215932
215933
215941
215948
215943
224505
215942
215954
215955
215960
215962
215963
217298
217299
217300
217302
217307
217303
217308
217397
217398
224729
217406
217407
217404
217408
217409
217418
217419
217420
217431
217435
217436
217562
217437
217568
217597
217978
217567
217586
217592
217591
217595
217861
217846
217865
217849
217599
217598
217862
217866
217867
217605
217918
224803
217922
224958
217666
217923
217938
224966
217939
222596
217974
222567
222568
217940
217941
217847
217848
217924
217942
217943
217944
217945
217946
217654
217668
217600
217667
217601
217402
218718
216480
216481
217663
217657
217664
217665
217671
217672
217670
217649
217674
217676
220354
217675
224741
220355
217651
217652
217646
217645
217644
217630
217629
217631
217648
224396
217660
217661
217647
217662
217658
217589
217596
217584
217656
217580
217583
217581
217573
217577
217572
217574
217587
217558
217400
217579
217588
217593
217401
217602
217594
217585
217566
217565
217556
217557
217564
217561
217569
217563
217434
217433
217776
217777
217432
216845
216844
217403
217306
215952
217301
217316
217317
217326
217327
217328
217340
217339
217346
217348
217349
217347
217334
217313
217315
217319
217318
217320
217324
217314
217312
217311
215961
215958
215956
215953
215938
215937
224165
215891
215882
215637
215636
215626
215622
215625
215772
215691
215690
215689
215570
215687
215564
215686
215562
215560
215559
215558
215554
215555
215556
215557
215536
215537
216556
215538
216640
215539
215493
215541
215547
215543
215549
215563
215550
215566
215567
215552
215618
215551
215609
215608
215611
215616
215613
215612
215511
215510
215512
215513
215610
215607
215546
215545
215544
215542
215492
215494
215505
215540
215548
215565
215561
215568
215569
215621
215688
215623
215620
215619
215624
215627
215774
215776
215778
215779
215803
215785
215784
215777
215781
215775
215773
215578
215634
215617
215629
215614
215615
215801
215936
215886
224959
215934
215935
215894
215939
215944
215940
215930
215852
215851
215849
215850
215843
215931
215929
215845
215802
215804
215841
215807
215788
215783
215657
224168
215635
215628
215780
215400
215497
215571
215572
215408
215573
215575
224135
215577
215584
215586
215585
215583
215589
215590
215591
215588
215509
215587
215508
215506
215507
215499
215582
215581
215580
215576
215500
215406
215407
224138
215498
215496
215401
215579
224149
215949
215951
215825
215826
215824
215838
216491
216490
216680
216689
216690
215434
216446
216458
216464
216638
216465
216639
216641
216649
216651
216648
216650
216711
216655
216709
216713
216730
216727
216729
224965
216728
217683
215968
215969
215967
215964
215965
215966
215947
215868
215867
215865
215853
215859
215862
215864
215860
215834
215833
215832
215821
215829
215831
216459
215861
216637
215823
216635
224181
224183
224186
224185
224526
224606
224703
224184
224187
224707
215670
215666
215667
215819
224182
215822
215820
215828
215854
215830
215856
215866
215950
216731
216732
216733
216724
224478
224479
224747
216723
216722
216721
224627
216715
216719
216717
216718
216745
216751
216752
216746
216747
216749
216750
216761
224192
216748
224190
224191
216699
216705
216706
216756
216760
216764
216783
216782
216786
216772
216773
216757
216682
216681
216675
216678
216679
216684
216696
216697
216742
216695
216694
224842
216645
216693
216643
216659
216660
216661
216662
216669
216671
216716
216668
216657
216658
216667
216664
216654
216652
216653
224374
216663
216656
216644
216676
216677
224872
216673
216674
224792
224793
224791
216483
216482
216487
216473
216471
216450
216470
216472
224172
224174
224175
224173
216447
216456
216455
216453
216454
216449
216467
216466
216488
216489
216685
216683
216763
216755
216698
216743
216739
216740
216744
216672
216670
216714
216720
216710
216712
215946
216647
215869
216666
216646
216642
216462
216636
216665
215863
216461
216463
216460
216457
216452
216443
216451
216444
224814
224813
216445
224178
224179
215446
224180
215435
224370
215945
224167
224166
216762
216779
216781
216787
216788
147078
217680
217681
224227
224228
223013
224210
224207
224211
224206
224208
224209
224202
224205
224196
224212
224195
224213
224194
224231
224230
224232
224218
224216
224219
224229
224146
224144
224221
224224
224220
224222
224217
224223
224215
224147
224214
222586
222587
224145
224233
224142
224143
217677
217679
217678
217669
217655
224204
222591
222570
222571
222572
224742
224203
222569
222590
223581
224197
217673
224200
224201
224199
224198
223012
224226
224225
216448
217894
215448
216000
215599
216382
224527
215668
215669
216383
224176
216384
216389
216401
216402
216405
216406
216408
216407
216404
216403
216397
216409
216426
216428
224823
224824
216427
216431
216469
220899
216474
216468
216432
224831
224832
224833
216439
216492
216478
216479
216517
216515
216512
216506
216505
216509
216516
216514
224169
215993
224170
216437
216436
216438
216441
216442
216435
215992
216044
216045
216413
216417
216419
216433
216396
216412
216416
224171
216415
216414
216395
216394
216392
216391
216390
216380
216379
224371
224372
216005
216001
216004
216003
216002
216006
216047
216048
216513
216475
216476
216477
216440
216434
216429
216425
216398
216393
216388
216387
216378
216399
216400
215598
215460
215999
215998
215447
215454
215459
224161
215461
215452
215453
215462
215604
224164
215601
215600
215605
215606
215646
215663
215651
215656
215650
215647
215649
224702
224706
224704
215642
224705
215603
224163
215640
215643
215641
215644
215645
215652
215602
215596
215193
217141
217113
215188
217682
216914
216925
216926
216927
216929
217754
217822
217824
217827
217840
217839
217842
217841
217830
217832
216901
216900
217831
224235
217829
217836
217834
217826
217835
217833
216924
224236
216920
216921
217696
222305
217695
217694
216898
216885
216894
216892
216893
216835
216904
216903
216907
216906
224241
224240
216902
216870
216818
216830
216828
216827
216831
216825
216806
216812
216809
216810
216811
216814
216808
216798
216794
216796
216795
216792
216801
216804
216819
216823
216882
216824
216822
216884
216888
216881
216889
216897
216887
216759
216886
216708
216758
224596
219697
216704
216703
216700
216686
216688
216691
216687
216800
216802
216701
216790
216791
216504
216596
216597
219259
216595
216584
216598
216582
216581
216524
216525
216538
216537
216531
216535
216534
216561
216567
216560
216541
216540
216543
216545
216544
216546
216547
216563
216565
216568
216570
216587
216592
216606
216609
216611
216624
216634
216853
224380
216864
216865
216874
216876
217073
217076
217079
217091
217092
217100
217101
217106
217110
217115
217127
217124
217129
224392
217125
217130
217122
217131
217136
217142
217143
217972
217973
217819
217821
217816
217817
217818
217144
217145
217139
221597
217133
217132
217123
217137
217120
217134
217119
217116
217099
217096
217097
217118
217582
217094
217093
216911
216910
216880
216915
216917
217117
217121
217128
217126
215192
217109
217107
217111
217103
217108
217104
217087
217083
217082
217084
217080
217077
216990
216989
216987
216985
216982
216983
216986
216980
216979
216976
216977
216973
216972
216971
216970
216620
216628
216629
216626
216632
216854
216843
216856
216861
216631
216627
216608
216617
216618
216614
216613
216576
216574
216573
216577
216575
216578
216559
216945
216947
216943
216558
216555
216551
216550
216552
216554
216553
216557
216572
216579
216615
224188
216607
216619
216621
216616
216580
216969
216948
216974
216975
216981
216978
216984
216988
217081
217105
217102
217088
217086
217098
217095
217090
217085
217089
217078
217075
217074
216630
224597
216879
216855
216875
216872
216873
224732
216877
216909
216912
216908
219841
216878
216866
216850
216867
216849
217152
217067
224238
216816
216817
216834
216837
216605
216604
224507
216602
216603
216600
216599
216589
216590
216591
216623
224237
216588
216594
216601
216836
216842
216847
224239
216839
216905
216846
216848
216851
216859
216852
216863
216862
216860
216858
216857
216838
216633
216625
216622
216612
216610
216593
216586
216585
216571
216569
216566
216562
216564
216549
216548
216072
216073
216080
216077
216086
216076
216079
216059
216078
216052
216057
216056
216063
216062
216066
216065
216069
216068
216051
216075
216074
216064
216067
216071
216539
216070
216519
216518
216530
216520
216542
216533
216532
216529
216536
216526
216583
216498
216497
216495
216493
216496
216494
216486
216484
216485
216499
216500
216501
216502
216503
216692
216702
216707
224189
216821
216820
216803
216799
216797
216789
216793
216805
216807
216813
216826
216815
216869
216868
216871
216829
216833
216832
216891
216890
216883
216899
216896
216895
216919
217825
217823
217820
216923
217140
217135
217138
216928
217828
216918
216922
216916
216913
215189
215187
215186
217329
217332
217331
217330
217335
217336
217352
217722
217753
217756
217761
217762
217780
217781
224949
217778
217428
217843
217785
217786
217845
217863
217868
217919
217920
217929
217936
217937
224395
217948
217949
217951
217952
217950
217968
217964
217966
217962
217958
217965
217933
217957
217932
217928
217963
217961
217935
217947
217953
217975
217934
217927
217925
217864
217873
217879
217880
217930
217931
217885
217954
217955
217956
217967
224429
217914
217960
217971
224837
224177
224331
217921
223661
217752
217749
217750
217800
217803
224755
217802
217804
217799
217812
221576
223395
217917
217805
217808
217813
217814
215191
217889
217900
221537
224140
223164
224066
224063
222609
217913
217912
217959
217911
217902
217909
217907
217905
217906
217903
217904
224234
217892
217859
217857
217860
217858
217853
217871
217872
217881
217875
217854
217851
217784
217783
217788
217811
217890
217887
217895
217897
217896
217886
217807
217810
217806
217770
217769
217794
217795
217791
217792
217793
217744
217746
217747
217727
217726
217725
217702
217703
217704
217724
217701
217719
217718
217728
217730
217729
217764
217766
217772
224391
217759
217757
217715
217714
217716
217717
217712
217691
217690
217685
217686
216726
217684
216725
217325
224506
217323
224457
224458
217322
217687
217692
217693
224477
217699
217713
217700
217723
217768
217745
217790
224589
217765
217767
217774
217773
217775
217771
217855
217856
217852
217789
217893
217899
217908
217876
217877
222560
221926
217910
222629
222990
217898
217891
217888
217815
217809
217797
217796
217798
217801
217748
217916
217751
215190
217901
224483
217970
217915
217882
217926
217884
217870
217878
217874
217869
217850
217787
217782
217426
217425
217427
217763
217779
217760
217758
217755
217411
217410
217711
217353
217354
217355
217405
217351
217708
217709
217710
217333
217321
217969
216734
216737
216741
217697
217698
217706
217731
217733
217735
217743
217742
217738
217740
217741
217739
216784
216780
216778
216770
216771
216768
216775
224193
216766
216767
216753
216754
216769
216777
217737
217736
217734
217732
217707
216785
217705
216776
216774
216738
216765
216735
216736
139854
139853
139842
139841
147034
139816
139815
139814
139813
139800
139799
151615
150408
150407
151853
150818
150817
150820
151616
147075
147076
147079
147194
151852
147077
147074
147183
147184
147189
147190
151989
151957
151958
151990
151991
151992
151993
151995
151994
151996
152001
152000
151998
151997
151988
151972
151973
151999
152004
152002
147212
147213
152003
151675
151721
147210
147205
147207
147208
151987
147204
147203
147180
147163
147200
147164
151959
147160
147161
147169
147176
147178
147182
147249
147247
147181
147209
147179
147177
147168
147172
147171
140374
147170
147165
147151
147150
147152
147154
151954
151955
151956
147156
147155
147159
147128
147123
147146
147145
147135
147094
147132
147136
147166
147091
147081
147084
147082
147092
147095
147086
147097
147088
147118
147119
147116
147103
147121
147102
147048
147100
147026
147027
147024
147023
147012
147009
147020
150474
150473
150472
150471
147005
147007
147010
147014
147013
147011
147015
147018
147006
147008
147019
147016
147028
147087
147101
147104
147085
147083
147022
147021
147080
147096
147093
147098
147120
147117
147147
147148
147149
140373
147221
147167
147158
147162
147206
151912
147202
147201
151722
151674
151913
151951
147157
151952
151953
147197
147198
147196
147193
147192
147191
147188
147187
147186
147113
147114
147108
147125
147127
147129
147153
147126
151741
147122
147124
147099
151738
151736
151737
147051
147052
147046
147045
147044
147047
147055
147056
147058
147063
147109
147065
147111
147070
147071
147073
147068
147061
147066
147054
147053
147060
147059
147064
147062
147037
147036
147042
147041
147039
147038
147040
147033
147049
147105
147025
147017
147029
147032
147030
147031
147035
147050
147043
147106
147107
147057
147110
151735
147112
147115
147072
147185
147069
147067
215527
222536
222537
222545
216287
216283
217590
216294
222417
224260
224827
224258
216317
224712
217238
224387
216363
216374
216508
216315
216338
216339
216343
216344
216357
216362
223608
223914
216319
223794
224595
221731
221732
216320
223830
216355
216353
216335
216341
216334
216336
216311
216312
224021
216310
216306
216307
216305
216326
216328
216332
216333
216350
217025
217027
216352
217023
217031
217024
217029
217032
217030
216996
217033
217034
217049
217050
217051
224594
217047
217048
217053
217052
217055
217057
217065
217056
217008
217013
217014
218000
217147
217149
217015
224022
217012
217021
217022
217019
217017
217016
217112
217006
217007
216999
217000
216995
216998
217004
216993
216992
216991
216966
216965
216959
216960
216955
216953
216956
222387
216954
216347
216330
216346
216271
216325
216204
216302
216299
216300
216285
216280
216281
216200
216198
216187
216186
216276
216185
216180
216178
216176
216102
216101
222459
222457
222452
222456
222564
222453
222454
222450
222448
222441
222449
222442
224724
222440
222447
222446
222455
222435
222434
222424
222422
222433
222432
222429
222416
222428
222427
222430
216113
222431
216091
216090
216115
216143
216145
216152
216153
216154
216210
216216
216217
216219
216243
216248
216249
216255
216938
216940
216942
216957
216951
216936
216254
216251
216273
216272
216265
216264
216263
216268
216270
216267
216266
216203
216201
216195
216193
216190
216188
216196
216191
216256
216223
216226
216235
216234
216232
216231
216221
216220
216157
216150
216158
216151
216149
216156
216148
216130
216131
216169
216162
216168
216167
216172
216181
216182
216165
216174
216175
216163
216166
216160
216128
216100
216098
216097
216129
216092
217114
216132
216189
224951
216192
216259
216261
216171
216173
216170
216194
216197
216202
216258
216260
216262
216257
216227
216236
216239
216250
216233
216228
216244
216222
216212
216208
216206
216207
216055
216058
216050
216049
216038
216053
216042
216039
216040
216135
216139
216137
216141
216134
216126
216125
216123
216124
216120
216119
215671
215672
216018
216034
216019
216033
216015
216032
216031
216030
216029
216023
216022
216027
216028
216020
216010
216021
216009
216089
222336
222333
222335
222334
222331
222330
222332
220161
220160
222411
222410
222415
222407
222369
222370
222406
222409
222408
222418
222419
222443
221318
221319
217976
217979
217982
217981
217983
222436
217977
216012
216026
216014
216013
216016
216017
216011
216112
216111
216108
216133
216118
216035
216054
216043
216041
216140
216211
216209
216155
216147
216142
216138
216146
216144
216136
216127
216114
217072
216094
216110
216109
222426
216095
222425
222412
216093
216096
222421
222420
216099
222423
216159
222444
222438
222437
222439
222451
216161
216164
222458
222460
222546
222461
216177
216103
216104
216278
216179
216184
216199
216279
216277
216297
216298
216205
216183
216269
216274
216952
216961
216964
216958
216967
216997
217005
217018
217020
217010
217011
217009
217044
217064
217061
217060
217063
217062
217058
217059
217036
217043
217066
217069
217070
217071
217068
217039
217037
224018
217003
217054
217002
217038
217042
217040
217041
217001
216994
216968
216963
216962
224508
217028
217035
216351
216348
216329
216303
216304
216301
216327
216331
216349
218245
216358
216359
216361
216360
224408
216354
216345
216356
216375
216376
216342
216340
216365
216366
216370
216377
217984
218001
217045
217985
224023
216372
217980
216367
216371
216373
217026
216324
216369
216368
216337
216316
216321
216313
216322
216323
216364
216314
216507
224373
216107
216308
216309
224020
216106
222551
222543
222550
222544
222548
216290
216289
216293
216291
216296
222535
222534
215597
216292
216105
224019
216295
216286
216284
216282
216275
216288
220450
220449
222538
222547
215592
215528
216214
216218
216245
216937
216941
222528
222527
216083
216087
216088
216932
216944
216949
216935
216946
216934
216950
216931
216242
216930
216085
216084
216213
216240
216241
216247
216933
216939
216246
216215
140305
140306
140307
140324
151086
140325
151202
151200
151201
150975
151199
150962
150963
151198
150914
151196
151197
151194
151195
150477
150476
150475
150453
150466
150465
150467
150900
150898
150901
150910
150911
150912
150958
150960
150970
150973
151122
150972
151121
150971
151123
151117
151120
151115
151118
151119
151125
151126
150932
149219
149220
151098
151094
150954
151095
150955
150953
150934
150952
150965
150956
150957
150907
150904
150894
150895
150461
150459
150435
150454
150457
150458
150439
150451
150462
150441
150443
150442
150450
150449
150446
150444
150440
151677
150445
150448
150470
150438
150436
150434
150437
150433
150426
150421
150425
150431
150432
150874
150873
150892
150891
150893
150889
150890
150878
150887
150884
150885
150872
150427
150869
150870
150865
150417
150418
150864
150863
150866
150877
150879
150875
150876
150921
150928
150929
150883
151862
151739
151740
150935
150924
150917
150925
150918
150923
150943
150922
150920
150821
150919
150822
150829
151854
150824
150830
150834
150881
150833
150819
151845
151618
151617
150825
150412
150414
150413
150827
150828
150823
150832
151823
150841
150916
150882
150831
150862
150416
150415
150409
150410
150411
150868
150422
150424
150420
150423
150871
150880
150867
150888
150886
150429
150428
150419
150430
150455
150460
150897
150906
150926
150938
150927
150947
150964
150937
150933
150936
150930
150949
151097
151096
151116
143863
143862
143865
143878
143880
143884
150966
143861
143864
150967
143877
150969
143879
143883
150968
150959
150905
150896
150899
150456
150464
150463
150452
150447
147089
147090
147133
147134
151910
149328
147220
147143
147219
147142
147217
147216
140376
147139
147140
140329
140328
147144
147141
147131
150468
147138
147130
150903
150902
147215
147137
150915
150913
147214
150961
147218
150974
140375
151124
150946
151113
151127
150931
150842
150845
150847
151619
150939
151473
151305
151008
150948
151012
151083
151088
151104
151112
151110
151111
151114
150909
151103
151101
151099
150951
150950
150908
151109
151105
151146
151153
151155
151093
151087
151102
151100
151092
151091
151089
151085
151084
151013
151011
151980
150944
150945
150857
150860
150858
150856
150942
151090
150940
150941
150861
150846
150844
150843
215883
223617
223618
223622
223763
223767
223758
223768
223769
223784
223788
224013
224014
223786
223783
223793
223849
223905
223907
223906
223807
223809
223912
223913
223924
223922
223923
223925
223972
224835
224834
223911
223826
223822
223821
223024
223023
223970
223820
223818
224772
223816
223817
223804
223815
223801
223803
223802
223810
223811
223799
223797
223796
223770
223759
223771
224361
223772
223773
223777
223778
223800
223805
223790
223776
223774
223775
223780
223781
223757
223754
223616
223753
223755
223762
223760
223761
223614
223615
223751
223587
223589
223586
223588
223745
223748
223750
223744
223585
223583
223597
223598
223612
223599
223600
224890
223601
223596
223592
223593
223609
223610
223673
223671
223672
223675
223668
223670
223667
223604
223640
223669
223638
224025
223639
223645
223642
223576
223575
223574
223573
223572
223566
223567
223386
223554
223557
223556
223558
223555
223626
223625
223627
223628
223385
223383
223552
223563
223564
223579
223562
223591
223561
223560
223550
223380
223378
223551
223549
223379
223381
223382
223384
223553
223571
223568
223569
223570
223603
222606
222607
224448
224122
223607
223619
223621
223700
223684
223685
223686
223689
223691
223696
223697
223828
223825
223829
223836
223845
223844
223847
223846
223843
223842
223841
223823
223766
223692
223624
223620
223687
223824
223835
223827
223694
223693
223690
223688
223606
223605
223565
223595
223590
223594
223577
223584
223580
223582
223578
223752
223749
223779
223795
223798
223814
223813
223819
223812
223808
223806
223850
223848
223792
223789
223791
223782
223787
223785
223765
223756
223764
223623
223611
223613
223602
215884
223377
223387
