4005
173960
173974
173973
173972
173971
173964
173965
173966
173967
173968
173969
173970
174791
174792
174793
173961
177813
177814
177817
177818
185981
177816
166528
177815
177810
177811
177835
177836
177837
177812
177946
177947
177948
177852
177853
185302
185303
177953
177954
177955
177956
177965
177964
177986
177987
177988
178024
178025
178023
178026
178061
178062
178058
178074
178075
178183
178182
178189
178187
178188
178186
178190
177748
177747
177745
177746
173200
173116
173121
173199
173119
173120
173115
173171
173172
173191
173193
173192
173170
173049
173051
173055
173062
173056
173058
173059
173060
173061
173057
173052
173054
173053
173050
185991
186171
185992
185993
173063
186050
173073
173090
173190
173084
173188
173189
173186
173187
173194
173141
173153
173154
173155
173144
173195
173196
173693
173709
173705
173706
173707
173710
173711
173198
185424
186049
173682
173683
173685
173687
173686
173684
186091
173688
173714
185434
185436
185437
185435
173519
173552
173560
173561
173551
173553
173554
173555
173556
173557
173558
173559
173548
173547
173677
173698
173699
173701
173700
173680
173694
173695
173148
173149
173697
173135
173157
173133
173132
173134
173137
173158
173550
173136
173138
173107
173549
173110
173139
173131
173113
173108
173078
173079
173101
173099
173111
173546
173544
173543
173542
173530
173529
173528
173525
173526
173533
173531
173527
173515
173536
173537
173514
173032
173044
173043
173517
173328
173039
173038
173037
173035
173036
173018
172995
173019
173020
173021
172994
173048
173022
185412
173023
185407
173024
185411
173025
185410
173026
173094
185409
173095
180035
173096
173102
185408
173103
173104
173105
182755
173093
173029
173030
173031
173014
173091
173100
173092
173045
173015
173016
173027
173028
172987
172986
173017
173040
173516
173047
173046
173538
173539
173540
173532
173098
173097
173003
173004
173005
173002
173001
173114
173077
173109
173106
173112
173000
172997
172999
172998
173142
173150
173151
173013
173130
173128
173085
173086
173087
173012
173145
173146
173147
173696
173678
186094
173679
173702
173156
173545
173534
173541
173535
186093
173681
173692
173143
173152
173140
173129
173180
173178
185425
173179
173703
173708
173704
173181
173182
173183
173184
173185
173197
173083
173074
173075
173076
173089
173064
173065
173066
173009
173010
173088
173011
173008
173006
173007
185414
173067
173071
185413
173072
173082
186149
186150
173081
186151
173080
173070
173068
173069
173117
172978
173118
172977
178185
178184
178175
178176
178181
178180
178177
178179
178178
178172
178167
178166
178168
178163
178164
178171
178165
178169
178162
178170
178069
178073
178068
178030
178031
178034
178086
178001
178110
185529
178173
178174
178070
178076
178071
178072
173126
172975
172976
178021
178032
178033
178018
178002
178003
178016
178004
177961
177962
177951
177949
177950
177957
177958
177959
178005
177960
178019
178020
178022
177989
178029
178052
178055
178056
178054
178053
178049
177985
177991
177992
177993
177971
177970
177972
186073
177973
177974
177975
177976
178048
178050
177731
177730
178047
177729
177728
177727
177726
178043
178045
178035
178036
178037
178046
178042
178041
178040
178039
177979
177820
177834
177968
177981
177984
177982
177983
177969
177802
177803
177804
177805
177801
177789
177833
177832
185525
177828
177829
177831
177830
177827
177859
185524
177860
177877
177876
179910
179915
179916
179913
179912
185293
185297
185294
185296
185295
177866
177864
177863
177862
179896
179897
185298
179806
179805
177867
179804
179803
179801
179802
177795
177796
179800
177779
177780
179799
177774
179784
179798
179783
179796
179797
179795
179794
179808
179807
179902
179904
179906
179917
179921
179923
185291
175000
175001
177870
177871
177872
179929
179926
179927
179928
179925
177873
177825
177826
177824
177822
177823
177821
177868
172917
172916
172941
172940
172943
185405
172944
185406
172939
172938
172936
172937
172959
177732
172960
172958
177734
172957
172961
172964
172965
173123
177737
177738
178066
185527
178065
185526
173122
172966
172967
177739
178063
178064
178067
177741
177742
178059
178060
173127
173124
172974
172973
172972
173125
172971
172970
172969
177740
178027
172968
172951
172952
172963
172953
172950
172962
172933
172949
172929
172927
172948
172930
172926
172947
172946
172945
172956
172931
172955
172980
172979
172991
172992
172989
172988
172990
186154
186155
186153
186152
172981
185283
185276
185277
180032
180033
180028
180024
180026
179997
179995
179994
179996
180001
180000
180027
179999
180006
180007
180002
185278
185280
185279
180031
180003
180004
182295
182294
179989
179968
179893
179844
179845
179846
179850
179852
179851
179861
179949
179976
179975
179977
179969
179970
179978
179979
179990
179980
179948
179947
179964
179962
179963
180022
185281
180021
185282
180019
172993
176627
180020
172581
172983
172579
172538
185284
180018
180017
180016
185286
179973
179974
180012
179954
179957
179956
179936
179935
179953
179960
179961
179952
179950
179944
179943
181782
179945
179868
179946
186185
179869
179870
179871
179894
186148
179858
179859
179860
179855
179854
185556
179821
179820
179872
179819
179873
179865
179817
179818
179825
179909
179822
179824
179823
179814
179810
179786
179785
179813
179751
179750
179738
179647
179739
179646
179644
179640
179639
174754
179635
179636
179638
179637
179633
179634
179631
179632
174753
186156
179613
179641
179643
179642
179612
179614
185982
179615
179617
179616
179618
179752
179828
179830
179834
179837
179833
179832
179840
179816
179742
179744
179745
179746
179747
179787
179839
179790
185555
179789
179831
179607
179835
179610
179734
179735
179733
179732
179731
179730
179728
179628
179629
179630
179627
179626
179726
179754
179827
179620
179621
179622
179623
179624
179625
179609
179608
179769
179770
179771
179773
179772
179774
179788
179829
179755
179753
179748
179749
179619
179645
179743
179812
179811
179815
179841
179838
179836
179775
179776
179777
179778
179779
173041
177670
177669
173042
177715
178474
179867
179937
179866
179938
179940
179941
179939
177716
179759
179934
179933
179942
179932
179931
180009
180013
180008
180015
185287
185288
172984
172920
172921
172922
185289
185290
172918
172919
172277
172464
185285
180014
179920
179955
177704
177705
180010
180011
172510
179965
179958
179951
179758
179842
179843
179981
179967
179966
179971
179972
180005
179991
179993
179992
179998
180025
181826
180023
180030
180029
180036
172996
171515
171516
173034
172982
172276
172932
172954
172985
172928
172923
172934
172935
172915
179930
179922
179919
179898
179924
179905
179900
179918
179901
185557
179826
179809
179791
179793
179736
179737
179741
179740
177786
177787
177781
177782
177777
177776
177775
177778
177783
177785
177784
177790
177791
177793
177792
177794
185299
185301
185300
179792
179895
179903
179911
177865
179914
179899
177874
177875
185523
177861
177788
177980
178038
177819
177869
176644
176646
176645
178044
172942
177977
177978
177733
177735
177736
178051
178057
178028
177990
177995
174768
174770
174769
177967
181676
177966
177994
177963
178015
178017
177952
174765
174767
174766
177800
177799
177842
185355
177843
177844
177856
177857
177855
185354
177854
177858
177848
177849
177851
177850
177847
177846
177845
177797
185352
185353
185350
185351
177798
177806
177841
177807
177839
177840
177808
181728
177809
177838
179982
179874
182193
182194
180034
179985
179986
186092
179984
179983
179987
179988
179875
179876
182271
179877
179878
179879
179880
179881
179882
179883
182269
182270
182272
173163
173217
173854
185446
173855
185447
185449
185451
185450
185448
173852
173218
173210
183025
183030
183026
173211
185743
173164
173165
173712
173715
173850
173851
173713
173717
173166
173167
173691
185438
173168
173169
177695
177709
177696
179761
179763
179762
179764
179765
179766
179767
179768
179756
179757
179727
179729
179760
173173
177744
173174
177743
173175
173176
173177
173203
173204
177761
177762
177765
177763
177764
177760
178199
178201
178204
178209
178572
178210
178571
178570
178211
178569
178207
178208
178205
178206
186167
177758
177757
178198
178196
178197
178538
178539
177751
177749
177750
178146
178147
178194
178160
178154
178156
178153
178155
178140
178118
178144
178145
178114
178112
178113
178123
178161
178090
178116
178117
178091
178092
178078
178081
178093
178080
178094
178104
178103
178102
178101
178100
178098
178099
178097
178096
177888
178095
177889
177890
177891
177892
177996
177997
178006
177998
185528
178008
185947
178007
178079
178109
178000
178009
178011
178012
178010
178077
178088
178089
178083
178142
178143
178141
178159
178087
178108
178115
178107
178119
178120
178121
178106
178122
177999
178139
178158
178152
178150
185532
178151
185533
177752
177753
177756
177754
177755
178202
178203
178200
178212
178213
178540
178542
181843
178521
185579
178522
177700
177701
178523
178524
185765
185764
185766
178541
178124
178537
173221
177759
173205
178082
178084
178157
178085
178148
178149
178193
185530
185531
178192
178195
178191
173159
173161
173162
173209
173208
173212
173226
173206
173207
173160
185415
173202
173201
173220
173223
173224
173219
173222
173229
173231
173234
173248
173249
173250
185520
173251
173225
186013
173236
186166
173235
185518
185522
185519
186012
173237
185521
173230
173245
173247
173246
173232
173233
173244
185417
173242
173243
173241
173253
173254
173238
173239
185700
173240
173255
173291
173292
173293
178573
178595
178574
178594
178575
178576
178577
178580
178578
178579
173294
173295
179707
179864
182088
179863
182085
182086
182087
182078
182082
182070
182081
182091
182094
182097
182095
182145
182148
182184
182185
182191
182192
182213
182214
182284
182289
182307
182329
182309
185847
182308
182330
182310
182216
182315
182312
182334
182339
182341
182342
182333
182298
182299
182328
182286
182300
182301
182302
182303
182304
182344
182345
182296
182297
186044
182277
182291
182290
182282
182283
182281
182275
182276
182273
182199
182198
182180
182189
182177
182178
182188
179888
182102
182103
182104
182179
179887
182176
179884
179886
179885
182196
182181
182197
182195
182274
182293
182278
182292
182287
182343
182340
182332
182313
182320
182321
182223
182222
182221
182220
182224
182226
182218
182219
182206
182207
182208
182209
181998
182001
182000
182168
182175
182174
181985
181986
181987
182237
181988
182243
182318
185392
182319
185391
182316
182357
182356
182355
182354
182353
182352
182350
182351
181997
181995
181996
181994
181993
182241
181991
181990
181992
181976
182240
182335
182338
182337
182336
182317
182239
182238
181989
182169
182170
182171
182164
182172
182163
182166
181952
182161
181964
182155
182157
182159
182162
182205
182204
182149
182150
182151
182152
182153
182139
182134
182135
182122
182121
182130
182144
182119
182129
182128
182127
182125
182116
182113
182126
182114
182115
182107
182108
182109
182084
182083
182074
182072
182073
179709
179710
179711
182076
182077
182075
182110
182111
181917
181918
179714
179713
179712
179715
181916
181923
181924
181931
181929
181930
181935
181936
181937
181944
181942
181943
182133
182136
182140
182137
181961
181962
181960
181958
181959
181950
181941
181947
181957
181975
181974
181973
181972
181968
181969
181967
181979
181980
185603
181981
182229
181966
181970
185602
181971
182016
182017
182167
182227
182228
181955
181954
182012
182165
182014
182015
181956
185601
181940
179724
179725
179723
181934
179722
179721
179720
179719
179718
181922
181920
181921
181949
181948
181951
181939
181938
181933
181932
181928
181926
181927
181925
179716
179717
182106
182105
182093
182090
181919
182112
181915
182117
182120
182118
182123
186047
181945
181946
182131
182132
182138
182143
182158
182156
182154
182141
181963
181953
182013
181982
181983
181984
181999
182173
182160
182202
182203
182210
182211
182212
182242
182244
182225
182311
182314
182217
182288
182331
182279
182280
182285
186130
182215
182200
182201
182146
182190
182182
182183
182147
182142
182124
182100
182098
182101
182099
182186
182096
182092
182089
182080
182071
182079
179889
179862
179708
181977
179856
179890
181768
179891
179892
179781
185292
179782
179857
173033
182306
182305
182346
173213
173268
174760
174761
174762
173269
173216
173228
173227
173270
185416
173260
173259
173271
173272
173258
173273
173274
173275
185418
173257
173256
173252
173214
174759
174757
174758
174771
185980
174763
173876
173874
174764
173875
173215
185703
185769
186014
185704
185770
185705
185706
185707
186069
186070
185444
185442
185443
185440
185708
185441
185445
186042
186041
186162
173861
173858
173860
173859
173857
186161
186188
186187
186186
173845
173832
173856
173853
173727
185767
173841
173849
173842
173847
173848
173843
173844
173846
173718
173726
173729
173730
185768
173724
173725
186140
173723
185984
185985
185986
186020
185988
185987
186021
173722
173721
176679
185990
185989
173667
173666
173665
173663
173664
173668
173669
173671
173670
173672
173575
173518
173566
173720
173689
173716
173690
173520
173521
173522
186088
186090
186089
173524
185275
175129
175128
175130
173523
173565
173719
173567
173568
169508
173588
173609
173611
173612
173624
173631
173635
186169
173661
173662
173636
173637
173638
173660
173639
173640
173634
173569
173632
173659
173733
173657
173658
185257
185258
185259
185264
185260
185263
185261
185262
182560
185265
173629
173630
173626
185266
185267
185268
173623
173628
173633
173627
173625
173622
182561
182559
173619
173621
173620
173617
173613
173641
186174
173642
173643
173644
186164
173645
173676
173584
173585
173582
185333
173583
173579
185332
173580
173581
173577
173578
173576
173587
173673
173573
173574
173674
173675
173595
173596
173597
179847
173819
173594
173593
173600
173591
173590
173589
173599
182348
182347
182349
169974
169973
185272
170264
185393
170626
185269
185270
185271
173608
173606
173607
173603
173602
173604
173601
169841
170622
182322
185273
182323
173598
170752
173562
173564
185274
173563
173592
173572
173570
173571
173610
173618
173605
173586
169834
169509
182563
185247
182564
185248
173647
173648
186165
173649
173650
173651
173781
173652
173653
173654
173655
173656
173815
173813
173814
172925
172924
173891
173646
173728
185401
185939
185941
185940
173840
186141
173834
173835
173837
173839
173838
173836
173833
186142
173731
182394
173732
182393
182530
182532
182531
182534
182535
182533
182541
182546
182542
185983
182536
182551
182462
182547
182548
182554
182556
182555
182549
182557
182550
182552
182463
182464
182526
182525
182618
182619
182620
182491
182492
182490
182489
182488
182465
182466
182487
182467
182486
182509
182485
182484
182468
182440
182441
182506
182508
182507
182418
182417
182427
182428
182429
182442
182444
182443
182425
182426
182433
182477
182483
182482
182528
182529
182520
182540
182543
182545
182553
182519
182522
182518
182517
182479
182454
182453
182514
182452
182459
182460
182461
182458
182384
182383
182456
182457
182451
182455
182449
182450
182448
182423
182447
182435
182434
182412
182414
182413
182408
182415
182411
182410
182008
182248
182421
182422
182419
182265
182246
182245
182263
182250
182005
182004
182267
182266
182268
182367
182370
182369
182368
182375
182258
182259
182260
182257
182376
182379
182380
182385
182388
182389
182391
182324
182326
182327
182359
182362
182363
182364
182365
182366
185390
182011
182002
182251
182373
182374
182372
182360
182361
182252
182255
182254
182253
182358
182387
182386
182371
182381
182378
182256
180040
182261
182262
182003
180039
182006
182247
186074
182009
182230
182409
182231
182233
182402
182236
182403
182235
182232
182401
182400
182234
185699
182010
182007
182249
182397
182396
182407
182406
185605
182404
182405
182398
185604
182399
182424
182420
182445
182264
180038
180037
182377
182382
182524
182446
182436
182516
182515
182521
182481
182480
182437
182478
182438
186037
182416
182430
182432
182431
182439
182469
182473
182470
182472
182471
182527
182544
182537
182538
182539
178956
178957
182523
182395
182390
182392
181978
182558
182562
182325
173789
173796
173790
173976
185868
185869
185428
185426
173778
173780
173792
173783
173782
173793
173797
173828
173827
173825
173915
174024
174025
173795
173794
173798
173804
173799
173803
173802
173824
173823
173822
173829
173830
173895
173897
173896
173831
173826
173916
173800
173893
173894
186147
173801
173812
173898
173917
173899
173918
173811
173810
173809
173946
173807
173808
173806
173947
173949
173948
162173
173765
173767
173766
173768
173770
173771
173772
173788
173977
185243
185239
185240
185241
185242
182650
182656
182654
182655
182653
182657
185320
182632
182611
182613
182626
182643
182633
182634
182627
182644
182649
182645
182648
182646
182647
182629
182640
182641
182642
185641
182607
182608
182637
182636
182635
182609
182610
182603
182581
182565
182566
182605
185816
182606
185642
185815
173614
173616
182622
182625
185246
185814
182623
173736
173737
173734
173741
169199
172470
172472
185249
185251
185250
169198
168583
173735
173745
185252
185256
185253
185255
185254
173744
173743
173742
182621
173615
182624
182638
168582
182639
182628
182604
182612
182631
182630
185244
173975
173774
162746
162678
162679
173787
173786
185427
173785
173978
173777
173776
185429
173762
173759
173791
173754
173756
173757
173758
173760
173755
173763
173752
173749
173750
185245
168881
168880
168953
173751
173748
173753
173784
173773
173769
163854
173764
166032
162174
169409
173747
173746
173761
173740
173739
173775
173779
169410
173738
173866
174824
174825
173867
173868
173870
173869
173871
185473
185474
174781
185776
185775
185791
185773
185774
185771
185772
173872
173873
185778
185942
185944
185943
185777
185779
185780
185824
174784
174779
174780
174783
174782
174796
176628
176629
176630
174797
174823
174798
174822
174799
174800
174821
174801
174802
173938
173939
173941
173943
173962
173944
173945
173942
173940
173956
173957
173955
185819
185825
173954
185820
185826
173952
173953
177714
177713
186062
186064
186063
186061
173950
173951
173963
174794
185821
185817
174795
173805
173922
185823
173923
185822
173926
173927
173928
174778
173929
173885
173886
173887
173888
173931
173889
173890
173816
173818
173892
173930
173817
179780
173884
173820
173821
174958
185691
174960
185690
174959
176713
176756
176757
185689
176755
176636
176634
176635
186133
174965
174967
174966
174962
176637
176714
176758
174961
174803
174816
174817
174819
174818
174820
186084
174815
174988
185801
177699
176641
177712
175045
175614
185467
185469
185470
185471
175098
175099
175097
185468
175613
175612
174997
174998
175049
175050
176640
175048
176639
174999
176638
174995
175047
186046
175019
175031
175032
175033
176664
176665
176666
176760
176761
176762
176768
176769
176767
176827
176856
176861
176862
176863
176851
176868
176867
176850
176866
176869
175012
176784
176870
176874
176885
176892
176890
176891
176897
176899
176898
176903
176895
176896
176900
176901
177082
176902
176893
177068
177066
177083
177084
177085
176706
176705
177086
176659
176660
176661
186135
186134
176662
175660
175659
185334
176663
176906
176658
176707
177063
177064
176888
176889
176876
176875
176881
176886
176884
176879
176878
176872
176873
176794
176793
176795
176796
176792
176790
176791
176777
176776
176775
176774
176904
176672
176671
176773
176797
176780
176670
176669
176668
176667
176788
176789
176782
176787
176786
176783
176781
176880
176877
176855
176887
177062
176673
177080
177081
177065
176708
176894
176883
176882
176871
176785
175014
175013
175018
176857
176865
176849
176864
176860
176853
176834
176835
176840
176841
176846
176765
176764
176836
176833
176852
176858
176859
175017
186132
175016
176854
176826
176766
175015
176759
175020
175021
175022
175023
175024
175025
175026
175027
175028
175029
175030
174996
175046
174813
174814
174828
174991
176642
176643
185793
185792
174989
174990
185818
174978
174979
174981
186022
174980
174992
174977
174976
174972
174971
174973
174975
174974
176632
176631
176633
174993
185231
174826
174827
173422
173424
173426
173427
173425
173423
186136
185498
185499
185784
185500
185501
185502
185783
176748
173463
185509
185684
185510
185507
185508
185497
173493
173494
185504
185685
185503
185681
185686
185682
173462
174936
174937
174857
174858
174859
185496
185949
174860
174861
174862
174919
174918
185788
174916
185789
174917
185790
174863
174830
174935
174939
174950
173877
173878
173879
174913
174914
174912
174915
174851
174852
185753
174853
174829
174831
174903
174943
174944
174946
174945
174941
174942
174904
176715
174905
174906
186072
185781
174907
176702
176703
176700
176724
176726
176730
176731
176732
176729
176733
176752
176738
176737
176735
176736
176734
175065
175066
176750
176751
175064
176744
186170
174909
174910
174911
176723
176728
176727
176739
176688
176689
176698
176699
176697
185511
176709
176710
176746
176745
176747
185683
176695
176696
176694
176711
176687
176686
176712
176685
176684
176690
176691
176692
176693
176704
176722
176725
176701
174908
174940
174947
174948
174949
173862
185786
173863
177067
173880
185787
173881
173864
174955
185750
185785
174951
175011
175010
175009
175005
175004
175003
175002
174952
174892
174893
174894
174895
174896
174898
174899
174901
174902
174900
174897
174985
185782
176719
176741
176742
176809
176743
176740
176807
176810
176806
176808
176811
176812
176813
176814
176819
176820
176821
176815
176816
176817
176818
176718
174956
174957
176798
176717
176716
176721
176805
176754
176753
176803
176804
176801
176802
176800
176749
176720
182187
174953
174982
174984
174983
174954
176647
176648
173865
176799
176763
176829
176837
176838
176842
176839
176828
176830
176847
176848
176843
176845
176844
176831
176832
176822
176823
176824
176772
176825
176770
176771
173904
173906
186146
173905
173908
173911
173912
173909
173910
173907
173913
174009
174010
173914
173900
174329
174334
174333
185886
174332
186145
173901
173902
173903
173983
173985
173987
173986
185330
185892
185894
185893
173989
173988
185891
173990
173991
173992
174098
185879
174123
173984
174328
173261
173351
173350
173349
173371
173370
173380
173407
173406
173453
173444
173457
173485
173486
173487
173454
186096
173455
173508
185422
173507
185423
173488
185979
173489
173490
173491
186097
173505
173417
173403
173404
173420
173421
173419
173504
173387
173389
173405
173384
173383
173390
173411
173410
173416
173414
173415
173412
173436
176676
176677
177768
177769
177770
177772
177773
177771
176675
176674
173437
173439
176678
173440
173442
173441
173438
173413
173408
173409
173391
173392
173393
173394
173381
185420
173382
173398
173395
173397
173396
173401
185421
173399
173400
173402
178602
178601
173385
178603
173372
173375
173376
173377
173379
185419
173367
173359
173360
173358
178600
178598
178596
178597
178599
178604
173337
173333
173366
173364
173365
173361
173374
173334
173335
173316
173344
173345
173369
173352
173353
173355
173354
173325
173332
173336
173323
173324
173322
173326
173284
173285
173319
173321
173320
173286
173287
173281
173282
173283
173276
177767
173330
173357
177766
173277
173278
173279
173280
173317
173318
173331
173327
173329
173378
173373
173388
173429
173435
173428
173492
173495
185488
185489
185493
185490
185492
185491
185494
185495
173456
173484
173458
173483
173496
173503
173509
174932
174934
174938
173476
173477
173478
173474
173475
173473
173471
173472
173470
174927
174926
174930
174923
174921
174925
174928
174931
174929
174924
173497
173499
173500
174922
174772
174777
174776
174775
174774
174773
173342
173266
173267
173341
173340
173339
173338
173506
173263
173309
186040
173308
173307
173264
173265
173343
174756
174755
174832
174881
174884
174877
174876
174872
174873
174883
173464
173465
173466
173468
173467
174870
174871
174869
174868
174867
174865
174866
185452
174850
174864
174849
174885
174889
174890
174888
174846
174843
174844
174845
174842
174841
174840
174856
174874
174875
174834
174835
174836
174837
174855
174854
174838
174839
174886
174887
174891
174847
174848
174878
174879
174880
174833
173501
173502
173459
173461
173451
173450
173446
173447
173452
173448
173449
173297
173298
173299
173300
173301
173302
173303
173304
173305
173306
174920
174882
173469
173479
174933
173480
173498
173460
173481
173482
173445
173418
173386
173362
173296
173363
173315
173368
173314
173310
173312
173313
173311
173356
173262
173288
173346
173348
173347
173289
173290
177878
177880
177881
177882
177883
177879
177906
177907
177905
177911
177928
177912
177927
177935
177937
177936
177926
177938
177939
177943
178261
178260
178267
178266
178269
178268
178249
178247
178469
178488
178498
178502
186172
178484
178485
178497
178486
186107
178127
178128
178489
178490
178491
178536
178519
178518
185372
185369
178517
178503
185370
178504
178505
178510
178509
178511
178330
185693
185694
185695
178329
185692
178327
178328
178514
178305
178306
178506
178516
178499
178500
178501
178513
178512
185371
178493
178492
178307
178308
178278
178274
178275
178276
178277
178273
178284
178309
178313
178314
178315
178310
178283
178279
178280
178281
178282
178270
178229
178246
178230
178231
178232
178242
178244
185356
178245
185718
185758
185760
185759
185719
178243
178262
178263
178264
185357
178241
178265
178228
178238
178271
178272
178218
178219
178220
178221
178222
178223
178224
178236
178237
178225
178240
178226
178227
178239
178217
178216
178316
178214
178311
178319
178320
178317
178326
185359
178324
178323
178302
178303
178301
178333
185373
178332
185374
178334
185752
178342
185375
178341
185376
178344
185377
178336
178337
178343
178345
178346
178294
178290
178291
178293
178292
178289
178550
178549
178547
178548
178546
178554
178581
178366
178367
178365
178357
178352
178353
178355
178359
178584
178582
185542
185545
178583
185541
178397
178398
178399
178411
178412
178413
178414
178408
178409
178410
178428
178425
178405
185404
178406
185539
178407
178386
178390
178403
185363
185362
178389
178392
178391
185536
178380
178379
185534
185543
185546
185544
185535
178381
178384
178385
178382
185361
178383
178388
185537
178387
185538
178404
178368
178370
178371
178369
178372
178378
178374
178424
186189
185366
178449
178426
178420
178421
178422
178423
185365
178418
178417
178450
185761
178439
178458
178460
178606
178461
178605
178465
178466
178467
178468
178464
178463
178462
178459
178440
178442
178457
178456
178589
178591
186179
178590
186176
186178
186177
178454
178592
178455
178452
178593
178453
178451
178585
178588
178445
178446
178587
178447
178586
178448
178443
178444
178441
178415
185762
178416
186175
178419
186191
186190
178375
178427
178438
185364
178437
178432
178433
178376
178377
178401
178402
178400
178396
178373
178360
178361
178395
178356
178358
178347
178349
178348
178354
178286
178285
178351
178350
178287
178553
178362
178363
178364
178394
178393
178335
178340
185540
178125
178520
178556
178559
178126
178555
178557
178558
178567
185720
178566
178568
178563
178562
185721
178544
185722
178543
178560
178564
178545
178565
178531
178532
178533
178534
178529
178530
178528
178526
178527
178561
178535
178430
178431
178429
178552
178551
178339
178288
178338
178295
178296
178297
178298
178299
178300
178215
178235
178233
178234
178321
178318
185948
185360
178304
178312
178325
178322
178331
178515
178508
178507
178494
178495
178496
178131
178130
185368
178129
178132
178481
178482
178471
186108
178472
178475
178476
178478
178479
185367
178477
178138
178137
178434
186110
178435
178436
179959
178136
178135
178134
178133
177932
177933
177934
177916
177914
177915
177917
177918
177919
177920
177921
177922
177923
177924
177925
178473
178480
178483
178487
178470
178248
177931
178253
178251
178252
178250
178254
177930
178256
178257
178258
178259
178255
177940
186109
177941
177942
177945
177895
177894
185358
177893
177896
177944
177901
177902
177900
177899
177897
177898
177929
177913
177903
177904
177884
177910
178013
178111
178014
177908
178105
177887
177909
177885
177886
182474
182505
179848
179853
182494
179849
182493
182497
182498
182598
182599
182499
185876
182597
183462
182510
182878
182877
182875
182876
182895
182896
182595
182594
182512
182513
182511
182476
182475
182500
182501
182502
182503
182504
183461
182596
182495
182496
