3423
241943
241944
241774
236651
239119
236652
241773
241768
241769
241760
241767
241766
241758
241603
241614
241615
241613
241616
241617
241618
241770
241777
241779
241780
241781
241775
241765
241761
238895
240389
238896
240385
240386
238897
254866
238898
241596
241598
241608
241601
241595
241604
241606
241607
241605
241609
241610
241597
241599
241594
241567
241572
241584
241585
241587
241588
241592
241647
241643
241646
241645
241648
241656
241651
241658
241724
241731
241733
241734
241740
241742
241732
241728
241735
241729
241730
241725
241726
241713
241721
241723
241714
241718
241717
241636
241637
241638
241705
241706
241716
241715
241639
241641
241707
241711
241708
241666
241667
241668
241640
241665
261512
241633
241632
241634
241635
241710
241712
241709
241722
241727
240972
240971
241099
241669
241657
241671
241673
241930
241663
241791
241794
241797
241932
241934
241933
241935
241936
241741
241937
241941
241931
241793
241795
241792
241796
241798
241670
241672
241661
241662
241790
241938
241660
241783
241659
241654
261617
241653
241655
241782
241652
241649
241650
241630
241627
241628
241629
241623
241620
241621
264051
241625
241626
241570
241571
241591
241589
241582
241580
241583
241579
241578
241577
241574
241575
239900
241559
241564
241561
241563
241562
241568
240357
240358
240356
264136
240349
240350
240344
240341
240345
240347
241555
241560
241552
241557
240342
241553
240343
241554
240326
241500
241501
262229
241495
241496
241494
263685
241488
241490
241491
241492
240322
241487
240320
240319
241470
241471
241472
241480
241481
241486
241506
241507
241508
241509
241510
241511
241512
241513
241528
241529
241530
241531
241533
241535
241543
241546
241547
241548
241541
241539
241538
241537
241540
241542
241581
241549
241550
241619
241545
241534
241532
241526
241527
241544
241551
241524
241522
241523
240796
240794
240797
240798
240787
240795
240790
240785
240786
240754
261811
240757
240756
240755
240748
240760
240768
264137
240767
240763
240765
240766
240764
241477
241479
241476
241475
240762
241468
240739
240740
261434
240746
240747
240737
264244
240738
240741
240761
240749
240742
240743
240744
240745
240752
240753
240759
240758
240793
241520
241521
241525
241519
241517
241518
241505
241502
241504
241503
241497
241484
241485
241483
241478
241473
241469
240313
240314
240312
240309
240311
240310
240317
240318
240321
241498
241474
241482
241493
241499
240333
240334
240340
240335
240336
240337
240324
240323
240325
262230
240338
240339
240329
240327
240315
240328
240316
240331
240330
240351
240352
240354
240375
240370
240373
240374
240372
240362
240363
240378
240377
240364
240365
240366
240360
240361
240332
240359
240371
240368
240369
240367
240353
238899
240348
238900
239072
240346
241565
240355
241556
241558
239901
241515
241514
241536
241576
241622
241593
241624
241644
241642
241612
241611
241590
241586
241569
241566
240379
240381
240382
240384
241763
241764
241778
241772
241602
241600
241757
241759
241771
241245
242100
241699
241696
241701
241697
241695
241698
241691
241692
241694
241693
241703
241704
240380
240383
240390
240170
241879
241880
241882
241888
241823
241824
241822
240450
241825
241975
241974
241965
241969
241978
241967
241968
241973
242011
241891
241892
242022
241894
242012
242023
242024
242050
242026
242055
242039
242056
242075
242074
242085
242084
242090
242096
242091
242092
242093
249521
249522
249518
249525
249527
249528
249530
249531
249553
249548
249549
249546
261568
249547
249551
249550
249516
249511
249510
249503
249504
242065
242066
242069
249505
261485
261450
242070
242087
249519
261505
242089
242088
242086
242071
241928
241929
249502
242063
242064
249520
242097
242095
242094
242045
242047
242081
242080
242082
242078
242076
242048
242079
242043
242042
242041
242040
242046
243411
242029
242027
242020
242019
242021
242017
242013
242014
242016
242028
264148
242010
242009
242083
242077
242073
242037
242038
242025
242036
242018
242030
242031
242032
242033
242034
242035
242044
242015
241913
242049
241893
241912
241890
241911
264340
241908
241910
241919
241921
241922
249372
241920
249368
249369
249371
249376
249379
249507
249509
249512
249515
249517
249534
249552
249554
241990
241991
248696
246607
249555
249556
249562
249587
249588
249585
249586
249561
249557
249563
249558
249559
249560
249619
249608
249618
249620
249613
249669
249611
249610
249609
249605
249494
249543
249542
249539
249433
249538
249537
249533
249532
249423
249422
249389
249416
249417
249420
249429
249430
249431
249428
249487
249488
249491
249478
249477
249479
249480
249481
249426
249425
249419
249400
249401
249415
249413
249414
249427
249418
249386
249384
249385
249383
249381
249380
249374
249375
249378
249373
249370
249421
249424
249434
249432
249490
249492
249493
249485
249612
249606
249607
249545
249544
249541
249540
249536
249535
249514
249513
249388
249387
249508
249382
249377
249367
241909
241916
242053
242058
242054
261513
242057
261514
242051
242052
242072
242067
242059
242068
249506
242062
242060
242061
241927
241923
241926
241915
241914
241981
241989
241972
241971
241970
241950
241964
241948
241960
241945
241946
241947
241949
241951
241952
241984
241983
241982
241985
263067
249523
249524
242006
242005
242008
242003
242004
242007
240750
240751
241953
241966
241963
241820
241959
240449
241889
241906
241904
241905
241907
249356
249359
241899
241819
241817
241816
241814
241803
241804
241801
241802
241799
241800
241813
241808
241809
241810
241806
241807
241815
241818
241811
241821
241812
241878
241883
241884
241839
241885
241886
241897
241898
241896
241895
241864
241861
241862
241865
241860
241859
241858
241837
241863
241836
241831
241832
241833
241828
241827
241829
241830
241826
241840
241842
241844
241843
241841
240431
263899
263900
263902
263901
240429
240435
240428
240433
240396
240405
240413
240406
240427
240430
240401
240402
240403
240400
240398
240399
240424
241874
241838
241834
241835
241881
241887
241877
240434
240171
240258
240265
249396
249412
249476
249460
249482
249495
249483
249484
249486
249397
261591
261589
261590
261588
240395
240393
240394
263611
240387
240388
241776
240397
241762
241745
241746
241784
241785
241786
241789
241787
241788
241805
241743
241750
241751
241956
242002
241957
241958
241954
241955
241749
241747
241748
249322
249323
248753
248754
248755
249435
249440
249441
249442
249447
249454
249453
249458
249459
249409
249407
249410
249408
249411
249403
249398
249399
249343
249395
249347
249350
249349
249405
249351
249352
249346
249345
249332
249331
249330
249334
249333
249326
249327
249325
249324
249336
249337
249338
249341
249340
249391
249393
249392
249394
249364
249363
249390
249339
249329
249328
249348
249344
249342
249402
249404
249406
249443
249444
261592
249446
249445
249449
249451
249450
249452
249455
249461
249464
249489
249462
249463
249457
249456
249448
248759
249436
249437
249439
249438
248758
235630
235978
236264
236272
248693
249773
248718
248719
248721
248722
260615
248720
248723
249184
248762
248761
248751
248745
248749
248750
248756
248748
248747
248743
248752
248666
248663
248664
249320
249319
249321
249312
249311
249305
249310
264161
249306
249313
249317
249318
249316
249315
249360
249353
241903
249354
249355
241902
241900
249304
249302
249301
249295
249307
249303
249294
249293
249296
249285
249287
249286
249291
249292
249298
241872
241873
241870
241871
240460
248624
249282
249283
240459
248604
248620
248623
248608
248622
248630
248632
264160
248631
248651
248653
248652
248654
248646
248657
248739
248647
248737
248738
248740
248687
248689
248677
248698
248700
248713
248714
248715
248716
261584
248690
248712
248699
248676
248673
248672
248499
248667
248668
248669
248671
248680
248685
248683
248674
248682
248684
248679
248678
248596
248586
248594
248593
248589
248583
248588
248592
248634
248635
248636
248637
248648
248642
248649
248650
248618
248626
248627
248614
248616
248612
248576
248611
248610
248572
248600
248568
248603
248605
248601
248567
248565
248563
248541
248543
248566
248571
248556
248558
248573
248560
248561
248579
248580
248578
248581
248584
248428
248429
248493
248494
248491
248577
248551
248559
248550
248547
248548
248552
248545
248549
264252
248544
248534
248535
248538
248546
248542
248536
240417
248562
240418
240421
240426
240425
240438
240422
240423
240419
240420
240408
240412
240407
240439
240441
248569
240440
240443
240447
240455
240444
240453
240454
240457
240442
240437
240451
240452
241845
241846
241853
241854
241855
241868
241869
241876
241901
241851
241856
241857
241850
241849
241852
241847
241848
240436
240432
240415
240416
240414
240410
240411
248533
240409
244926
244940
244927
248407
248409
248408
248420
248417
248418
248422
248421
244929
248553
248555
248554
248557
248539
248537
248564
248570
248609
248575
248613
248617
248628
248643
248599
248638
248639
248619
248597
248598
248590
248582
248574
248591
248585
248595
248587
248495
248670
248675
236378
236379
248686
248681
248641
248640
248645
248644
248629
248615
248607
248602
248606
240445
240446
240461
240462
240456
240458
241867
249290
249288
249289
249284
248625
248621
248633
249299
249300
249297
236468
236469
241875
249314
249308
249309
248655
248656
248658
248659
248660
248665
248742
248741
248746
248744
248691
248760
248717
235943
235889
235631
248763
248540
132636
248973
248977
248979
248980
249016
249017
249019
249022
249021
249026
249027
249198
249013
249023
249011
249012
249160
249165
249168
249169
249187
249188
249210
249211
249213
249219
249222
249224
260614
249260
249261
249255
249256
249257
249239
249252
249253
249235
249234
249216
249217
249197
249195
249233
249232
249227
249228
249230
249231
249240
249237
249153
249762
249152
249147
249144
249143
249141
249142
249225
249182
249181
249183
249180
249179
249107
249139
249137
249136
249138
249130
249105
249131
249133
249101
249104
249102
249086
249089
249090
249156
249172
249155
249174
249177
249175
249176
249185
249186
249170
249171
249154
249002
249157
249162
249163
249088
249087
249081
249077
249070
249069
249068
249067
248943
249079
249074
249078
249085
249076
249075
249095
249132
249106
249103
249173
249178
249191
249192
249140
249134
249135
249148
249146
249151
249226
249193
249190
249194
249229
249218
249236
249238
249223
249254
249209
249207
249220
249204
249202
249203
249214
249201
249205
249221
249196
249212
249200
249199
249189
249167
249164
249159
249161
249166
249158
249010
249003
249000
248998
248996
248999
248997
248992
249004
248987
249007
248993
249008
249009
248988
248969
248967
248966
248962
248960
248958
248957
248959
248968
248982
248981
248927
248939
248926
248938
248924
248933
248930
248932
248937
248941
248940
248942
248915
248906
248919
248917
248856
248920
248925
248853
248855
248850
248848
248842
248837
248836
248831
248832
264126
248835
248840
248852
248948
248947
248401
248402
248838
248945
248944
248829
248830
248405
248403
248949
248951
248953
248404
248954
248971
248955
248963
248961
248400
248399
248406
248946
248839
248834
248827
248825
248824
248820
248821
248826
248828
248833
248849
248851
248854
248847
248918
248844
248845
248846
248922
248923
248921
248956
248857
248950
248952
248965
248964
248986
248983
248984
248995
249001
249006
249005
249028
249206
249208
249024
249025
249020
132666
249018
248994
248990
248991
249015
249014
248978
132638
248976
248974
248975
248989
248970
248972
241917
248522
248525
248524
248517
248518
248519
248532
248886
248530
248888
263904
248891
248703
248704
249029
249030
249031
249034
249036
249047
249052
249053
249110
249111
249112
249120
249121
249122
249127
249124
249119
249123
249117
249115
249116
249114
249113
249108
248777
249072
249071
249093
249098
249096
249097
249099
249100
249094
249092
249091
249065
261269
249060
249062
249059
249058
249061
249055
249050
249048
249042
249043
249045
249044
249066
248936
249038
249040
249041
249056
249057
249073
249064
249118
249109
249063
249054
249051
248734
248729
248736
263903
248735
248709
248733
248727
248730
248728
249035
248710
248708
249046
249049
249037
249033
249032
248903
248904
249039
248902
248934
248935
248901
248931
248929
248928
248914
248916
248911
248913
248910
248909
248907
248908
248871
248819
248870
248875
248895
248894
248885
248893
248884
248881
248882
261587
248867
248868
248880
248862
248869
248872
248873
248883
248874
248896
248912
248897
248900
248899
248898
248892
248711
248702
248706
248707
248701
248705
248887
248890
248889
248876
248879
248877
248865
248866
248878
248863
248861
248858
248860
248453
248804
248805
248808
248807
248818
248841
264169
264168
248843
248822
248823
248816
248812
248811
248813
248809
248801
248803
248799
248451
248447
248441
248433
248434
248444
248452
248443
248445
248454
248449
248455
248456
248507
248446
248798
248810
248817
248815
241961
248905
248814
241962
248802
248806
264152
248800
248508
248450
248859
248516
248515
248513
248509
248864
248505
248504
248514
248502
248481
248503
248520
248480
248482
248476
248492
248500
248498
248479
248496
248497
248474
248473
248469
248465
248467
248463
248464
248462
248460
248461
248470
248414
248459
248458
248416
248424
248486
248488
248490
248471
248487
248489
248427
248423
248425
248426
248415
244928
248413
248410
248412
248411
248466
248468
248472
248478
248484
248483
248485
248475
248431
248432
248430
248436
248435
248437
248438
248448
248442
248439
248457
248440
248477
248501
248506
248512
248511
248510
248521
248526
248527
248528
248694
248692
248523
248531
263074
248529
248697
248732
248765
248771
248725
248726
248731
248695
249800
261273
261583
249794
248724
241918
236802
248793
248792
248795
248662
248796
248797
248789
248788
248790
248791
248688
248781
248769
248768
248767
248780
248774
248776
248775
248772
248784
248782
248783
248785
248786
248773
248770
248787
248794
248661
238210
238209
248778
236803
236828
249125
249145
248757
248766
248764
133118
249259
249262
249263
249270
249274
249275
249279
249278
249273
249272
261437
249269
249271
249280
249149
249268
249842
249251
249248
249250
249246
249247
249249
249266
249267
249265
249264
249245
249258
249243
249244
249128
249129
249761
249760
249756
249754
249753
249755
249757
249763
249764
249768
249770
249772
249769
249779
249782
249783
249241
249242
236829
238198
238199
249751
249752
249470
249469
249465
249473
249472
249466
249471
249758
249759
249474
249767
249475
249496
249497
249777
249778
249780
249784
249793
249630
249629
249633
249638
249637
249653
249651
249645
249649
249652
249703
249685
249704
249684
249648
249647
249683
249681
249624
249625
249614
249615
249616
249617
249626
249642
249640
249639
261643
249641
249643
261951
249634
249635
249500
249499
249498
249646
249644
249650
249636
249628
249501
249785
249781
249789
249786
249787
249467
249468
249621
249566
249623
249564
249567
249565
261593
249622
249670
249671
249677
249678
249694
249697
249698
249699
249696
249695
249688
249687
249700
249676
249675
249693
249692
249691
249600
249595
249598
249597
249592
249591
249601
249599
249602
249604
249589
249590
249593
249666
249673
249594
249603
249674
249672
249686
249627
249667
249665
249668
249664
249679
249680
249682
249689
249690
249701
249702
242318
242320
242319
242321
250549
250550
250578
250581
250587
250935
250933
250922
250936
250931
250923
250924
250925
250928
250929
250930
250958
250959
250942
250962
250963
250960
250773
250851
250853
250774
250777
250778
250779
250780
250781
250957
250961
250970
250824
250839
250872
250874
250822
250821
251296
250964
250965
250927
250956
250937
250940
250939
250941
250938
250926
250739
250744
250756
250745
250915
264311
250738
250735
250740
250741
250921
250918
250919
250568
250565
250564
250566
250569
250551
250553
250563
250561
250567
250758
250757
250754
250755
250747
250752
250748
250753
250916
250917
250920
250934
250570
250932
261597
250588
250586
250552
250576
250580
250577
250579
250562
250838
250840
238673
250483
250485
250489
250530
250589
250529
250528
250526
250527
250531
250534
250537
250538
250597
250600
250601
250602
250642
250644
250645
250585
250574
250584
250582
250583
250572
250544
250573
250575
250599
250604
250607
250603
250593
250594
250595
250540
250598
250596
250539
250536
250571
250533
250535
250521
250520
250518
250519
250509
250326
250407
250512
250513
250514
250516
264239
250433
250435
250432
250434
250427
250488
250481
250484
250458
250455
250459
250453
250456
250420
250421
250423
250424
250418
250391
250390
250376
250374
250369
250372
250368
250359
250229
250228
250230
250231
250224
250225
250222
250223
250247
250248
250373
250387
250375
250388
250389
250397
250419
250392
250398
250451
250452
250425
250479
250478
261741
250429
250428
250417
250414
250415
250412
250416
250411
250403
250408
250426
250405
250409
250399
250401
250400
250402
250262
250253
250261
250258
250264
250323
250322
250314
250259
250257
250306
250315
250316
250320
250325
250327
250334
250329
250330
250328
250319
250307
250317
250308
250318
250321
250305
250254
250255
250260
250256
250250
250251
261576
250252
250404
250263
250413
250410
250422
250249
250431
250430
250511
250406
250335
250324
250515
250336
250532
250524
250517
250525
250436
250480
250482
250351
250605
250606
251892
238651
238652
250243
250238
250242
250236
250237
250239
250240
250241
250244
250214
250215
250246
250245
250212
250207
250208
250213
250206
250232
250233
250234
250235
250486
250490
250495
250494
250493
251441
251444
251445
251428
251429
251430
251421
251420
251440
251439
250492
250496
250501
250499
250497
250498
250491
251442
250736
250737
133268
139537
139538
249879
249880
251231
139540
139539
139542
139541
249881
139753
248985
249865
249866
249867
249869
251230
249870
249873
249878
249882
249876
249875
249919
249917
249918
249906
249907
249900
249895
249854
249902
249903
249849
249852
249855
249856
249857
249844
249853
249845
249860
249859
249858
249150
249276
249841
249843
249850
249851
249846
249848
249847
249874
249899
249904
249872
249862
249871
249868
249215
139756
263691
249861
248389
249863
249864
249277
139755
139754
249281
249877
249893
249892
249890
249891
249631
249791
249795
249929
249931
249938
249949
249953
249954
249955
249962
249977
249978
249985
249986
250037
250036
250034
250033
250032
250031
264150
250006
250019
264149
250021
250001
250016
250000
249993
261594
249936
249992
249990
249991
249710
249933
249932
249656
249663
249662
249708
249711
249713
249717
249714
249721
249722
249719
249726
249732
249739
249740
249736
249741
249735
249737
249738
249716
249718
249706
249707
249705
249654
249658
249657
249655
249720
249723
249733
249734
250007
249724
249712
249660
249659
249661
249715
249709
249725
249935
249994
249995
249996
250003
249944
249942
249947
250004
249946
250024
250025
250028
249973
249974
250027
249975
249976
249971
249970
249941
249939
249943
249934
250002
250008
250009
250012
250017
250018
249742
249743
249997
249998
249999
250005
250020
250026
250030
250029
250035
249982
249979
249980
249969
249968
250067
250066
250065
249914
249910
249911
249912
249908
249898
249897
249896
249817
249816
249829
249815
249832
249835
249836
249838
249839
249837
249960
249964
249958
249834
249950
249827
249952
249825
249820
249824
249805
249823
249796
249802
249801
249806
249819
249799
249788
249775
249774
249807
249808
249809
249812
249813
249828
249822
249810
249792
249804
249798
249821
249818
249826
249833
249831
249811
249814
249909
249901
249830
249840
249913
249959
249961
249966
249967
249981
249965
249984
249983
249972
249963
249957
249956
249951
249945
249948
249940
249930
249937
249797
249790
249632
238157
249988
238158
249748
249905
250068
249987
249915
249920
249916
250069
250072
238248
238249
250280
250282
250332
250350
250352
250354
250347
250346
250333
250343
250338
250339
250337
250303
250302
250296
250295
250297
250300
250310
250311
250312
250286
250290
250293
250292
250675
250682
250681
250683
250676
250678
250677
250672
250291
250673
250288
250294
250301
250313
250344
250349
250331
250304
250284
250285
250353
250522
250523
264124
249750
250287
250289
250671
250275
250558
237975
237976
237986
238013
249730
249744
249727
249731
249745
249746
249747
238159
249729
250309
250276
238160
250278
250283
250269
250272
250274
250273
250270
250271
250277
249728
250268
250265
250266
250267
249572
249574
250203
250202
250204
250205
250209
250210
250211
250279
250281
249749
250011
250010
249526
249529
249571
249573
249577
249580
249575
249576
242098
249568
249569
249570
242099
242195
236634
236633
250047
250051
238682
250049
250048
238683
249365
250691
250690
250058
250062
250064
250694
250695
250699
250700
250782
250785
250816
250799
250803
250806
250808
250850
250775
250770
250772
250776
250771
250765
261742
250762
250764
250761
250723
250724
250725
250727
250766
250767
250722
250804
250721
250720
250715
250719
250713
250714
250698
250697
250716
250705
250706
250711
250712
250708
250710
264159
250709
250707
239629
250696
250692
250693
237879
237445
237878
250689
236961
236962
237041
241992
250023
250717
250726
250760
250759
250763
250769
250809
250820
250819
250852
250818
250817
250823
250837
250835
250165
250834
250160
250802
250830
250831
250829
261738
250825
250827
250832
250828
250826
250793
250792
250791
250121
250790
250117
250119
250118
250158
250154
250153
250152
250155
250156
250133
250131
250129
250103
250104
250111
250113
250110
250114
250789
250788
250794
250812
250814
250795
250085
250797
250796
250786
250783
250108
250787
250112
250106
250105
250097
250100
250098
250099
250093
250073
250094
250095
250039
250038
250040
250042
250045
250050
250052
250041
250044
250053
250054
250059
250056
249361
250055
249362
250043
249989
250092
250096
250060
250063
250109
250101
250102
250116
250115
250120
250086
250159
250801
250798
250800
250810
250811
250813
250815
250807
250768
250805
250718
250784
250701
250704
250702
250703
250107
250061
250057
249366
250046
241993
250014
250013
250015
250022
250679
250680
250123
250298
250687
250728
250729
250731
250733
250734
250732
250730
250746
250750
250751
250749
250554
250357
250547
250546
250555
250556
250560
250559
250548
250543
250542
250541
250545
250348
250345
250340
250355
250557
250742
250743
250356
250341
250342
250688
250685
250686
250674
250299
250684
242191
242204
263780
263785
263786
242201
242203
242202
242200
261281
242199
242198
242110
242121
242126
242128
242127
261280
242192
240259
240260
242108
242107
242104
242105
242101
242103
242109
242106
241700
241702
242102
241744
241752
241754
241753
241755
241756
133138
133139
133310
133276
133284
133285
133299
133307
133308
133337
133349
133351
133355
133354
133353
133347
133345
133346
133335
133327
133326
133333
133343
133340
133341
251278
251288
251289
251290
251293
251294
251297
251292
251286
251291
251295
250167
250168
251283
251282
251281
250147
251279
251273
251270
251272
251271
251274
251275
133338
133329
133331
133339
133324
133302
133303
133292
133322
133328
251266
251264
251265
251261
251262
251258
251257
251254
251250
251251
251252
251256
251255
251248
251247
251246
251241
251244
251239
251240
251238
251237
251235
251232
251234
251233
133259
133260
249885
249886
249883
249887
249888
249889
249923
249894
249921
249925
249884
249924
251236
133264
133265
133266
251245
133286
133289
133290
251249
251243
251242
249922
249926
249927
249928
250082
250083
250084
250087
250089
250139
250142
250143
250144
250150
250163
250161
250164
250162
250833
250151
250141
250146
250135
250157
250138
250137
250136
250140
250125
250122
250070
250071
250076
250077
250128
250078
250079
250124
250091
251268
250074
250075
250080
264162
250081
251253
250088
250090
251260
251259
133321
133287
133288
133291
133295
133296
133297
133281
133280
133279
133278
133294
133293
133300
133330
133323
251267
251263
251269
250148
250145
250149
251284
250836
251285
251287
251280
251276
251277
133332
133325
133301
133304
133305
133334
133344
133342
133350
133348
133336
133309
133306
133298
133283
133282
133277
133275
133263
133261
133262
250130
250134
242194
239631
239640
239641
239632
263482
263485
263494
263493
263486
263488
263487
242193
