1552
186197
186681
186680
186682
186688
186697
186698
186702
186619
186618
186622
186602
186612
186601
186593
186594
189699
189700
189701
190374
190375
189697
190365
190373
190370
190369
190367
190372
189704
189705
189706
190361
190360
190359
190357
190355
190351
190352
190302
190324
190323
190326
189713
189714
189716
190313
190314
190312
190304
190308
190306
190271
190288
190289
190292
190291
190297
190299
190296
190293
190294
190303
190329
190330
190332
189932
190334
190345
190340
190342
190341
190337
190336
190343
189948
189945
189947
190333
189933
189934
190331
190363
189844
189846
189854
189853
189847
189896
189897
189890
189891
189886
189898
190272
189899
189900
190262
189901
189893
189894
190277
190276
190281
190310
190311
190264
190280
190278
190266
190246
190248
190263
189721
189722
190249
189723
190247
190242
190243
190244
190235
190237
190180
190241
190178
190256
190255
190254
189726
189727
190183
190182
190233
190199
190206
190207
190209
190211
190208
190212
190592
190203
190204
190205
190215
190214
190213
190228
190230
190216
190227
190225
190217
190219
190220
190221
189863
189865
189866
189860
190274
189856
189857
189861
189870
189868
189869
190558
189824
189825
189826
189827
189828
189872
189885
189873
189867
189862
189858
189822
189855
189821
189818
189819
189814
189812
189811
189817
189820
189808
189809
189816
190196
190202
190195
189804
189777
189780
189779
189778
189810
189813
189859
189864
189823
190218
190210
189815
190201
190200
189728
190589
186256
186255
186284
186412
186418
186450
186447
186459
186466
186469
186517
186745
186751
187092
187090
187103
187104
187108
187106
187107
187109
187080
187093
186756
186755
186528
186521
186520
186453
186455
186456
186458
186527
187091
186752
186744
186743
186741
186668
186667
186669
186670
186672
186673
186695
186674
186677
186678
190574
186660
186661
186676
186201
186648
186649
186650
186568
186558
186559
186566
186569
186588
186663
186662
186587
186589
186597
186591
186595
186590
186578
186585
186581
186582
186571
186570
186565
186561
186557
186553
186563
189709
186547
186545
186546
186550
186543
186542
186551
186645
186646
186655
186460
186445
186443
186444
186467
186664
186471
186470
186465
186452
186428
186432
186423
186424
186425
186430
186433
186295
186297
186298
186302
186536
186535
186537
186541
186293
186294
189719
186282
186276
186277
186275
186274
186272
186303
186299
186300
186420
186287
186291
186288
186281
186280
186289
186290
186269
186279
186267
186273
186292
186296
186421
186422
186419
186429
186442
186431
186549
186651
186461
186552
186462
186463
186464
186301
186544
186540
186539
186562
186564
186574
186573
186579
186575
186586
186584
186583
186560
186556
186555
186554
186548
186567
186200
186647
186675
186654
186652
186653
186665
186666
186671
186529
186519
186518
186468
186451
186457
186446
186448
186449
186441
186427
186426
186416
186413
186286
186268
186271
186270
189725
190181
190179
190234
190222
190231
190229
190240
190226
189724
186283
186278
190250
190245
190236
190223
190224
190267
190265
189720
190279
190275
190273
189895
189871
189889
189888
189887
189874
189892
189845
189946
190335
189931
189935
190295
189929
190285
190286
189902
190287
190268
190270
190269
190305
190282
190298
190309
189718
189717
189715
186538
189712
190325
190284
190283
190307
190301
190300
190350
190353
190327
189711
189710
190356
190354
189708
189707
186576
186572
189703
190368
190358
190362
190344
190364
190585
190371
189702
186580
189698
186577
186592
186596
186600
186599
186598
186696
186683
186684
186679
186199
186198
187202
190399
190397
190403
190407
190462
190400
190401
190405
189695
190402
190396
190381
190366
190346
190347
190348
190376
190384
190377
190024
190339
189958
189957
189950
189951
189941
189949
189955
189953
189952
189960
189956
190018
190028
190040
190026
190025
190027
190031
190030
189979
189985
190014
190021
190017
189877
190013
190012
189942
189943
190545
190547
190548
190555
190556
190551
190554
189841
190570
189842
190553
189843
190552
189836
189840
189839
189879
189838
189880
190543
190541
190540
190544
190542
190549
189837
190546
189944
189920
190569
189910
189911
189924
189923
189926
189927
189928
189851
189852
189883
189882
189875
189829
189830
189831
189849
189884
189903
189848
189850
189835
189834
189833
189937
189930
189936
189938
189907
189925
189908
189921
189922
189912
189909
189919
189918
189917
189881
189876
189878
189961
190015
190023
190022
190020
190016
189916
189915
189914
189940
189913
189939
189954
190019
189959
190029
190349
190338
190382
190383
190378
187203
186603
186613
186614
186626
186625
186632
186633
186842
186850
186851
186853
186637
186638
186636
186630
186635
186634
186631
186629
186624
186615
186616
186627
186628
186606
186607
189696
186605
186611
186604
186608
186617
189694
186609
187277
187278
140629
187089
187088
190729
190744
190745
190746
187154
187157
187156
187121
187122
187123
187134
190730
187161
187146
187145
187147
187162
187163
187144
187131
187132
187133
187119
187114
187126
187127
187125
187135
187112
187113
187115
187116
187102
187101
187100
187098
187099
187105
187111
187150
187148
187151
187152
187149
187096
187097
186754
186753
186747
186746
186748
186749
186750
186798
186799
186800
186802
186816
186817
186818
186825
186826
186911
186916
186910
186914
190588
186913
186894
186897
186898
186907
186919
186918
186927
186926
187165
187164
187136
187138
187137
187086
186932
186931
186930
186925
186924
186923
186901
186906
186905
186878
186899
186877
186879
186880
186881
186886
186885
186871
186872
186868
186867
186866
186865
186864
186863
186849
186852
186854
190522
186870
186869
186900
186917
186908
186904
186882
186893
186862
186861
186858
186856
186847
186855
186859
186860
186789
186739
186737
186779
186782
186783
186815
186814
186807
186808
186810
186791
186790
186806
186803
186801
186794
186781
186777
186773
186771
186772
186766
186768
186767
186764
186723
186724
186727
186736
186729
186725
186726
186730
186721
186717
186722
186828
186846
186841
186843
186845
186840
186620
186621
186623
186706
186705
186703
186704
186714
186711
186710
186709
186691
186690
186686
186685
186687
186699
186689
186701
186708
186700
186827
186718
186716
186707
186720
186719
186715
186713
186712
186728
186765
186694
186769
186770
186774
186805
186809
186792
186780
186778
186735
186732
186733
186738
186734
186848
186731
186844
186788
186787
186857
186785
186786
186784
186896
186895
186909
187139
187140
190519
190520
186912
186820
186821
186824
186819
186804
186795
186811
186796
186793
186775
186797
186776
186692
186693
186742
186740
186761
186760
186762
186763
186758
186757
186759
186823
186822
187118
187117
186915
187141
187130
187142
187129
187143
187128
187124
187120
187155
190747
187110
187158
187159
187160
187087
139801
186642
139802
189904
190253
190523
189905
190521
189906
186643
186644
186640
186639
186883
186884
186902
186903
186922
186934
186935
186933
186928
186929
139923
186641
189664
190433
190524
189691
190418
190691
190688
190689
190687
190417
190409
190411
190414
187268
190390
189626
189625
190427
190428
187962
190463
190464
190465
190466
190461
190460
190458
190459
190454
190453
190452
190451
190450
190448
190447
190449
190319
190318
190317
190316
190476
190477
190475
190474
190467
190468
190076
190002
190001
190470
190471
190469
190003
189689
190257
190290
190315
190472
189688
190731
190004
190005
190539
190537
190538
190565
190672
190671
190563
190564
190568
190715
190720
190714
189977
189976
189971
189970
189969
189974
189997
190679
190007
190008
190006
190065
190068
190071
190073
190072
190074
190079
190105
190107
190111
190106
190098
190099
190102
190095
190089
190088
190086
190097
190101
190438
190439
190442
190441
190437
190436
190440
190425
190426
190395
190393
190391
190392
190387
190388
190669
190037
190036
190035
190398
190404
190419
190690
190415
190416
190412
190406
190432
189693
186610
190034
190038
190039
190385
190044
190045
190046
190091
190090
190047
190084
190094
190092
190085
190081
190048
190060
190082
190061
190062
190063
190058
190057
190055
190053
190049
190050
190052
186888
190054
186892
189965
190561
189966
189987
189986
190562
190721
190559
190567
190566
190560
190722
189967
189963
189984
189983
190009
189973
189962
186887
189964
189972
190011
190051
189993
190010
190056
189982
189981
189980
190041
189978
190043
190080
190042
190033
190032
190386
190380
190379
190093
190424
190423
190431
190422
190435
190100
190087
190083
190066
190096
190103
190109
190115
190114
190117
190108
190110
190104
190078
190075
189998
189988
189990
190070
189989
190069
190067
190064
190059
189991
189992
189994
190678
189995
189968
186889
186891
190719
186890
190713
189975
189996
189666
190000
189999
189668
190077
190116
189667
190473
190118
190119
190112
190320
190113
190445
190321
190322
190446
190258
190443
190259
190444
190260
190429
190430
190261
190456
190457
190455
190421
187963
190394
188331
188333
188350
189611
190389
188334
190420
188332
189612
188351
187269
187267
190410
190408
190413
189692
189690
190434
187961
189665
186220
186228
186236
186388
186392
186475
186474
186482
186485
186500
186504
186506
186505
186488
186480
186404
186393
186386
186261
186222
186224
189738
190130
190128
189764
186501
186486
186481
186405
186406
186391
186389
186238
186223
186225
189739
189740
190127
190126
189761
189763
189741
186221
187049
186226
186259
186385
186398
186407
186478
186487
186507
187063
187062
187061
187074
187075
187076
187077
187066
187065
187079
187078
187084
187153
190749
190754
190750
187083
187069
187082
187068
187085
187064
187081
186525
186516
186515
186509
186439
186438
186440
186417
186411
186414
186415
186435
186401
186402
186403
186265
186263
186248
186247
186250
186253
186285
186254
189729
189730
190251
190252
190238
190239
190232
190197
190198
190194
190193
190583
190171
190165
190164
190162
190177
190176
190188
190174
190189
190190
190172
190173
190168
190159
190160
190166
190153
190154
190155
189797
189792
189795
189796
189799
189801
189802
189807
189803
189793
189783
189784
189782
189773
189774
189789
190158
189791
190141
190140
190139
189787
189786
190716
189771
189769
190138
189760
189733
186244
189759
189785
189776
190550
189775
189781
189794
189790
190157
189788
189758
190167
189757
189756
189732
190175
190156
190163
190161
189800
189798
189806
189805
190170
190169
190186
190192
190191
190187
189731
186257
190571
186251
186249
186243
186262
186410
186264
186434
186436
186454
186526
186532
186530
187070
187071
187067
187051
187053
187052
187060
186531
186534
186533
186524
186523
186513
186511
186510
186512
186490
186479
186409
186437
186400
186399
186508
186514
186522
186489
186477
186408
186397
186387
186390
186266
186252
186239
186241
189734
190136
190137
190135
190134
190132
190129
189765
189766
189767
189768
189737
190131
189736
186246
190133
189772
189735
186242
186240
186260
186258
186245
186227
