3528
8871
8873
8922
8874
8875
8872
34499
8103
8115
8849
34945
35054
8847
8850
8852
8851
8848
8186
8185
8184
8177
8176
8178
8846
8114
8171
8111
8113
8817
8818
8819
8820
8844
8843
8845
8853
8854
8855
8821
35051
8856
8857
8859
8836
8908
8911
34498
35052
8912
8913
8914
8915
8916
34502
8910
8919
8861
8865
8862
8864
34944
8863
8860
8909
8858
8822
8832
8831
8826
8827
8829
8833
8830
8828
8815
8812
8813
8814
8825
8824
8823
8816
8104
9769
9770
16933
7787
6514
6515
7786
7812
7813
7900
7899
7901
7817
7911
7914
7912
9205
7913
7915
7923
7926
7925
8561
8563
8565
8564
8554
8550
8551
8552
8553
8543
8545
8542
8544
8541
8549
7829
7831
7827
7828
7830
7833
7832
7920
8560
7922
8562
7919
7918
7929
8570
34206
7931
7928
7953
7954
7956
7955
7946
7943
7952
7945
7947
7941
7944
7907
7641
7640
34719
7723
7724
34200
7921
7927
7924
7826
7824
34651
7917
34650
7821
7825
7916
7819
7820
7814
7815
34648
34649
7811
7810
7794
7793
7797
7799
7798
7818
7808
7800
7807
7801
7822
7909
7853
7789
7705
7788
7706
7707
7835
34720
34718
34199
34198
7839
7834
7719
7721
7741
7742
7740
7720
7816
7785
7195
7194
7774
7362
7769
7770
7783
7778
7784
7771
7772
7782
7779
7781
7780
7768
7260
7359
7256
7255
7258
7259
7257
7261
7357
7358
7361
8557
8556
15283
8555
8559
8589
8566
8569
8567
8558
20696
12229
15286
15348
15350
15349
15318
18496
35425
15317
15284
15314
15313
15316
15315
15291
15285
12230
33442
7355
7363
7365
7360
7364
8568
8580
8590
8591
8581
15331
15646
15352
15605
15601
15602
15606
34121
15608
15607
15604
15609
15410
15641
15642
15639
15411
34124
34125
34122
15640
15422
15425
15427
15428
15426
15429
15424
15423
15401
15409
15400
15397
15398
34910
15396
15363
15364
15361
15366
15368
15367
15356
15370
15369
15386
15387
15389
15415
15416
15419
15418
15394
15637
15393
15392
15603
15391
15379
15377
15378
15376
15374
15375
15383
15373
15372
15359
15371
15355
15353
15354
34906
15358
15337
15332
15339
15343
15340
15342
15341
15395
15344
15345
15346
15347
15336
15335
15334
15384
15417
15388
15385
8594
33675
15382
15381
15380
15365
15357
15360
15338
15362
15399
15390
8595
15420
15421
15600
15351
15638
15333
34277
34278
8579
15430
16003
16007
15643
15644
15645
7743
7747
7836
7837
7840
7841
7752
7746
7751
7750
7745
7748
7749
7744
7930
7962
7967
8596
8578
8577
7958
7957
8597
8575
8572
8576
8571
8573
8574
8582
7963
7960
7961
7959
7760
7761
34639
34640
7842
34638
7860
7845
7846
7847
7848
7849
7850
7878
20802
7851
7852
7879
34647
34643
34644
7880
34645
7857
7855
7854
7856
7881
7859
7858
7882
7932
7949
7950
7933
7936
35437
7935
7942
7939
7940
7938
7908
7934
7904
7838
7903
34646
7843
7844
16706
34070
31895
34750
31896
16724
16725
16711
16710
16708
16707
6689
6690
35440
35438
35439
7986
7995
8092
8090
8096
8091
8093
35441
8094
8097
8098
8101
8102
8110
8108
8109
8089
8087
8084
8082
8085
8088
8105
8107
8106
8086
8095
7998
7996
7997
7992
7993
7994
6895
6877
6878
7989
8634
7988
7991
7990
7987
34946
8083
8080
35050
8081
35260
6894
6896
16740
8100
8130
8126
8127
15880
8349
34653
8351
8354
34771
34772
34773
8452
8460
8700
8713
8715
8716
8718
10891
11153
11154
16680
10858
8721
8722
8723
8724
8754
8760
8759
8764
8775
8781
8780
9476
9480
9481
9483
9497
9499
9521
9522
9530
9535
16384
16170
16169
16445
9537
9538
9549
9560
9568
9556
9526
9557
9523
9524
9520
9519
9516
9517
9495
9479
9181
9182
9478
9518
9208
9209
9210
9222
9551
9571
9574
9554
9553
9555
9552
16346
16345
16344
16408
35245
33494
16362
16361
16363
16456
16341
16337
16340
16338
16339
9514
9531
9543
16342
9541
9542
9540
33495
9539
9546
9547
9447
9451
9448
9512
9511
9509
9508
9507
9490
9491
9489
9502
9500
9501
9504
9505
9510
8806
15879
15875
15878
15872
8796
8794
8801
8800
8799
8798
8797
8788
8790
8789
11188
8791
8792
8742
8741
8746
8735
8712
8711
8710
8727
8726
8717
8708
8706
8701
8705
8707
8709
8728
8787
8770
8768
8769
8766
8757
8771
8772
8784
8786
9488
8758
8756
8729
8730
8731
8765
8767
8785
8804
8795
8793
8803
8802
8805
9484
9485
9486
9487
9503
9493
9506
9513
16336
16404
16343
9545
9544
9550
9548
9533
9534
9536
9532
9525
9527
9528
9529
9498
9492
9496
9494
9482
8783
9477
9475
9474
8777
8531
8529
8530
9173
9176
9174
9179
9180
9172
9170
9171
9169
9168
9166
8413
8412
8519
8517
8518
8515
8521
8522
8514
8513
8509
8490
8508
8488
8489
8491
8502
8525
8527
8506
8504
8505
34625
8498
8499
8496
8463
8461
8458
8462
8457
8484
8470
8456
8455
8495
8492
8493
34623
8494
8503
8516
8501
8459
8485
8486
8487
8510
8511
8512
8520
9167
8524
8526
8523
8528
8532
9175
8782
8762
8774
8773
8763
8761
11187
8507
8755
8500
8719
8720
8497
8725
10854
8714
8702
8453
8454
16425
16431
16430
16455
16451
16454
16453
16452
16500
16504
16505
16506
16507
16514
16515
16517
16543
16516
16540
16512
16538
16513
16509
35431
16742
16508
16644
16645
15967
16352
16356
16380
16390
16391
16399
16394
16396
16400
16403
16627
16631
16641
16741
35267
16632
16630
16629
16633
16441
16439
16440
16628
16448
16442
16449
16459
16457
16460
16458
16461
16450
16437
16436
16435
16432
16413
16415
16412
16416
16426
16418
16365
16406
16414
16423
16424
16427
16428
16422
16419
16420
34249
16421
16480
16479
16407
16405
16411
16410
16409
16372
16370
16368
16360
16357
16349
16351
16358
16369
16392
16433
16388
16364
16373
16371
16393
16434
16443
16444
16417
16446
16447
16395
16438
16389
16375
16359
16354
16353
16348
15874
15877
34234
15876
16347
15882
15881
16350
16333
16334
16335
16332
35426
16331
16330
16639
16638
16640
16637
16636
16681
16682
16766
16768
34450
16827
16829
16832
16833
16839
16831
16837
16835
16838
35266
16826
16807
16825
16804
16806
16818
16819
16795
16796
16801
16815
16764
16800
16802
16789
16805
16788
16786
16759
16757
16756
16758
16747
16743
16656
16657
16649
16647
16648
16652
16654
16655
16651
16650
16642
16643
16646
16746
16760
16787
16761
16744
16803
16836
16828
16834
16840
16830
16824
16765
16767
16653
16501
16503
16559
16928
16810
16811
16812
16929
16930
16931
16914
16913
16908
16910
16909
16561
16906
16907
16912
16911
16814
16932
16821
16822
16934
16823
16820
16763
16797
16816
16762
16754
16752
16755
16798
16557
16556
16799
16511
16510
16753
16751
16794
16748
16749
16558
16745
16727
16750
16817
16813
16793
16809
16808
16560
16548
16542
16547
16549
16555
16541
16544
16539
16545
16502
9433
9585
9583
9584
9586
9602
9587
9607
9611
9613
9612
9614
9615
9617
9616
16887
16888
16896
16897
16927
12712
16891
16899
16900
16901
16905
16554
16894
16904
16553
16552
16551
16537
16536
16535
16527
16528
16523
16524
14341
14340
34989
16518
16529
16550
16499
16497
16498
16496
16487
16495
16488
16489
16490
16494
16520
16519
16521
16530
16531
16534
14358
14357
16473
16532
16533
16478
16885
16884
9610
9609
9601
9600
9599
9593
9597
9594
9596
9592
16470
16471
16469
16468
16467
16466
16465
16462
9572
9578
9577
9579
9581
9573
9575
9576
9580
16463
16464
16484
9582
9595
16474
16475
16476
16477
16883
16522
16472
16493
16492
16485
16486
16481
16483
16491
16526
34172
16525
14356
16895
16898
16890
16889
16886
9608
9588
9589
9590
35394
9591
9598
9565
9564
9561
9562
9567
9559
9558
9563
9566
16482
16429
9644
35265
9647
21634
9645
12719
9646
9714
9722
9715
34991
9721
9718
9719
9653
9650
9720
9648
9651
9652
16925
16920
16926
16923
16924
16922
16918
16917
16902
16892
16893
16903
16916
34994
16919
16921
16915
9649
9701
9703
9704
9732
9733
9734
18398
18396
18397
9717
9716
9735
9737
9736
9713
9710
9711
9712
9702
9707
9709
9708
9187
9197
9198
9199
9292
9294
9293
9300
9299
9301
35225
35224
9303
9302
9316
35227
35226
9203
9206
9211
9202
9201
9193
9194
9296
9297
9298
9304
9306
9307
9308
9309
9325
9333
9334
9335
9338
9339
9341
9342
9343
9419
34990
9418
9424
9425
9352
9351
9344
9345
9347
9317
9318
9319
9346
9348
9313
9312
9329
9328
9327
9311
9310
9330
9340
9289
9288
9287
9406
9401
9399
9400
9412
9415
9414
9413
9402
34179
9277
9280
9281
9278
9279
9322
9324
9323
9286
9260
9256
9258
9257
9249
9250
9254
9255
34776
34804
34803
34809
9252
9253
9285
9336
9337
9332
9326
9331
9259
9305
9191
9192
9416
9417
9420
9421
9422
9423
9450
34695
9449
9212
9214
9215
9220
9217
9218
9221
9219
35341
9213
9216
9353
9427
9438
9440
9437
9439
9426
9429
9432
34596
9436
34342
9441
9442
9443
9446
9452
9453
9445
9603
9604
9605
9621
9624
9634
9635
9629
9630
9655
34981
9660
9662
34694
9661
9666
9668
9682
34684
9681
9680
9683
9684
9699
9700
9695
10078
9694
10069
9692
10073
10075
10076
10079
10081
10085
10080
10082
10083
11991
10077
10072
10070
10071
9473
9924
10068
10074
9472
9470
9471
9468
9469
9466
11992
9467
9687
34687
9676
34685
9663
9678
9664
34038
35274
34686
9658
9657
9632
9656
9461
9457
9458
9460
9459
9456
9623
34489
9625
9626
9631
9627
9628
9691
10067
9688
9693
9697
9677
34683
9679
9667
9642
9643
9670
9674
9665
9671
9673
9672
9669
9675
9698
34691
9659
9636
9638
9639
9637
9640
9641
9633
9620
9619
9622
9618
35339
9606
9455
9454
9444
8423
8468
8466
8476
8467
8469
35396
35395
8477
8480
8483
34654
34701
8482
9154
9157
9163
9188
9189
9190
34993
9158
9161
9155
8471
8465
8472
8473
8478
8479
8481
9153
8464
8447
8449
8451
8450
8475
9151
8124
34761
34762
8951
8954
8959
8958
8962
8955
8952
8957
8956
9105
9106
9108
9119
9116
9117
9118
9121
34090
9120
8964
9125
34898
9124
9227
9245
34092
9231
9243
9251
9242
9268
9264
9266
9267
9237
9236
9238
9262
9263
9235
9232
9015
9016
9234
34238
9233
9261
9051
9269
9272
9271
9386
9389
9387
9390
9393
9398
9395
9394
9396
9273
9283
9284
9282
9276
9275
9373
9391
9392
9407
9397
9411
9410
9371
9376
9377
9378
9379
9380
9408
9409
9372
9375
9370
9366
9367
9056
9358
9359
9362
34900
9361
34903
34901
9360
9383
9384
9388
9052
9057
9364
9363
9356
9357
9355
9053
9054
9040
9032
9033
19020
19021
9034
19098
9027
9024
9022
8985
8986
9026
9023
9036
9037
9039
9045
34764
9038
9041
9042
9043
9046
9048
9047
9009
9029
9354
9365
9055
9044
9274
34902
9270
9385
9049
9050
9012
9013
9225
9223
9224
16546
9226
8778
8779
9239
9228
9265
9244
9230
9229
34344
31555
9126
9129
9130
35340
9139
9141
9142
34208
9140
9246
9143
9148
9247
9248
9295
9290
9291
34558
9195
9196
9200
9186
9185
9183
9184
9159
9160
9134
9146
9144
9145
9132
9100
9133
9099
9152
8444
8474
8442
8443
34775
34774
8440
8439
8441
9086
9085
9087
9097
9078
9082
9083
9089
9092
9090
9091
9093
9095
9071
9073
9110
9115
9114
9111
9069
9072
9065
9062
9064
9067
9068
9061
8898
9059
34759
8399
8400
8403
8415
8408
8414
8407
8401
8402
8398
8397
8884
34091
34610
8393
8396
8391
8392
8395
8394
8404
8421
8417
8419
8418
8409
8411
8428
8430
8429
8432
35228
8433
9063
8427
8420
8431
8426
8425
8422
8424
8410
8416
9058
8899
34207
35259
9102
35242
8907
21409
21408
8905
8901
8900
8904
8903
8902
8891
8890
8889
8888
8876
9060
8811
8906
9066
9088
9094
9070
9079
34777
9075
9076
9077
9084
8434
8438
8435
34982
8436
8437
34655
9096
9098
9131
9150
9149
9147
9135
9136
9137
9138
9074
9128
34983
8963
8961
8965
8996
8997
8995
8992
8998
8991
9000
9001
9007
9008
9010
9014
9006
9004
9003
8994
9011
9005
9002
8993
8990
8974
8987
35442
8893
8945
8943
8941
8944
8934
8946
8971
8980
8981
8982
8984
8983
8999
8972
8969
8968
8979
8967
8932
8933
35056
8940
8937
8935
8926
8925
8936
8923
8920
8917
8918
8927
8928
8839
8929
8975
8977
8978
8930
8966
8970
232229
8976
8842
8837
8838
8840
8924
8931
8942
8973
8892
8989
35055
8988
8960
9112
9113
9123
9122
9107
9104
9109
34356
9103
9101
8939
8953
8949
8948
8947
34760
8125
8950
35068
7766
7767
7868
8007
8009
8008
7867
7869
7864
7861
7862
7865
7866
7874
7875
8219
8221
8236
8235
8237
8239
8240
8241
8269
8274
34641
8273
8323
35229
8330
16730
8334
8335
8448
8446
8445
8294
8293
8292
8329
34892
8331
8328
8305
8302
8267
8268
8270
35436
8234
8230
8242
8303
8238
7898
7889
7890
34642
7887
7891
34272
7886
7885
7883
7884
7893
7896
7948
7937
35102
35103
35104
7894
7897
7951
8295
8296
8297
8299
8300
8301
8304
8298
7895
7892
7888
8233
8220
7876
7877
7872
8012
8216
8222
8224
8223
8227
8244
8247
8248
8255
8256
8259
8261
34979
34980
8260
8266
8362
8363
8364
8369
8373
8370
8371
8372
8361
8358
8360
8896
8359
8357
8258
8355
8367
8368
8386
8387
8405
8406
8388
8390
8389
8366
8381
8383
8385
8365
35421
8152
8203
8202
8204
8205
8206
8879
16168
8210
8877
8878
8880
8183
8207
8198
8199
8200
8196
8201
8169
16069
16070
8193
8164
16306
8156
8137
8136
8159
8162
8158
8161
8163
8160
8138
8133
8116
8132
34204
34203
8046
34480
8052
8051
8045
8047
8033
8048
8053
8054
8057
8120
8117
8119
8118
8121
8122
8123
8142
8134
8155
8135
8140
8141
8143
8149
8165
8166
8168
8147
8144
35066
8076
8145
8077
8073
8079
35231
8063
8075
8061
8065
34202
8058
8022
8015
8019
8020
8035
8037
16038
14538
14563
14976
14977
14807
14595
14577
14594
15914
15911
15913
15912
15822
14539
14558
16104
16103
14575
14593
14574
14576
15306
15567
16039
8038
8039
8042
8043
8049
8050
8070
8044
8059
8064
8041
8040
8003
8004
8034
8029
8030
34664
8036
8018
8014
8005
8006
8016
8023
8025
8024
8017
34699
34698
34700
34696
34697
34984
8010
8011
8027
8225
23508
8026
8066
8021
8067
8068
14511
16732
16731
14481
8060
8062
8074
8071
8072
8139
8055
8056
8031
8032
8129
8128
8174
8173
8175
8172
8180
8197
8179
8131
8167
8157
8195
8194
8191
8192
8190
8188
34205
8189
8182
8181
8187
8170
8150
35067
8153
8154
8151
8356
8265
8263
8264
8283
8252
8250
8251
8253
8254
8262
8257
8146
8249
8078
8243
8245
8246
8232
8229
8228
8231
8069
8226
8013
9754
7871
7870
7873
8215
8217
8218
8275
8272
8284
8285
8282
35230
8281
8271
8276
8278
8376
8378
8379
8380
8375
8374
35069
8279
8280
8377
8288
8289
8290
8291
8640
26567
34606
34609
34608
34611
26568
34607
15723
15752
15725
15730
15729
15733
15734
15802
15773
15775
15777
15781
15811
15814
15816
15824
15825
15827
15826
15839
15818
15821
15885
15886
15830
15884
15883
15820
15828
15829
15832
15833
15831
15834
15894
15852
15853
15854
15858
16035
16036
34911
16030
16037
16033
16049
16065
16066
16064
16061
16060
16024
16027
16034
16016
16015
16020
16021
16022
15842
15801
16011
16010
16012
16013
16017
16014
16019
16018
16008
16009
16006
16005
16004
15795
15793
15794
15796
15797
15799
15798
15836
15837
15838
15841
15843
15845
15846
15855
15851
15848
16028
16029
16032
16025
15835
15840
34912
34928
15813
15790
15784
15789
15783
15786
15787
15788
15792
15770
15779
15778
15767
15766
15776
15762
15763
15771
15747
15751
15749
15769
15768
15791
15800
15844
15847
16023
34076
16031
16062
16063
16057
16055
16048
16050
16026
15857
15856
15849
15850
15819
15823
15746
15817
15815
15812
15810
15808
15806
15809
15804
15739
15741
15738
15735
15805
15807
15803
15785
15782
15780
15774
15737
15772
15731
15732
15727
15750
15726
15724
15736
15407
15404
15402
15403
15405
15408
15412
15414
15756
34913
15753
15754
15755
15758
15757
19476
19597
15759
15413
15764
15765
15406
7966
7968
7971
7972
7973
8617
8618
8627
8621
8622
8631
8630
8633
8644
8645
8648
8681
8682
8690
8694
8732
8699
15744
15859
18248
15861
15860
35255
15742
8696
8692
8697
8698
15740
35254
8691
8686
8688
8689
8687
8654
15936
8653
8685
8683
8695
8680
8677
8678
8669
8666
8665
8664
8667
8671
8672
8673
10509
10335
8662
8352
8353
8670
8674
8656
8350
8655
8657
8658
8659
8661
8660
8663
8629
8668
8684
8679
8649
8647
8642
8643
8646
8641
8650
15728
8651
8652
8638
8602
8610
8611
8637
8616
8639
8600
8632
8636
8635
8615
8623
8614
8603
8609
8612
8613
8628
8619
8625
8626
8624
8620
8608
8605
8604
8606
8307
8308
8316
8317
8318
8320
8319
34243
8309
8310
8313
8314
8311
8312
8315
8321
8336
8324
8325
8337
16222
8326
8327
8343
8345
8347
8346
8348
8344
8332
8322
34652
8607
8333
15743
15745
8693
15903
7964
7969
7970
7974
7965
8306
8736
8743
8747
8749
8748
8733
8734
8739
15862
15863
15955
35046
35047
15866
15868
15867
15873
15954
8752
8751
8744
8745
8737
8738
8753
8750
8740
15864
15865
15887
15889
15910
15909
15918
15920
15921
15956
15957
15958
15965
15970
15982
15983
15979
15978
15981
15986
15947
15935
15938
15937
15926
15927
15925
15928
15929
15932
15949
15934
16131
16130
16132
16042
16047
16133
16136
16046
16052
16051
16135
16134
16054
16053
16059
16068
16056
16058
16043
34075
16044
34073
35246
34074
16040
16045
16041
15933
15931
15904
15924
15905
16301
15906
15943
15940
15939
15941
15922
15944
15945
15946
15907
15916
15902
15900
15898
15899
15897
15901
15890
15892
34674
15893
15896
15895
15930
15948
15942
15984
15987
15988
35432
15995
35342
15985
15996
15998
16378
16379
16385
16386
16387
16383
16382
16002
16381
16377
16374
16355
15975
15976
15971
15974
16376
16000
16001
15999
15991
15990
15997
15993
15972
15992
15994
15980
15977
15969
15960
15961
15962
15963
15966
15968
15964
15959
15951
15952
15953
15923
15915
15919
15917
15908
15891
15888
15871
15950
15870
15869
14483
16172
16214
16216
16223
16224
16236
16237
16241
16242
16601
16602
16607
16608
16603
16609
16702
16701
16703
16705
16704
16675
16676
16626
16672
16673
16678
16722
16723
16721
16679
16726
16734
16841
16844
16849
16848
16852
16862
16865
16868
16874
16876
16875
16085
16086
19449
16089
16873
16870
16878
16877
16866
16869
16864
16860
16872
16871
16855
16859
16858
16851
16854
34071
16867
16863
16861
16850
16847
16853
16843
16846
16784
16842
16778
16785
16782
16777
16783
16791
16790
16792
16780
16775
16779
16774
16773
16771
16686
16688
16689
16687
16691
16692
16690
16685
19897
16674
16668
16666
16663
16664
16669
16659
16665
16769
16658
16610
16614
16616
16621
16624
16620
16615
16618
16623
34449
16613
16617
16599
16597
16598
16595
16596
16591
16244
16245
16234
16238
16229
16227
16231
16232
16577
16590
16592
16593
16578
16579
16574
16587
34250
16634
16635
34605
16586
16583
16584
16569
16566
16564
16563
16401
16398
16562
16565
16402
16582
16581
16576
16570
16571
16568
34072
16189
16188
16186
16194
16200
16197
16198
16196
16193
16192
16191
16210
16204
16211
16225
16202
16160
16159
16164
16158
16140
16177
16137
16176
34437
16138
16175
34676
34678
34677
34675
16173
16174
15989
16139
16178
16181
16203
16179
16180
16185
16184
16190
16183
16182
16195
16187
16567
16575
16580
16585
16572
16573
16201
16199
16226
16230
16233
16594
16612
16611
16589
16588
16660
16661
16662
16683
16684
16770
16772
16781
16776
16694
16736
16845
16735
16733
16693
16677
16667
16670
16671
16622
16625
16619
16606
16604
16605
16600
16240
16239
16235
16228
16217
16215
16212
16213
16208
16206
16207
34413
34412
34791
16165
16166
16167
16152
16150
16151
16161
16162
16163
16157
16145
16142
16144
16143
16205
16209
16171
14486
16243
16155
16247
16154
16156
16149
16153
16246
16253
16255
16258
16261
16265
16285
16287
16284
16288
16296
16289
16290
16283
16286
16266
16124
16125
16269
16271
16272
21679
16111
16109
16112
16270
16110
16106
16262
16257
16108
16256
16254
16250
16251
16107
16148
16076
16073
16074
16075
16146
16147
14484
16397
16067
16071
16141
7981
7982
7985
34332
15595
15627
15628
15619
15632
15629
15620
15633
15648
15650
15649
15652
15651
15647
15630
15631
15597
15596
8583
8585
8592
8584
8586
8587
8593
8588
8598
8599
8601
7366
7773
7775
7777
7776
7790
7791
7376
7377
7380
7379
34904
7386
7387
7389
7795
7803
7806
7796
7792
7388
7392
7805
7823
7809
7390
7381
7391
7684
7685
7698
9685
20800
20829
20801
9686
7699
7700
7701
7703
7686
7702
7697
7696
7695
7694
7689
7681
7683
34197
7677
7682
7675
7676
7687
7688
7692
7693
10357
7716
7715
7713
7714
7712
7710
7711
7717
7718
7732
7733
7734
7735
7738
7759
7758
10377
10510
7739
34949
7976
7980
7979
7978
7975
18504
34337
34325
7731
7737
35417
7977
7736
7690
7691
7704
7983
8028
7984
35465
7635
7653
7654
7665
7660
7655
7651
7652
7658
7659
7667
7666
7668
7669
7671
7663
7664
7661
7662
7670
7672
14774
14775
35244
15695
35243
15694
16077
16078
19100
35075
19101
15693
15691
15690
15692
15689
15654
15655
15635
15636
15653
35071
15634
