3593
237838
239529
239531
261503
239530
239566
261143
239565
262140
239564
239583
239593
262128
262129
262127
239595
239594
239596
239597
239601
239602
239600
239582
239586
239576
242592
242596
242595
242597
242599
242598
242594
239841
239843
239842
242589
242590
242588
239573
239574
239571
239570
239572
254434
254435
254437
254436
262276
239560
239561
239557
242591
239559
242582
242584
242586
242606
261125
261124
242607
242587
242602
242603
242605
242610
262154
261521
261522
261699
238592
238585
238583
238587
238616
238617
238622
238624
238625
262099
245053
261382
238623
238618
238621
238620
238619
238614
238577
238578
238615
238579
238580
238581
264026
238575
238574
238573
239545
239550
239553
239544
239549
239555
239554
239546
239542
239543
237870
237876
237871
239541
237849
237869
237850
239548
238588
238589
238582
238584
238590
262155
262156
238591
242604
238586
242581
239556
239558
239567
239568
242585
263678
242593
263379
239575
239569
239547
242611
242612
261132
261131
239588
239591
239592
239604
239605
239606
242647
242649
242656
242650
242651
242652
242648
239603
242636
242637
242639
242643
242638
242600
242601
261519
261518
263965
242640
242608
238753
242828
242829
242830
242832
242831
242802
242795
261129
261133
261130
242796
242797
242798
263620
242804
242693
242695
263735
263737
263736
242694
242627
242624
242609
242800
242801
262120
242799
238757
238759
238758
238796
238797
238795
242803
242698
263383
263382
242687
242700
242701
242703
242696
242699
242697
242655
262138
262139
242729
261134
242735
242736
262135
261520
242661
242673
261523
261501
261502
239598
242657
261515
242658
242659
242660
242667
242668
242670
242674
242677
242678
242679
242683
242686
242688
242689
242690
242680
242675
242676
242684
242685
242681
242682
242671
242672
242669
242665
242632
242633
242666
264309
242663
242664
242646
242642
242615
242613
242614
242616
242662
242618
242617
242641
242621
242622
242634
242631
242635
242628
242629
242626
242630
242625
242623
242620
242619
242645
242644
239599
263674
263673
263675
263677
263676
242691
242733
242738
242737
263745
242766
242692
242704
242702
242765
242788
263747
242787
242792
242791
242784
242786
242790
242730
242734
242731
242785
242783
242794
242793
242952
242953
242741
242743
242757
261907
261906
242756
242742
242750
238826
239611
239612
239613
262123
239614
239615
264176
239622
239619
239620
239621
239623
239624
239625
264099
239626
254896
239627
239649
239590
239650
261492
239652
239585
239589
239423
239419
239415
239424
239429
262126
239430
239416
264094
264095
239414
239412
239390
239391
239392
239405
239401
239404
239400
239402
239398
239436
239395
239379
239394
239388
239393
239387
239374
239375
239376
239377
239378
239399
239389
239417
239418
238827
239662
239408
264097
239609
239618
239610
239407
239661
239663
239644
239666
239643
239648
239659
239633
239634
239660
239677
239678
239628
239630
239654
262134
263407
261138
239653
262125
239651
239665
239679
239680
261524
239673
239675
239674
239676
239681
239683
242720
242719
242723
242724
242728
242732
242739
242740
242721
242722
242717
242718
261684
239682
239684
242727
242725
242726
239672
239670
239671
262131
239607
239608
239655
239656
242716
261685
239657
239658
262133
263672
263671
239664
239667
239669
262132
239668
239687
238559
238558
238571
238564
238568
238565
238566
238567
238594
238595
238569
238597
238596
238610
238360
238370
238372
238376
238378
238476
238478
238477
238647
238475
238480
238479
238635
238639
238636
238472
238474
238389
238471
238390
238527
238526
238391
238392
263119
238381
238520
238519
238528
238516
238379
238382
238386
238371
238383
238384
263111
263112
238385
263651
238387
238388
238470
238496
263654
238494
238473
238468
238491
238501
238492
238469
238462
238377
238375
238369
238358
238361
238359
238655
237322
237323
237332
237328
237329
237330
237334
237342
238357
238521
238531
238533
238532
238534
238529
238536
238537
238530
238535
238643
263812
238640
238553
238641
238642
238542
238543
238547
238548
238644
238648
238650
238649
238645
238593
238544
238545
238554
238601
238600
238602
238603
238604
238598
238627
238599
238626
238628
261128
238549
263731
238550
238552
238980
238979
264005
238664
238663
238723
238731
238677
238675
238676
238678
238679
238732
238734
238733
238701
238702
263360
238703
238760
238761
238768
238769
238721
238777
238779
238774
238785
261491
238776
238787
238786
238782
238781
238771
238775
238770
238778
238780
238783
238784
239052
239054
239067
239069
239068
239071
239066
239016
239019
239037
239042
239048
239049
263332
263334
263333
244822
244823
239080
239076
239077
239079
239081
239078
239106
239065
239087
239102
239100
239103
239105
239104
239092
239093
239089
239086
239088
263390
238814
238804
259743
259741
263388
238789
238793
238798
238799
238800
238805
238802
238801
238803
238808
238810
239064
239083
239082
239085
244821
239084
238809
239057
239061
239062
238813
239063
239058
239073
239059
239075
239060
239056
239070
239074
239039
239040
239041
239043
239034
239044
239045
239047
239189
239185
239188
239187
239186
239184
263322
239046
239033
238972
238973
239020
238977
239022
239036
239035
238976
239021
263319
263321
263320
239032
239030
239031
239179
239178
238974
263326
263325
238975
238966
238964
238965
238968
239003
239001
239004
239002
239010
239009
239011
238969
263634
238988
239008
239000
238997
238999
238998
262117
262116
239014
262115
238967
238984
238986
238987
238981
238991
263632
263633
238695
238684
238978
238983
238989
238990
238996
263103
263104
263105
238681
238680
238656
238657
238660
238658
238659
238669
238670
238671
238672
238668
238666
238667
238709
238724
238700
238713
238710
238711
238712
238716
238717
238714
238715
262118
262119
259744
238722
238685
238686
238699
238698
238696
238697
238982
238946
238917
238918
264062
238911
238958
238959
238961
238963
238962
263327
238953
238971
238919
238950
238951
238952
238947
238948
238949
238985
239038
239114
239115
239116
262121
239118
239117
238970
239006
239007
239005
243076
239018
239017
239012
239015
239013
239055
239053
239050
239051
238720
238708
238706
238707
238704
238718
238705
238719
238762
238763
238765
238766
238767
238764
238736
244820
238772
238773
238735
238745
238747
238748
254895
238749
261487
262193
238751
261488
238750
238756
238754
238755
238752
238746
238788
238730
238725
238729
238726
238727
238728
238739
238740
238742
238744
238743
238741
238738
261121
261122
238737
261126
261127
238632
238630
238631
238654
238662
238665
238646
238653
238613
238612
238633
238629
238608
238609
238611
238605
238606
238607
238661
263980
264249
238551
238691
239180
239182
263324
239181
238495
238497
238498
238689
238690
238692
238945
238909
238910
238687
238688
237273
237275
237319
237321
263172
237320
237324
237274
237325
237333
238790
238791
238792
238794
237335
237338
237339
237343
237345
237344
237346
237347
238362
263113
263115
263114
237348
238499
238500
238380
238518
238515
238513
263109
238514
238510
238517
237336
237459
237463
263152
263150
263151
262145
262153
237400
237401
237402
237404
263149
237403
237440
237442
237441
263173
237447
237473
237472
237474
237438
263730
264016
237478
237479
237480
237628
237439
237475
237630
237632
237637
237639
261976
237640
237638
237636
237641
238503
238502
237464
237465
263159
263158
263157
263161
263160
263163
263166
263165
263162
263164
237471
237460
237462
237466
237469
237468
237467
237461
237477
237470
237446
237452
237451
264019
264021
264018
264020
264017
237450
237444
237448
237449
263456
237453
237456
237457
237476
264023
237455
237454
237494
237497
237498
237503
264022
247952
237502
237495
237488
237499
237501
263344
237500
237524
237509
237523
237515
237529
237530
237532
261092
261093
237525
237526
262137
237520
237510
237511
263466
263813
263814
263819
263817
263820
263816
263815
263818
264125
237507
237508
237496
237486
237487
237489
237435
237443
237436
237458
237337
263154
263153
263156
263155
263169
263171
263170
263167
263168
238506
238507
238509
238541
238538
238524
238540
238522
238525
238523
238539
238546
238511
238512
243810
238561
238563
238562
238560
238555
238557
238556
238508
237633
237643
237645
237644
238504
238505
237642
237798
237801
237802
237803
237808
237809
237811
237810
237852
237856
237820
237822
237853
237835
237843
237821
237851
237660
237661
261484
263417
237667
237668
237800
237805
237804
261118
237799
237669
237634
263734
242827
235635
235636
242994
242937
242982
264276
242983
242995
243014
243015
242821
243013
242825
242877
242822
242823
242820
242819
242989
242988
242985
242986
242932
261922
261921
242935
264277
242934
242939
242940
242942
242961
242999
243003
243004
243027
243029
243028
243048
243012
243046
243010
243007
243009
242968
242965
243038
242971
261999
242969
242970
242974
242976
242975
242977
243064
261913
261911
261914
243067
261912
243066
243075
261910
243074
243073
243080
243072
243079
243070
243078
243071
243077
243069
243065
242978
242980
243068
243041
243044
243043
243042
242981
242979
242954
243062
243061
261909
261908
243063
243060
243059
242947
242955
242956
242929
242949
242948
242781
242782
242767
242774
242938
261915
242772
242775
242777
262190
261109
261110
261111
261107
242771
242768
242769
263384
242764
261115
242921
261526
263617
263615
263616
261116
242813
242922
242923
242930
242924
263748
242776
242780
242778
242919
242920
242925
242926
242773
242763
242962
242963
242972
243039
243045
263385
243040
242973
242964
242967
243022
243006
243020
261997
261998
242991
242990
243005
243011
243008
242993
243002
243037
243001
242992
243000
242946
242998
242943
242966
242951
242958
242957
242950
242960
242959
242941
242927
242928
242779
242931
261920
242997
242996
242984
242945
242944
242933
242936
242987
242824
242705
242707
242709
242708
242706
242710
242711
242807
242712
261299
261309
261300
263079
263078
264308
263076
263077
263075
242713
263420
262239
263946
263947
242810
263948
242809
242817
242873
242818
242816
242814
242815
242812
242811
242714
242715
261917
261919
261918
261916
242808
242805
242843
242806
242838
263621
263618
263619
242837
242839
242844
242840
242836
242834
242833
242835
242896
242897
242904
242903
264270
264269
264268
242905
243886
243887
242900
242906
243890
243909
243911
264227
243891
261542
243889
243892
243893
243894
243898
243906
243908
243907
243899
243900
243918
243920
261659
243919
243924
243923
263622
243921
243922
243944
243945
263749
261661
261660
261662
243947
243946
244076
244085
244086
244087
244096
244041
244042
244047
244044
244043
244082
244083
261955
261956
243897
243896
243912
243895
243888
242899
261525
264271
238465
242884
242890
242888
242891
242895
261961
264272
242894
242910
242912
242913
263377
243910
242915
261147
261146
242914
243913
243915
243914
243916
243917
242918
242911
243160
243161
243165
243110
243164
261993
243108
243109
243107
261113
261112
261114
261117
261120
243095
261994
261996
261995
243094
243099
243100
243111
264302
243103
261530
243102
243138
243141
243144
243146
243175
261532
243145
243180
243182
243194
243196
264281
243186
243188
261534
243187
243192
243191
243190
243184
243189
243193
243158
243159
243153
243151
243150
243185
243195
243198
244057
244062
263630
244058
264283
264284
264285
264286
264287
264288
243183
243181
243178
243179
243166
243167
264282
243173
243174
243152
243142
243143
243139
243140
243113
262002
243119
243117
243120
243122
243124
243058
243057
243121
243123
243129
243131
243149
243156
243137
243155
243133
243136
243199
243200
243126
243134
243147
243154
243148
243130
243135
243125
243127
243132
243128
243116
243114
243118
243115
243052
243047
243051
243049
243050
243112
243053
264278
243096
243101
243036
243034
243035
243024
243030
243025
243032
243033
243026
243019
243018
243017
243016
243023
243021
243031
243098
243097
243092
261656
243093
243105
243106
242916
263467
263468
242917
264301
264303
242909
242893
264273
264304
242889
261985
242883
242881
242886
242887
242908
242907
242885
242882
261986
261987
242879
261533
261536
264274
264275
242826
242880
238466
237841
237847
237848
237845
237863
237864
237865
237868
237877
237875
237862
237854
238572
238576
237855
239552
237861
237860
237858
237859
238570
237857
237866
237867
237873
237874
237844
237842
243831
261992
239112
239113
243851
243852
243856
243858
243859
261108
243955
243957
243956
261106
239136
243943
243966
243965
243967
239169
239171
239170
239172
243998
243997
243999
262112
243990
243992
243991
243968
243989
239160
239168
239206
258144
258146
258157
258217
258226
262754
258225
258147
262764
258156
258216
258218
258219
262796
244312
244009
244020
263757
244314
244313
258254
263623
263626
263625
263624
244319
244006
244010
244311
244005
244002
244004
262111
244003
244000
243985
243986
243983
264141
264142
244007
244019
243984
243972
243982
243981
243976
243987
243877
243975
243960
243959
243961
243962
243866
243864
243865
243871
243863
243860
243872
243876
243874
243875
243977
243980
243882
262104
243978
243979
243880
243878
243881
243873
243869
243870
243879
243928
243930
263750
244023
244024
263928
263930
263941
263931
263933
263932
263934
263935
263936
263937
263940
263944
263945
263943
264140
263942
263929
264221
243929
243939
243940
243941
243942
264143
244011
244012
244013
263751
244014
243953
243948
243952
243954
243949
243951
243950
243925
243926
243927
243932
243933
243931
243935
243937
263799
243938
243936
243934
243902
243905
243846
243901
261657
261663
243885
242902
242901
261988
261991
261990
243883
243884
261989
243839
243840
243842
243838
243835
243837
243836
243820
243821
243822
243834
243833
243827
243826
243828
243841
243844
243868
243847
243848
262106
262105
243845
243850
243904
243903
243843
243849
243973
243974
243964
243971
243969
243970
243993
243994
243996
243995
244310
244008
244001
258145
258148
258149
258153
258155
258154
258150
258213
258214
258215
239202
239203
239205
239207
262774
239198
239167
239162
239163
239161
239150
239148
262097
262098
239149
239157
239140
239139
239141
239158
239164
239165
239166
239137
239138
239159
243963
239142
239143
239144
243988
239132
259747
263939
263938
239133
239135
243861
243958
243862
243857
243855
243867
243853
243854
262107
243823
239134
238831
239097
242854
243817
243815
243819
243818
243816
239110
239111
261105
239107
239109
239108
239124
243814
239096
239098
239099
239101
238806
238821
238822
238820
238817
238818
238819
238825
238807
243832
238815
238816
242841
242842
242846
242855
242856
259742
263386
259748
242870
242898
242876
242875
242874
242878
242871
242872
243825
243824
239091
239090
242867
242865
242866
242864
242857
242862
242863
242858
242861
242860
242859
259739
242869
242868
261104
242853
239095
242850
242851
242849
242852
262122
242847
242848
239094
242845
238832
244237
244245
244250
244249
244329
258212
244334
258284
258283
258286
258287
258274
258272
261266
261267
261268
258258
258271
258256
258257
258262
258260
258259
258255
244318
258270
244325
244324
244327
244326
258261
258281
258282
258285
244248
261970
244268
244266
244265
244267
244294
244292
244291
244293
244295
244015
244018
244251
244255
244253
244254
244256
244257
244258
244320
244321
244322
244323
244264
244260
244261
244262
244263
244259
244234
244241
244240
244242
244243
244244
259738
244236
244235
244107
244229
261669
261668
261971
261972
244239
244228
244225
244227
244226
262188
244218
261666
261667
261665
261957
261664
244230
244222
244223
244217
244215
244219
244220
244213
244214
263756
244202
244201
244221
244098
244100
244101
244099
244089
244088
244095
244094
244115
244090
244105
244114
244112
244113
244111
244110
244224
244109
244106
244108
244238
244231
244232
244233
244246
244328
244247
261558
263759
261559
261964
244316
244029
244030
244315
244317
244252
244027
244017
244016
262108
262109
262110
244022
244021
244028
258224
258222
258223
263758
258220
258221
258264
258265
258266
258267
258268
258273
258276
258289
263048
263047
258277
258291
258290
258275
263046
258301
258278
258241
258242
258239
236787
236788
261065
261274
239337
261463
239332
239333
263465
239334
239335
262147
262146
239338
239340
263413
239352
239355
239356
261556
237579
239339
261689
239296
239294
239293
239295
239326
239329
239327
239323
239322
239328
239287
239285
239279
239284
239282
239288
237580
261688
239324
239351
239354
239358
239361
239359
239362
239357
239360
239365
239955
261554
262148
239347
239348
239349
239350
239370
239371
262149
262150
239857
239858
239380
239381
239383
264144
239382
239386
239411
261278
262124
239420
239421
239422
239505
263679
263680
261135
261137
261136
264092
264093
238888
239506
239509
262130
264091
239510
239536
239504
239537
239579
261499
239587
239580
239581
239507
239562
239563
239525
239528
239535
239538
239540
239539
239533
239534
239532
239527
239526
239523
239519
239521
239522
239520
239517
239518
239501
239524
239502
239503
239508
238887
239346
239224
239225
261496
261690
261691
239344
239384
239385
261277
239954
240084
240238
240163
240164
239342
239343
239353
262136
239331
239274
239336
239345
239413
239493
239494
239496
239513
239499
239498
239511
239512
239514
239515
239516
239495
237552
237556
237555
264024
264025
237557
237559
237558
237563
237564
237565
237560
237561
237566
261562
261563
237562
237571
237553
237683
235933
263381
235934
237682
237685
237688
237690
237691
237687
237692
237754
237756
237762
237761
237813
237814
237812
237755
237758
237760
237767
237764
237765
237770
237769
237824
237825
237826
237823
237827
261142
237839
237846
237833
237834
237832
237797
237830
237794
237793
237792
237788
237789
262151
237790
237791
239488
239487
239492
239490
239491
239497
239486
239473
239500
239489
239464
239474
262142
239471
239470
239469
239468
237785
239465
237735
239458
239466
239467
239462
239460
239320
239461
239319
239307
239318
261495
239317
239325
239475
239476
239479
239480
239478
239481
239484
262141
239483
239482
239477
239330
264177
239281
239283
239278
239271
239269
239264
239276
239275
239262
239236
239237
239250
239249
239248
239251
239257
239261
239259
239260
239258
239256
239303
239305
239314
239312
261692
239309
239313
239457
237712
237706
237714
237716
237730
237731
237733
237739
237783
237781
237787
261693
237779
237782
237778
237772
237774
237775
237776
237728
237738
237722
237723
237721
237720
237718
237708
237705
237707
237717
237719
237773
237725
237771
237777
237734
237736
237737
237727
237726
237724
237729
237704
237703
237695
237698
237697
237626
237621
237625
237620
237611
262152
237610
262144
237623
237624
239299
239310
239297
239298
239301
239300
239245
261687
239243
261493
239239
239230
239231
239229
239228
239227
239232
239226
239209
239215
239216
239246
239217
239234
239222
239221
239265
239266
239267
239273
239272
239270
239218
239220
239210
261279
261094
239223
239211
239219
239233
239214
261686
239212
239213
237521
237522
237567
237568
237582
237583
237584
237586
237587
237578
237588
237589
237603
237590
237591
237592
237605
261144
237604
237608
237609
261696
261697
237615
237612
237613
237617
237618
264257
237614
237606
237574
237575
237576
237577
237602
237601
237596
237597
237595
237593
237594
237598
237599
243336
261432
263627
261482
237600
237573
237572
237569
237585
237570
237581
239238
239242
239244
237607
237622
237616
237619
237627
239311
237713
239304
239302
239255
239253
239254
239247
239235
239252
239263
239268
239280
239308
263423
239321
250477
239277
239315
239306
239316
239459
237715
237732
237740
239472
239463
239485
262143
237784
237786
237795
237796
237831
237840
237829
237819
237828
237815
237677
237816
237678
237658
237676
237675
237674
237657
237666
237655
237656
237672
237673
237670
237662
237664
261709
261708
237663
237665
237671
237654
237646
237653
261703
261705
261704
261707
261706
237647
261483
261711
261712
261714
261480
261481
263978
263979
263974
263975
263976
263977
261713
261710
264032
264031
261717
261716
261718
261720
261721
261722
261719
261715
237635
237631
237629
237545
237650
237649
237546
237648
264027
237551
237548
237549
237537
237538
261479
237541
237542
237540
237528
237527
237539
237554
237536
261694
261695
237533
237534
237518
237519
237516
237517
237514
237531
237535
237543
237550
237544
261700
261478
237547
237780
237818
237768
261139
261140
261141
237749
237763
237757
237747
237748
237745
237746
237742
237744
237743
237710
237709
237327
237741
237702
237701
237651
237696
237652
264030
261701
261702
237659
237680
237699
237700
237326
237331
237751
237711
237750
237766
237817
237759
237752
237753
237686
237684
237689
237694
237807
237806
237693
237681
237679
240404
264028
264029
237512
237513
261476
239702
239731
239705
239704
239706
239708
239780
239781
239782
239783
239784
239785
239786
239792
239794
239796
239797
239799
239798
239808
239810
239818
239817
239819
239823
239828
239829
239944
239922
239921
239939
239945
239940
239941
239946
240101
240100
240110
240123
240122
240124
240127
240129
240270
240266
240267
240130
263883
240174
240175
240183
261416
263762
240168
240176
240178
240177
240180
261866
240181
240230
240199
240200
240232
240231
264254
264255
240234
264256
240233
240237
240198
240195
240201
240235
240202
264253
240205
240075
240081
240211
240208
240082
240083
240085
240210
240226
240227
240236
240074
240056
240080
240193
240190
240071
240067
240070
240066
240072
261865
240073
240068
240054
240048
240049
240053
240009
240047
240018
240029
240011
239995
239997
239996
240010
240012
240014
261870
240013
240017
240008
240004
239991
240000
239992
239993
239994
240189
240191
240192
240055
240069
240031
240203
240204
240188
240186
240187
240194
240169
240167
240184
240185
240160
240159
240161
240162
240157
240155
240156
240143
240142
240152
240139
239949
240138
240141
261615
239948
239974
239986
239987
239982
239981
239975
239969
239980
239968
239965
239966
239972
240040
240043
240044
240045
240046
240050
240051
240059
240784
240058
240061
240062
240060
240064
263885
239990
240783
240052
240042
239989
240057
239985
239983
239973
240041
240007
240015
240006
240016
240005
240003
240002
239967
239913
239914
239915
239999
239998
239909
247691
239910
239902
239903
239899
239904
239905
261871
239950
239951
239952
239953
239956
239957
239959
239936
239958
239934
239933
239937
239938
239935
239926
239931
239930
239929
239928
239880
239879
239874
239873
261900
239866
239867
239871
239870
239916
261899
239917
239869
239845
239844
239847
239863
239846
239851
239865
239849
239848
239850
239859
239853
239855
239856
239861
239862
239878
239876
239860
239895
239896
239897
239890
239891
239908
262192
239889
239892
239894
262723
239893
239888
239883
239839
239885
239886
239884
239887
239838
239837
239840
239854
239852
261901
239868
239864
239872
239875
239877
239927
239932
239881
239882
239906
239898
239907
239911
239912
239962
240001
239984
239971
239964
239963
239960
239970
239976
239977
240153
240154
239978
239979
239961
239947
240150
240151
261504
240158
239988
240063
240165
240065
240182
240179
240166
240172
240173
240128
240137
240125
240126
240116
240113
240114
240134
240136
240131
240133
240132
240135
240121
240118
240119
240117
240120
240109
240107
240108
240106
240103
240102
240140
240145
240147
240146
240149
240148
240144
240099
240097
240098
258692
240096
239942
239943
239925
239924
239919
239918
239825
239920
239923
261903
239822
239834
239832
239833
240095
263760
239830
239836
239831
239827
239835
239826
261898
239824
239815
239813
239811
239814
239812
239821
239820
239805
239806
239803
239804
263882
239816
239809
239807
261904
239802
239795
239793
239790
239788
239787
239717
239715
239713
239711
239709
239710
239712
239714
239716
239789
239791
239779
239778
239777
239776
239746
239747
239745
239770
239773
239771
239756
239772
263884
239757
261210
239740
239738
239739
239741
239742
239737
239736
239728
239729
239730
239727
239724
239723
239721
239722
239725
239726
239733
239732
239734
239735
239744
239743
239775
239774
239707
239703
261902
242749
242748
239438
239437
239439
239435
239372
239434
239433
239373
264096
264098
239410
239406
239409
261498
263802
239432
239616
239617
264261
264262
264260
239431
239449
239452
239448
239428
239425
239426
239427
239440
239442
239451
239453
263743
239454
239637
239638
261415
239636
239635
239639
239642
239645
239686
263801
239685
239646
239647
261905
239698
240111
239769
240093
240094
239767
239766
239760
239754
239759
239758
239749
239748
239753
239765
239764
239751
239456
239447
239455
239718
239720
262214
239752
239750
239719
239755
239763
239700
239701
242754
242760
242759
242761
242762
242758
242755
242753
239768
240092
239699
242752
239692
239693
239694
239697
239691
239695
239696
239688
239689
239690
239441
239444
239443
239450
261500
239446
263414
239445
240104
240105
240115
240112
243172
243170
263846
264298
243168
264299
243169
264300
261102
243162
243163
243171
244039
244048
244049
244052
244053
244055
244056
244097
244050
244051
244091
244092
244093
244054
244040
244059
244060
244061
244065
263844
261544
244066
244068
244067
261145
244063
264289
261103
243176
243177
243197
264290
264291
244045
264292
263842
263845
263843
264293
244046
264295
264294
264296
264297
244064
264341
261928
244038
244033
244035
244036
244031
244034
261551
244032
263378
244037
