3970
162556
162555
169953
169954
169955
172738
169956
169957
169980
169959
169960
169961
169979
169962
169963
169958
169981
170046
170052
170051
170068
170071
170070
170066
170065
170064
170063
170422
170061
170059
170058
170032
170031
170036
170419
170025
170024
170028
170030
170014
170015
170033
170034
170060
170057
170056
170049
170053
170048
170045
170040
169968
169969
169936
169937
169976
169938
169975
169939
169964
169965
172573
169966
169972
170044
170043
169970
169836
169835
169832
169833
169830
169941
169942
169831
169940
169930
169929
169928
170037
170041
170042
170038
170029
170017
170019
170007
170018
170008
169925
169926
169927
169971
170039
170055
170054
170062
170069
170072
169988
170076
170093
170077
170078
169985
170087
170086
169989
169990
169986
169987
169913
169910
169909
169923
170084
170085
169911
169922
170083
170082
170088
170092
169893
169896
172080
169897
170089
172081
169892
169895
167162
167163
169866
169864
169865
169900
169899
169907
169903
169908
169898
169902
169851
169858
169856
169857
169855
169854
169839
169840
169850
169901
169852
167164
167165
169894
170090
170091
172083
169906
169905
169904
169984
169977
169978
170067
170050
170047
169982
169967
169837
169838
169952
169912
170079
170080
169847
169848
160123
168045
168049
168066
168068
168081
168069
168048
168065
168067
160124
166164
166165
166176
168050
168053
168064
168071
168072
168074
172186
168073
168077
168078
168075
170424
170434
170435
170432
170433
170436
170429
170437
170420
170421
170417
170418
170423
170027
170026
168058
168057
170430
170431
168135
170425
168076
168062
168056
170427
170428
170426
168054
166177
168061
168063
170021
168059
168060
166178
168052
168055
166172
168051
166175
168070
166174
168046
166171
166088
166087
160125
152674
168352
152675
168360
168361
170533
170534
170531
170532
170677
170683
170688
170681
170680
170517
170518
170679
170521
170524
170505
170506
170520
172204
170519
170504
170502
170503
170501
170508
170507
170500
170499
168164
168085
170678
170682
170530
170513
170516
170511
170512
170510
170515
168162
168161
168165
168340
168341
168339
168343
168348
168349
168347
168346
168345
168344
168353
168331
168332
168324
168325
168335
168336
168167
168166
168169
168321
168148
168337
168334
168327
168328
167826
167825
168152
168333
168319
168149
168150
168151
168133
168146
168159
168142
168157
168140
168137
168136
168091
168089
168090
168088
168087
168082
168086
168131
168083
168079
168080
168138
168132
168130
168147
168153
168160
168158
168326
168320
168329
168330
168354
168355
168342
168338
168168
168141
168139
168163
170514
168350
168364
168358
168359
168357
168356
168084
167827
168118
170481
168351
168385
168386
170522
170523
170689
170691
162416
166833
168371
168373
168377
168745
168756
168777
168778
168806
168815
168821
168824
168934
168936
168937
168952
168943
168954
168938
168939
168940
168941
168944
171301
171278
171279
171275
171276
171236
171238
171277
171229
171230
171231
171235
171234
171232
171239
171285
171240
171243
171241
171242
171244
171223
172604
171226
171218
171228
171217
171212
171215
171222
171210
168785
168783
171213
168784
172646
168804
168808
168820
171274
168819
168818
168817
168823
168805
168780
171214
170786
170787
170782
171233
171227
171211
168831
168830
171237
168942
168829
168932
168933
172550
168935
168931
168929
168925
168926
168813
168930
168928
168915
168946
168775
168917
168916
168914
172549
168828
168825
168826
168927
168827
168822
168816
168814
168807
168779
168776
168760
168761
168762
168766
172745
168767
168768
168782
168771
168770
168786
171208
171216
171209
170748
170749
170755
172601
171221
172602
171220
171219
171225
170762
170759
170761
170760
170756
170775
171224
170776
170757
170774
170758
170773
170735
170734
170733
170754
170753
170747
170744
170746
168407
168408
168409
168402
168749
168763
168764
168773
168774
168400
168747
168750
168751
168389
168394
168379
168366
168365
168383
168384
172698
168387
168318
168317
168313
168314
168367
168368
168393
168392
168391
168390
168381
168278
168279
168280
168281
172082
168282
168382
168276
168375
168374
168369
168315
168316
168388
168378
168401
168405
168406
168398
168399
168403
168404
168396
170745
170684
170687
170686
170731
170737
170738
170739
170685
168395
168397
172591
172592
170732
170742
170741
170729
170743
170740
170763
170750
170751
170730
168765
168772
168769
168748
168752
168755
168746
168380
168376
168372
166835
166834
170765
168362
168363
162417
157796
157797
160141
170797
170767
170768
170769
170795
170796
170794
170793
170791
170790
170798
170723
170722
170789
170779
170780
170778
170711
170715
170781
170716
172593
170714
170764
170771
170772
170736
172603
170692
170695
170693
170694
170713
170717
170712
170698
170701
170700
170728
170719
170718
170792
170702
170703
170823
170824
170825
170826
170699
170720
170721
170788
170777
170770
170766
170785
154040
154167
154174
154175
162418
154176
154177
162430
162432
168918
168921
168924
168922
168923
168809
168812
168882
168883
168884
168910
168909
168908
168718
168719
168795
168796
168791
168790
168798
168797
168758
168759
168754
168753
168734
168735
168741
168739
168738
168730
168728
168308
168722
168725
168731
168724
168723
168370
168309
168310
168293
168311
168307
168600
168623
168630
168743
168787
168703
168702
168700
168701
168715
168856
168855
168886
168897
168898
168912
168913
168920
168906
168905
168911
162445
162446
162447
162449
168874
168892
168893
172710
162450
162448
172709
162444
154046
162451
154047
162452
154044
154045
154171
154172
154173
154156
154155
172286
154163
154165
162437
162438
168903
168961
162435
162434
154158
154157
154152
162436
154166
154148
162441
154154
154159
154164
154149
154151
154150
162442
162443
162440
168904
162439
168875
168876
168877
168901
168896
172547
168900
168895
168902
168887
172548
168841
168843
168844
168854
172546
172545
168853
168857
168716
168713
168714
168852
172544
168706
168708
168712
168704
168692
168680
168681
168693
168643
168644
168682
172542
168655
168632
168639
168645
168646
168657
168640
168634
168633
168611
168636
168637
168638
168613
168612
168619
168620
168615
168696
168695
168694
168686
168687
168689
168688
168685
168614
168616
168617
168624
168625
168626
168622
168607
168609
168608
168606
168610
168605
168604
168597
168598
168596
168292
168291
168260
168265
168266
168259
168257
168258
168618
168601
168603
168602
168595
168593
168635
168656
168594
168631
168654
168684
168707
168705
168709
168697
168698
168699
168629
168737
168740
168744
168793
168794
168733
168628
168627
168727
168621
168599
168295
168287
168284
168286
168285
168294
168288
168289
168290
168277
168306
168726
168729
168736
168732
168742
168792
168788
168789
168720
168717
168859
168803
168802
168799
168907
168801
168885
168858
168800
168810
168878
162426
162420
172086
162421
172102
162422
172101
162423
172100
162424
162425
162419
162429
162428
168919
168879
162433
162427
162431
172087
172089
172088
154178
154179
154153
154168
154169
154170
168757
168811
168261
170784
171280
171294
171295
171304
171303
171317
171302
171293
171298
171296
171297
171281
171308
170696
172477
170724
170725
172205
170705
170726
170802
170804
170803
170727
170810
170811
170874
170876
170871
170869
170783
170799
171291
171300
171283
171284
171292
171299
171282
171307
171286
171306
171344
171345
171343
171338
171490
171495
171562
171517
171518
171571
172217
171561
171563
171569
171575
171570
171574
171566
171576
171577
171580
171565
171567
171423
171429
171424
171417
171418
171428
171419
171412
171359
171369
171370
171372
171391
171394
171393
171395
171378
171379
171380
171398
171399
171397
170931
170930
171040
171381
171382
170963
170962
171649
171648
170925
170926
171650
170927
170928
170961
170960
170957
171032
171031
170956
170929
171039
170955
170954
170953
170944
171374
171373
171376
171375
171367
171371
171368
171356
171355
171360
171364
171362
171365
171352
171354
171353
171346
171347
171349
171262
171263
171260
171249
171250
171251
171252
171253
171246
171247
170873
170872
170901
171259
170902
170903
170870
170882
170883
170909
170910
170908
170905
170906
170913
170936
170938
170939
170941
170942
170948
170959
170964
170951
170952
170958
170884
170885
170950
170949
170886
170894
170895
170892
172210
170893
172209
170891
170916
170900
170899
170915
170918
170919
170897
170896
170898
170887
170888
170890
170889
171041
172208
170940
170937
170914
170907
170878
170879
170845
170860
170861
170857
170858
170859
170820
170821
170830
170822
170819
170881
172596
172597
170875
170846
170847
170831
170834
170848
170849
170840
170837
170838
171038
172594
171037
172595
171036
170852
170854
171024
171028
171027
172206
171026
171033
172207
171030
171029
171025
170865
170867
171034
170868
170866
170863
170864
170855
170856
170853
170850
170851
170836
170843
171035
170842
170917
170841
170839
170835
172599
170832
170833
170862
172598
170844
170877
170880
170904
171261
171334
171350
171351
171348
170911
170912
170946
171361
170947
170945
170943
170932
171392
171377
171390
171366
171363
171358
171357
171333
171332
171335
171336
171331
171330
171407
171408
171413
171409
171410
171342
171341
171420
171498
171421
171497
171329
171422
171411
171430
171568
171564
171496
171489
171337
171501
171339
171500
171340
171499
171325
171326
171265
171264
171323
171328
171266
171267
171288
171258
171257
171268
172216
171269
171273
172215
171271
171270
171256
171254
171255
171245
171248
171324
171327
171287
171289
171290
171272
170800
170801
154227
152124
152125
154225
154226
154242
154243
154244
154235
154234
154236
154212
154211
152126
152127
154194
154191
154195
154192
154193
154228
154221
154217
154239
159133
159202
159203
159201
159204
159150
159149
159148
159146
159147
159137
159136
172359
159138
159159
159158
159154
159163
159164
159172
159156
159157
162379
162383
159165
159166
159275
159274
162371
162372
162373
171554
171555
171556
171552
171526
171527
171528
162366
162354
162360
162361
162362
162363
162365
162364
159281
159280
159283
159298
159302
159297
159301
159296
152159
152160
152156
152155
159294
159299
159300
159295
159282
159278
159292
159293
159303
159253
159254
159255
159256
159257
159258
159259
159260
159261
159262
159263
159264
159290
159284
159285
159287
159288
159289
159286
159252
172358
159291
159272
159279
152161
152158
162358
152165
152164
152162
162356
162357
152163
172121
152157
162359
162355
171525
171524
171550
171548
171553
171557
171560
171559
171558
162387
162388
171545
171471
171461
171544
171540
171539
171543
162392
171542
168995
168993
168994
168992
171536
171534
171535
171468
171469
171467
171466
171459
171464
171465
171458
171454
171456
171457
171453
171322
171320
171321
171318
171315
171319
168956
168955
168950
168949
168958
168972
168975
168971
168989
168988
168983
168981
168980
168985
168987
168984
162410
162411
162412
162413
162414
168966
168962
168963
168967
168973
168974
168968
168959
168964
168960
168948
162415
162408
162409
162404
162403
162406
162407
162400
162401
162405
154203
154204
154201
154209
154214
154222
172357
154223
154215
154218
154219
154220
154210
172356
154196
154197
154199
154208
154207
159108
159110
159111
159120
159119
159123
159122
162385
159144
159145
159142
162381
162382
159115
159114
159113
159124
159128
159130
159129
159127
159125
159118
159117
159116
159112
159109
162395
154205
154206
154240
154200
154198
154202
162402
162399
168982
168986
168969
162398
162397
168970
168957
168947
168951
168979
171316
171309
171310
171455
171311
171463
171470
171478
171480
171482
171484
171493
171529
171531
171541
171474
171475
171530
171532
171547
171549
171533
171486
171485
171487
171488
171492
171491
171494
172826
171483
171481
171479
171476
171305
171313
171314
171477
171312
168978
168977
168976
168991
168990
162396
162394
162393
162391
159121
171538
171537
162390
171462
171460
162389
162386
162384
162380
162378
162377
152154
171472
162376
171546
171473
171523
171522
171520
171521
171519
162367
162368
171643
171551
162369
162374
162375
152153
162370
171642
159273
159271
152152
152151
159143
159162
159160
159161
159153
159155
159132
159131
159139
159141
159140
159151
159135
159134
159126
154238
154216
154241
154213
152146
152147
154224
152144
152145
152143
152128
168945
168965
170708
170805
170673
170674
170676
170675
170812
170664
170663
170662
160086
170806
160085
170707
170814
170815
170817
170829
170818
170828
170816
170827
170813
170807
170809
170808
170706
170709
172887
170670
170568
170669
170667
170668
170638
170665
170666
170637
170636
170633
170608
170596
170635
170600
170599
170606
170607
172578
170587
170588
170589
170590
170592
170591
170578
170579
170580
170581
170102
170612
170617
170611
170614
170582
170583
170594
170593
170584
170585
170586
170104
170101
170615
170616
170110
170111
170109
170108
170107
170106
170100
170103
170105
170613
170610
170609
170641
170605
170604
170639
170656
170657
170655
170658
170654
170659
170629
170630
170627
170628
170618
170619
170476
170479
170477
170632
170631
170478
170640
170603
170624
170642
172580
170643
172582
170644
172583
170645
172588
170646
172590
170647
172589
170648
172585
170649
172584
170650
170661
170651
170660
170652
170653
170623
170601
172577
170602
172203
170598
170625
170097
170098
170096
170546
170548
170545
170542
170540
170550
170559
170565
170564
170704
170710
170563
170566
170567
170697
170526
170527
170528
170529
170556
170555
170535
170496
170497
170482
170487
170493
170492
170480
172744
170438
168134
170486
170485
172742
170439
170440
170456
172741
170453
172740
172575
170543
170544
170490
170491
170489
170464
170470
170539
172739
170468
170469
170472
170473
170474
170075
170094
170575
170577
170595
170576
170574
170573
170095
170074
170073
170467
170466
170463
170448
170447
170459
170458
170460
170457
170455
170450
170451
170452
170444
170442
170443
170445
170446
170449
170081
170475
170462
170461
170538
170465
170454
170441
172576
170484
170483
170488
170494
170498
170509
170495
170554
170525
170560
170561
170558
170557
170551
170552
170541
170536
170547
170537
170099
170597
170553
170549
170562
170572
170634
170620
170621
170570
170571
170569
170671
170672
160121
160127
168041
168042
168038
172627
166144
166148
166141
165838
165839
166117
166128
166129
166130
166139
166143
166137
166138
166135
166134
166081
166082
166131
166132
166027
166033
166034
166035
166036
166043
166042
166058
166056
166061
166133
167896
167895
167901
167902
167900
167903
168011
168016
168018
168021
168028
168047
172626
168012
165522
172513
172514
172516
172628
172774
172629
172630
168027
172515
168094
168095
168093
168102
168112
168114
168113
168120
168123
168121
168299
168180
168111
168116
168144
168143
172528
168127
168124
168122
168125
168128
168126
168129
168322
168323
168154
168155
168115
168145
168117
168098
168099
168107
168105
168106
168110
168109
168296
168297
168298
168219
168220
168223
168185
168005
168008
168007
168003
168001
168000
167998
167999
168006
167992
167965
167991
167997
168009
167995
167994
167985
167984
167987
168097
168025
168092
168044
168024
167978
167980
167981
167988
168022
168023
172511
168020
167979
167986
167977
167976
168026
167970
167972
168013
172512
167974
167929
167927
167926
167922
167921
167920
167915
167916
167990
168002
167919
167947
167952
172509
167962
167961
167963
167953
167954
167955
167949
167950
167941
167942
167943
167940
167939
167938
167533
167937
167935
167934
167936
167906
167907
167879
167880
167881
167875
167876
167856
167855
167546
167545
167877
167932
167870
167872
167543
167542
167539
167538
172892
167536
167537
167871
167535
167931
167544
167873
167878
167857
167862
167861
167863
167864
167865
167883
167945
167944
167956
172508
167910
167911
167904
172507
167884
167866
167860
167842
167843
167840
167841
167858
167859
167905
167882
167933
167874
167534
167951
167948
167909
167908
167918
167867
167781
167780
167846
167868
167869
167848
167849
167850
167851
167886
167885
165943
167847
167779
167777
167778
167894
172506
167917
167913
167899
167891
167887
167888
167889
167890
167893
167925
167930
167969
167968
167967
167923
167924
167912
167928
167971
167973
167975
167982
167983
167966
167964
167993
167989
167960
167959
167957
167958
168004
167996
168184
168183
168182
168181
168108
168104
168103
168100
168101
168043
168096
168036
168037
168030
168034
168033
168035
168019
168017
168015
168014
168010
165525
166080
167914
167898
167897
167892
166049
166050
166051
166053
166054
166055
166059
166037
166052
166045
166046
166021
166020
166048
165942
166018
166019
166039
165946
165947
166025
165948
166022
166023
166024
172465
165965
165964
165963
165958
165957
165959
165949
165950
165951
165956
165955
165968
166063
166067
166066
166065
166068
166072
166074
166122
166123
166124
166125
166029
166030
166031
166073
166076
166071
165961
165962
166070
165814
165815
166078
166077
165841
165816
165817
165840
165818
166069
165966
165825
165823
165824
165822
165820
165821
165819
165793
165792
165716
165717
165728
165727
165726
165787
165725
165791
166064
165967
165952
165953
165784
165940
165939
165954
165960
165938
165937
165941
165945
165944
166044
166040
166041
166047
166057
166038
166026
166028
166062
166060
166079
165524
165523
166136
166126
166127
166075
165842
160126
166142
166140
160129
168039
168031
168032
168029
168040
160128
160122
168174
168179
168239
168156
168119
167523
167540
167541
167547
168264
168170
168171
168225
168226
168229
168227
168231
168232
168235
168245
168246
168242
168243
168198
168199
168197
168233
168234
168244
168247
168249
168250
168267
168269
168236
168248
168172
168178
168177
168173
168237
168238
168251
168241
168240
168176
168230
172520
168224
172519
168221
172518
172802
168222
172524
168204
168203
168202
168201
168200
168228
168175
168268
168272
168274
168270
168283
168273
168275
168263
168439
167782
167783
172699
168262
168256
168255
168438
168437
168440
168540
168460
168461
168462
168271
167844
167845
168300
168305
168303
168302
168301
168304
168312
165406
165408
165423
165407
165409
165460
172085
165459
165474
165481
165478
165497
165501
165499
167441
167456
167515
167520
167470
167469
167527
167525
167526
167524
167854
167447
167449
167837
167839
167853
167852
167838
167832
166013
166012
166017
165996
165995
167835
167836
165991
167831
167834
167833
167450
167451
167455
167466
167472
167453
167454
167467
167443
167444
167445
165994
165445
165446
165450
165507
165508
165479
165480
165500
167440
167439
167452
167446
165992
167471
167448
167468
167516
167531
167518
167521
167517
167522
167512
167513
167514
172694
165451
165452
167465
167457
167459
172697
167458
167437
165489
165490
165510
165511
165514
167436
167435
165503
165504
165505
165506
165513
167442
165502
165453
165454
167438
165512
165509
165498
165496
165477
165455
165456
165475
165476
165458
165993
167460
167461
167462
164830
165554
165556
165565
165572
165564
165568
165573
165576
165635
165642
165659
165667
165864
165865
165866
165666
165658
165652
165633
165632
165631
165601
165628
165629
165618
165617
165614
165621
165623
165884
165893
165932
165931
165935
165930
165929
165656
165655
165926
165651
165625
165917
165936
165895
165933
165934
165982
165983
165984
172461
172462
165981
166006
166007
166008
165998
166004
166009
166000
166001
166002
166003
165997
165999
166005
167463
172505
167464
165990
165989
165987
165988
165484
165485
165468
165466
165448
165449
165488
172497
165487
172498
165467
172453
165469
172452
165462
172451
165419
165420
165416
165415
165403
165404
165405
165199
165192
165190
165191
165414
165417
165422
165470
165473
165482
165483
165972
165973
165977
165979
165980
165974
165920
165921
165922
165923
165924
165910
165912
165897
165916
165892
165886
165887
165888
165871
165870
165868
165889
165869
165881
165890
165882
165883
165900
165877
165878
165879
165898
165899
165875
165876
165394
165909
165395
165399
165396
165398
165873
165200
165201
172457
165204
165202
165203
165613
165612
165607
165590
165606
165207
165208
165605
165158
165159
165179
165180
165585
165529
165586
165592
165594
165616
165630
165622
165611
165610
165608
165593
165181
165157
165156
165184
165205
165206
165195
165194
165183
165196
165155
165185
165589
165587
165209
165210
165609
165193
165187
165188
165874
165872
165880
165867
165856
165620
165911
165913
165903
165904
165905
165914
165915
172458
165901
165918
165919
165902
165908
165907
165906
165975
165976
165970
165971
165969
165421
165463
165464
165393
165471
165397
165186
165189
165413
165418
165461
165447
165472
165486
165978
165986
165985
166010
166011
166016
172459
166014
172460
166015
172171
172463
165894
165896
165928
165925
165891
165885
165624
165619
165615
165604
165602
165603
165597
165598
165533
165546
165536
165544
165545
165547
165538
165539
165537
165540
165541
165542
165550
165551
165549
165543
165535
165534
165182
165532
165530
165531
165528
165588
165591
165595
165596
165600
165599
165548
165552
165567
165627
165626
165650
165653
165927
165654
165863
165665
165657
165664
165649
165643
165638
165636
165634
165578
165577
165574
165569
165570
165566
165563
165557
165579
165583
165639
165646
165662
165663
165777
165776
165785
165862
165661
165648
165775
165644
165689
165687
165641
165580
165558
165560
165518
165520
164833
165519
165582
165647
165645
165660
165640
165637
165584
165581
165575
165559
165571
165555
165521
164832
164831
165786
164834
164932
165553
165562
165672
165688
165690
165693
165694
165695
165691
165673
165692
165674
165696
165706
165675
165698
165679
165697
165670
164947
164907
164936
164935
164934
164927
164924
164925
164854
164928
164929
164945
164946
165669
165668
165671
164933
164931
164923
164853
164852
165561
164930
164856
164835
171647
171645
162351
171639
171640
171641
171637
171638
162352
159558
171636
171635
162350
162349
162348
162347
162345
162346
162344
159559
159560
152168
152169
152170
159304
159305
152166
152167
172122
171646
171502
171590
171588
171644
172218
171632
171633
171587
171589
171585
171582
171581
171599
171616
171617
171618
171634
171608
171600
171601
171615
171613
171692
172224
172225
171628
171612
171609
171627
171444
171626
171443
171442
171452
171596
171598
171594
171439
171438
171437
171435
171436
171434
170920
170935
170934
170933
171396
171433
171415
171414
171427
171425
171426
171579
171583
171405
171416
171406
171432
171431
171451
171440
171441
171611
171614
171602
171610
171603
171604
171605
171607
171606
171597
171595
171578
171503
171584
171505
171586
171507
171572
171573
171513
171514
171511
171512
171509
171510
171508
171506
171504
162353
171445
171446
171448
171450
171449
171447
171625
171699
171702
171622
171621
171697
171703
171707
171708
171710
171704
171711
171705
171712
171713
171709
172841
171706
171694
171695
171696
171619
171591
171593
171631
172644
171630
172643
171629
172882
171592
171620
171701
171700
171623
171624
169784
160314
160315
169395
169397
169398
169403
169400
169401
169402
169699
169702
169704
169712
169711
169716
169726
169725
169728
169729
169731
169786
169821
169822
169769
169828
169763
169829
169762
169764
169765
169823
169845
169775
169776
169773
169774
169772
169753
169750
169743
169745
169766
169824
169767
169768
169757
169756
169758
169770
172564
169760
169761
169744
169742
169741
169738
169720
169733
169734
169736
172864
169737
169719
169721
169722
169443
169442
169441
169714
169701
169444
169445
169740
169746
169439
169717
169739
169568
169565
169567
169759
169566
169735
169730
169732
169727
172865
169724
169706
169707
165746
169703
165740
165742
165743
169698
165741
169718
169713
169715
169710
169708
169696
169700
169697
169381
164976
169383
169376
169374
169379
169375
169378
169377
169371
169372
169373
169313
169312
169311
169366
169308
169309
164890
164891
169307
164892
164893
169299
169298
169297
161295
161296
164894
164979
164978
169310
169306
161297
161298
161299
161294
161293
169322
169302
169300
169370
169369
169368
169367
164977
164975
169382
169399
169396
169380
169384
169301
169318
169317
169315
169316
169319
169385
169320
169321
169081
169394
169438
164886
169068
169069
172795
169842
169843
169849
169844
158126
158125
166090
166091
165850
166083
166093
166114
166099
166100
166102
166106
166107
169919
169921
172734
169916
169914
172733
169934
172737
169933
172736
169820
169818
169810
169811
169819
169935
169817
169846
169809
169808
169814
169812
169813
169815
169806
169791
169796
169804
169798
169800
169802
169801
166105
166103
166104
165858
165857
165859
169779
165861
165808
165801
165802
165809
169777
169787
169788
169789
169793
169794
169782
169783
169781
169785
169778
165855
165800
165806
165805
165851
172456
165852
165853
165847
165846
165845
165836
165837
165843
165826
165813
165812
165804
165811
165710
165712
165760
165761
165711
165796
165833
165835
158818
165844
165848
165849
165803
165795
165768
165854
165860
165807
166085
166086
158823
158824
158822
158821
166094
166098
158820
169799
169797
169780
169795
169790
169792
169807
169816
169915
169805
169920
169918
169803
166101
166097
166095
166096
166084
158819
165834
165832
165831
165830
165827
165828
166145
166153
166121
166120
166092
166119
166118
166115
166116
166154
166155
166161
166162
166169
166168
166170
166167
166166
166151
166173
166149
166150
166156
166157
170022
170023
172787
169999
170000
170001
170002
170004
170012
170020
170013
170009
170016
172746
170011
170010
170035
170005
170006
170003
169946
169944
169943
169947
169992
169994
169995
169998
169996
166163
169983
166160
166111
166112
166113
169949
169950
169948
172571
166109
166110
166159
169991
169945
172572
169917
169931
169932
169924
169951
169993
169997
166158
166108
166152
166146
166147
166089
165829
164968
164970
164971
165731
165732
165730
165733
165734
165754
165753
165755
165756
165758
165759
165765
165767
165770
165772
165799
165771
165810
169723
169705
169709
165798
165774
165745
165744
165736
165738
165773
165769
165766
165762
165763
165750
165749
165748
165757
165751
165735
165739
165752
165747
165729
165715
172454
165713
165764
165714
172455
165680
165681
165685
165701
165708
165707
165780
165782
165788
165790
165709
165789
165794
165718
165720
165719
165721
165778
165781
165724
165723
165722
165783
165779
165699
165700
165705
165702
165686
165704
165684
165678
165677
164974
165682
165683
165703
164972
164969
165797
164948
164949
165676
164973
160143
164647
164871
164921
164881
164920
164903
164919
164905
164918
164916
164917
164922
164956
164957
164955
164954
164958
164959
164960
164882
164883
164888
164889
164896
164895
172838
164899
164963
164965
164966
164962
164964
164961
164952
164951
164944
164943
164950
164910
164911
164940
164941
164939
164937
164914
164913
164912
164859
164860
164861
172873
164862
164863
164867
164844
164843
164906
164926
164909
164842
164841
164858
164866
164942
164900
164901
164885
164887
164875
164876
164884
164686
164685
164877
164878
164654
164649
164650
164652
164651
164653
164879
164655
164897
164898
164953
164938
164915
164904
164902
164880
164872
164648
164908
164967
152119
154007
154008
154032
153900
154035
154034
154036
153898
153899
154033
154017
154018
162453
168870
168871
168872
168842
168863
168868
168889
168888
168849
168866
168862
168861
168851
168860
168839
168838
168837
168572
168834
168833
168676
168835
168677
168683
168667
168668
168642
168641
168669
168649
168648
168670
168671
168679
168660
168658
168663
168674
168664
168673
168665
168672
168666
172541
168659
168661
168484
168483
168482
168678
168647
168651
168650
168652
168653
168662
168675
168574
168575
168711
168710
168848
168690
168691
168573
168571
168850
168840
168846
168847
168570
168867
168865
168845
168864
168869
162454
154019
162455
168899
168894
168891
168873
168569
162479
162478
162461
162459
162458
154014
154013
154012
162460
162457
168890
154020
172275
154021
162456
154009
154010
152121
152122
152123
162462
162463
162464
162465
162466
152120
154011
