4083
88203
88277
88204
88221
88217
88218
88220
88219
88216
88222
88247
88208
88209
88207
88223
88205
88206
80608
80642
81135
90656
81133
81134
81132
81179
81180
81131
81136
81142
81163
81164
81181
81137
81143
81145
81144
81130
80644
81126
81127
81129
81128
80639
80712
80715
80716
80717
80718
80719
80725
81254
80723
80724
81255
80658
80721
80722
80660
80720
80661
80662
80710
80711
80674
80673
80666
80667
80668
80669
80670
80671
80672
80665
80663
80682
80664
80681
80638
80641
80640
80609
80659
81261
81329
81327
90681
81328
81319
81320
81326
81321
81324
81325
81323
81322
81309
81307
81308
81306
81298
81299
81313
81314
84916
80417
80416
81312
81315
81331
82865
90746
81310
81311
81332
90745
81318
81316
81317
81285
81287
81283
81282
81330
80903
80905
80904
90680
81286
81262
81268
81300
81304
81301
81303
81302
81264
81265
81267
81266
81263
81305
81260
81284
81288
81259
81196
81182
81277
81278
81205
81202
81204
81203
81197
81183
81256
81191
81139
81140
81184
81186
81185
81187
81188
81189
81190
81141
81138
80713
80714
81215
81270
81216
81257
81258
81276
81280
81295
81296
81297
81281
81273
81271
81253
81272
81279
81269
81274
81275
83133
83135
90877
83137
90119
90122
90873
90120
90874
90876
90875
90121
89979
89964
90095
90090
90091
90094
90093
90092
89966
89967
90089
89968
90004
91176
90005
91725
89972
89973
89992
91724
89993
91723
89994
89995
89996
91216
89997
91218
89998
91171
91217
90067
90066
90106
91172
89978
89977
90000
90001
89999
89974
90002
89975
89976
89969
90003
89970
89971
89965
91175
83134
83136
89591
89592
89594
89593
89595
89596
89598
89597
85870
86015
80778
87159
80779
87160
80781
87145
87161
90128
90129
90127
90059
90060
91665
91667
91666
90514
90061
90130
90613
90134
90614
90131
90132
90133
90518
90519
90596
90597
90598
90595
90593
90594
90592
90615
90065
90064
90063
81386
86129
87142
81395
81393
81388
81384
81385
81390
81391
81392
81407
86168
86169
87143
86170
90950
86171
86157
86156
90590
86155
81405
81406
81398
81396
90683
81397
81404
81389
81408
90682
81380
81379
81455
87167
81454
81453
81462
90665
81439
81438
81440
90666
90667
91460
85150
81444
81445
81446
81447
81448
81449
81450
81451
81443
81442
81441
81463
81452
81432
81435
87168
81434
81068
81070
81419
81436
87169
80893
80895
81420
81421
80868
80873
80890
80889
80896
81383
81382
80887
80888
80886
81368
81367
80892
81373
87639
81376
81374
81375
87165
87166
87164
90135
90137
90139
90141
90140
90138
90136
91663
87163
80891
80884
80885
80871
80883
80872
80869
80870
80894
81069
81431
87149
81067
81433
81381
81378
81394
81387
81377
90591
90517
90516
90515
90062
90126
87162
91664
80780
87147
87148
81491
86276
90962
91668
86275
81399
81415
86179
81479
81490
81489
81571
81572
81570
81481
81482
81483
81484
81485
81486
81487
81569
81488
81480
81409
81410
81413
81414
81411
81492
81529
81412
81461
81457
81458
81459
81460
81456
81418
81470
81525
81471
81469
81333
81334
81335
82879
82880
82919
82904
82903
82992
82991
83073
83003
82918
83074
83075
82922
82920
83086
83088
83127
83132
83128
83130
83131
83129
83087
82921
83126
83083
83084
90750
83085
83006
83007
83008
90747
90748
90749
83005
83004
81726
82977
82976
81727
82846
82949
82951
82950
91748
91749
81546
81545
81731
81728
81730
81544
83009
83012
83013
81717
81721
81724
81725
90711
90712
90710
81720
90713
81723
81715
81563
81564
81565
81566
81714
81712
81711
81710
81719
81562
81716
81708
81709
81718
81543
81691
83010
81690
81636
81637
91727
81557
81530
81550
91728
81551
81552
81553
81554
81555
81556
81558
81559
81560
81547
81548
81549
81541
81540
82952
81729
82850
82847
82926
82927
82852
82854
82925
82924
91004
82923
91003
82855
82937
82936
91002
82944
82945
82931
82930
82942
82974
82975
82973
82972
82971
82943
82946
82941
82929
82928
82851
82842
82843
82889
82898
82899
82913
82979
82981
83002
82980
82983
83001
82982
82994
82997
82998
83000
82999
82995
82996
82914
82912
82947
82993
82916
82915
82917
82897
82902
82911
82900
82896
81528
81527
81542
82849
82862
82935
82856
84924
84925
84926
90756
82857
82853
90753
90755
90754
82858
82859
82861
82848
82948
82978
83079
90989
83081
90988
83082
83080
90990
82990
82988
82989
82986
82987
82984
82985
82901
82881
82905
82906
82908
82907
82909
82910
82882
82883
82884
82888
82885
82887
82886
82877
82878
82894
87673
88063
88456
88487
88493
88494
88506
88510
90839
88511
88520
88523
88517
88516
88515
88514
88512
88513
88137
88129
88130
88135
88121
88122
88094
88120
88119
88502
88503
88504
88115
88116
88118
88134
91528
88133
88126
88123
91701
88124
91700
88125
91529
88114
88117
88113
88501
88497
88496
87981
88076
88509
88518
88519
88508
88507
88495
88486
88485
88505
87726
87727
90840
87728
87729
88490
88499
88498
88489
88500
88491
88492
88488
87730
88062
88457
88064
88458
87731
87732
88521
88529
88522
87930
87931
87974
87982
88080
88079
88078
88081
87972
88131
88597
88598
88857
80418
80419
88752
91759
88751
88750
90844
90845
90846
90847
88748
84310
84311
88756
88755
88792
88794
88818
89457
88817
88821
88984
89204
89193
89194
89207
89205
89196
88812
88808
88809
88816
89455
89456
89195
88814
88815
88810
89451
88804
88806
89453
88805
88828
88829
89454
89452
88811
88819
89185
88797
88798
88799
89226
89225
89221
89222
89223
89231
89227
89230
89476
89229
89466
89467
89471
89469
89470
89468
89550
89555
89556
89472
91549
89506
91233
89489
89493
91232
89494
91231
89488
89480
89479
89487
89485
89486
89484
89481
89003
88995
88996
89566
89571
90072
90074
90075
89617
89589
89588
90073
89503
89504
89505
88994
89001
89002
89475
88882
88883
88884
88885
83867
88992
88993
90069
90070
90071
88998
88999
90068
88891
83872
88872
88873
88878
88879
88877
88876
88874
88875
83879
83877
83878
83876
83874
83875
83873
83871
83869
83870
88889
83868
89482
89474
88887
88886
89483
89938
89507
89508
89509
89510
91854
91897
89217
89218
89220
89224
89477
89219
89216
88796
89213
89214
88795
88800
88803
88802
88807
88801
88813
89191
89192
89197
89198
89199
89200
89201
89203
89202
88985
89459
89461
89464
89465
88759
88761
89463
88760
88974
88975
88979
88987
88989
88991
88990
88988
88980
88981
88982
83882
83881
88971
91135
91136
91134
91137
83880
83863
83862
83864
83865
88596
83866
88983
88758
88986
89462
89460
89473
88973
88976
88978
88977
84232
84233
84246
84314
84313
84188
84189
84312
84187
84225
84226
84245
84305
84234
84224
84244
84223
88820
84227
84190
84306
84308
91133
84309
91132
84307
88749
91131
88595
88611
88881
88888
91760
91764
91766
91765
91761
91763
91762
88606
88607
88608
88605
88627
88626
88604
88615
88612
88599
88526
88525
88600
88601
88757
88602
88603
88880
88609
88610
88753
88754
88793
88588
88625
88524
88528
88589
88576
88561
88587
88763
88741
88743
88746
88747
88727
88728
88722
88729
91128
91129
88713
88712
88711
88726
91130
88725
88732
88765
88766
88767
88733
88730
88731
88736
91751
88737
91750
88734
88686
88687
88735
88672
88666
84888
88671
88684
88693
87765
87766
87767
87768
88667
88681
88659
88678
87754
88680
88679
88683
91127
87756
87757
87758
87759
87760
87762
87761
88656
88657
88675
88654
88651
88635
88636
88638
88640
88661
88665
84883
88669
84884
88660
88663
88662
88645
88647
88664
88646
88644
88649
88677
84862
84863
88714
84861
88550
88483
88484
88476
88631
88630
88628
88474
88472
88465
88464
88462
88463
87734
88459
88478
88479
88480
88469
88468
90715
90714
91123
91126
90415
91124
88467
88543
88549
83790
83791
88552
88551
83788
83789
88544
88530
88531
88532
88533
83785
83786
88547
88562
88566
88567
88616
88620
88621
88619
88617
88585
88582
88583
88622
88584
88623
88575
88560
88559
88558
88574
88557
88556
88565
88564
88563
88546
88545
83787
88466
88460
88461
87733
88473
88475
88481
88477
88482
88548
88643
88641
88642
84887
88653
88639
88629
88471
88470
88632
88634
88633
88655
88637
88658
88650
88652
88670
88668
84889
84885
84886
88685
88673
88723
88674
88648
88724
88676
88554
88553
88618
88624
88591
88592
88593
88594
88590
88744
88742
88745
88764
88739
88740
88762
87763
87764
88709
88710
88738
88586
89173
89178
89186
89190
89179
89187
89177
89176
89175
89458
89174
89093
89133
88939
88970
88940
91561
88941
88942
88943
88947
88944
88946
88945
88948
91560
88949
88951
88957
88952
88956
88953
88955
88954
88950
88958
89092
89061
80651
89132
89799
89094
80657
80655
80656
80654
80653
80676
80678
80677
80652
80645
80680
80647
80648
89062
91752
91753
91755
91756
91754
91797
90058
90056
89060
80649
90117
91174
90113
90116
90115
91795
90114
91796
90103
90100
90110
90111
90112
91794
90107
80764
80765
91792
90118
91793
80703
80736
91789
91791
91790
80745
80747
80746
80704
80744
80732
80731
80733
80734
80698
80697
80707
80701
80699
80700
80735
80705
80706
80702
90104
90105
90108
90101
90102
80650
80708
90109
80646
87172
90096
80679
87144
87171
87170
87146
90055
90088
90099
90098
90097
88835
88836
88838
88849
88859
88861
88898
88932
88928
88972
88858
88862
88902
88899
88901
88900
88930
88931
88929
88967
88968
88969
88890
88997
89567
89568
90053
90057
88903
88933
88934
88966
88935
88096
88097
88830
88138
88833
88136
88538
88834
88614
88539
88613
88832
88850
88831
88128
88132
88139
89000
89570
89125
89126
89569
90052
90054
87983
87984
88082
88083
88084
88092
88093
88012
88095
88127
80581
83965
80830
80831
80807
80808
80806
80840
80897
80841
80853
80854
80861
80866
80865
80863
80864
80862
80855
80860
80859
80882
81293
82769
82801
81289
82830
82831
82828
82829
82810
82811
82812
81291
81292
83952
82802
82803
82804
82825
82805
82806
82807
82808
82809
82813
82814
82815
82840
82816
82839
82817
82838
82874
90985
82863
82864
82837
82788
82795
82796
82780
82778
82779
82777
82834
82835
90986
82776
82774
82775
82860
90629
82781
81534
81533
81539
81535
81536
81537
81423
81422
81370
81467
80899
80902
81526
90982
81424
81425
81426
81464
81430
81429
81428
80834
80800
80839
80801
80769
80770
81417
81437
81427
80833
80858
80857
80875
82773
82784
82772
82782
82793
82794
82783
82785
82786
82787
82790
82792
82791
82770
80877
82771
81465
81466
81472
81473
80900
80876
80901
80898
81371
81369
81372
81538
81468
82789
82797
90983
82836
82841
82798
82799
82826
82827
82800
81290
82768
81294
80878
80879
80881
80880
80856
80828
80827
81217
80825
80826
80756
80755
80753
80754
80743
80782
80783
80785
80784
80786
80809
80810
80817
80818
80819
80874
80820
80821
80811
80816
80822
80815
80814
80767
80766
80812
80813
84927
80768
80688
80689
80773
80690
80691
80692
80693
80694
80695
80696
80771
80772
80798
80799
80737
80738
80740
80742
80741
80739
80751
80752
80584
80748
80749
80759
80761
80760
80763
80824
80829
80823
80727
80730
80762
80832
80729
80599
80600
80598
80758
80750
80728
80726
80851
80852
80846
80847
80848
80849
80850
80842
80843
80844
80845
80805
80802
80837
80867
80838
80835
80836
80803
80804
80787
80788
80789
80790
80791
80792
80793
80794
80795
80796
80797
80757
80583
80582
81416
82818
82833
82832
90984
82823
82824
82872
82873
82871
82895
82870
82822
82819
82820
82821
82866
88527
88568
88569
88570
88534
88535
88542
88536
88541
88537
88540
82844
82845
90626
90627
90628
82939
82940
90630
82938
90987
81531
81532
91215
91214
91823
84708
84709
91824
91213
91776
91775
84704
84703
84705
91826
84706
91827
84707
91828
91829
84702
84700
84701
91825
85204
85205
88927
85210
88420
88425
88424
88908
91604
91608
91936
91609
91610
91611
91935
88938
91606
91605
91607
88905
88904
88906
88913
88937
90859
88914
88915
88919
88920
88921
88922
89114
89116
89118
89117
89115
88923
88925
88924
88936
88907
88423
88909
91433
88403
88404
91432
88405
88406
88407
88416
88916
91431
88918
88415
88421
88917
88400
88399
88417
88428
88452
88426
88450
88451
88430
88429
88446
88443
88453
85206
89039
91856
89041
89042
89047
88449
88435
88434
88432
88445
88436
88437
89091
90848
90849
90851
90850
90852
91389
90853
91388
90854
90855
90856
89088
90857
90858
89089
89119
89090
89120
91390
91392
91391
88438
88439
88447
88448
88440
88441
91581
88442
88444
88433
88431
88419
88391
88392
88337
88338
88339
88340
88341
88342
88371
88372
88373
88365
88362
88366
88363
88375
88374
88334
88376
88409
88412
88385
88386
88350
88351
88367
88389
88410
88413
88414
88411
88381
88382
88380
88378
88379
88369
88368
88326
88348
88349
88347
88346
88387
88388
88384
88869
88912
88911
88910
88896
88895
88894
88893
88870
88871
88867
88852
88855
88856
88860
88842
88843
88844
88329
88837
88330
88845
88846
88848
88847
88307
88308
88309
88310
88311
88315
88312
88314
88313
88316
88328
88360
88320
88321
88361
90838
88319
88317
88318
88357
88358
88853
88854
88359
88355
88353
88352
88322
88323
88324
88325
88354
88356
88841
88851
88839
88840
88866
88865
88864
88892
88863
88897
88868
88345
88377
88333
88401
88408
88327
88364
88370
88343
88344
88335
88336
85207
85208
88427
88418
88402
88383
88422
85209
88926
88960
88961
88962
88963
89086
89087
89110
89111
89080
89079
89112
89070
89071
89069
89113
89081
89082
89083
89085
89084
88964
88965
83977
83978
83979
83980
89121
90145
89073
89098
89099
89100
89101
89102
90148
89103
90147
89104
89105
89107
89106
89108
90146
89074
89075
89076
89122
89077
90862
89063
89078
89064
90861
89072
89109
88959
84931
73145
73144
76379
76382
76381
76384
76387
76388
76401
76405
76402
76399
76392
76393
76389
76398
76390
76391
76395
76403
76397
76400
76396
76394
76377
76386
76385
76376
76375
76374
76367
76369
76380
76378
76368
76363
76364
76365
76360
76359
76383
76404
76406
84932
87640
87701
87703
87723
87725
88068
91119
88069
88070
87750
88065
88066
88067
87748
87749
87735
87747
87746
87745
87743
87744
87697
87695
87696
91125
87752
88454
88455
91118
87751
87689
87690
87693
87694
87692
87691
87688
87687
87686
87685
88077
87737
88075
88073
88074
88026
88022
88024
88013
88057
88072
87679
87680
88019
88020
87681
87682
87677
87678
87676
88054
88058
88031
88032
88035
88034
87964
87980
87979
87978
87977
87965
87966
87967
87968
87963
87672
87674
87664
88030
88033
88017
88053
88018
88016
87716
87654
87653
87651
87652
87717
87718
87719
87720
87721
87947
87646
87647
87648
87644
87704
87642
87643
87645
87722
87649
87650
87655
87656
87657
87658
87659
87660
88015
87661
87662
87663
88055
88056
88049
87675
88014
87715
87713
87714
87712
87707
87708
87711
87710
87709
87705
87706
88027
88028
88029
88021
88025
88023
88071
87683
87684
87738
87736
87740
87739
87741
87742
87724
87702
87641
75141
75143
75148
75149
75150
75152
75153
75154
75155
75156
75157
75158
75159
75160
75161
75162
75163
75164
75178
75186
77624
75203
75202
75193
75194
75204
75190
75215
75235
75237
75260
75261
75274
75275
75280
75281
76361
76362
76366
76371
76407
76408
76409
76410
76413
76412
76411
76414
76416
76624
87215
87243
87666
87665
87948
87962
87969
87970
87971
87954
87955
87956
87960
87975
90817
87976
87961
90660
87944
87932
87933
87942
87943
87941
90718
87937
87938
91101
87935
87951
87952
87957
87934
87936
87939
87174
87173
87248
87212
87202
87201
87247
87246
87229
87230
87207
87209
87245
87210
87196
87197
87199
87194
87208
87195
87198
87227
87181
87182
87183
87206
87180
87179
87249
87178
87250
87251
87252
87176
87177
87200
76250
76246
76248
76249
76244
76242
76243
76247
87211
87175
87940
87953
87959
87958
87949
91102
87950
87214
87216
87217
87242
87218
87219
87220
87240
87241
87239
87238
90616
91524
87222
87223
87224
80421
80423
87225
91117
91116
87226
80422
87228
80420
87232
87231
87237
87236
87235
87234
87233
87244
87221
76373
76372
76370
75272
75273
75277
77938
77937
75245
75246
75278
76485
78538
77957
77956
76875
77955
76486
75279
75243
75240
75239
75226
75228
75227
75522
77941
77934
77946
77945
77948
77947
77943
77942
76746
76209
76210
76220
76219
76229
75244
75231
75229
76218
76211
76212
76217
76221
76213
76214
76216
76215
75232
76208
77944
77390
76745
77949
77951
77940
77952
77953
77954
77939
75212
75211
75222
75173
75171
77950
75172
75230
77389
75225
75213
75214
75220
75216
75233
75217
75218
75219
78589
75276
75242
75241
75234
75256
75258
75262
75264
75266
75267
75270
75271
75269
75268
75265
75263
75259
75257
75252
75249
75248
75207
75206
75247
75205
75209
75208
75255
75238
75236
75221
75210
75191
75200
75198
75199
75196
75197
75189
75195
75185
75184
75181
75183
75175
75179
75180
75166
75165
75201
75192
75187
75188
75182
75167
75169
77958
75170
75168
76033
76120
76034
76121
76147
76180
76750
76179
76182
76181
76201
76260
77595
76259
76262
87254
87253
76252
76239
76251
76256
76258
76202
76204
76266
76268
76333
76206
76207
76267
76292
76205
76291
76196
76197
76200
76198
76199
76189
76190
76203
76129
76152
76162
76151
76153
76154
76163
76165
76171
76172
76167
76168
76173
76174
76169
76170
76155
76145
76146
76140
76136
76137
76135
76149
76134
76139
76138
76144
76142
76143
76141
76126
76124
76133
76125
76131
76130
76132
76122
76123
76148
76150
76160
76159
76156
76157
76158
76161
76164
76166
76116
76119
76238
76241
87213
87255
76240
78475
76237
76235
76236
76227
76228
76233
76234
75129
75130
75131
75133
76111
76112
76178
76108
76107
76015
76105
76014
76013
76115
76232
76225
76230
76223
76231
76224
76226
76102
76222
76671
75223
76676
77935
76099
77936
76100
75224
76101
76103
76737
76736
76104
76110
76118
76109
76113
76114
76106
75176
75177
75174
75132
76117
76261
76270
87261
87267
87260
87268
87280
91305
87281
87282
87283
87290
91525
91527
91526
87289
87307
87313
87315
87311
87314
87987
87988
87986
87985
87312
87990
87308
87989
87301
87995
87302
87318
87994
87993
88146
90825
87335
87973
87334
87306
87304
87305
87292
87296
87297
87285
87287
87278
87279
87286
87300
87391
90814
87389
87390
87406
87409
87321
87322
87324
87326
87325
87323
87408
87270
87274
87269
87320
87407
87332
87329
87331
87330
87328
87327
87333
87273
87405
87298
87295
87271
87272
87299
87276
87277
87284
87291
87293
87294
87319
87303
87288
87266
87265
91584
87259
87258
87257
91306
87256
76269
76728
76271
76265
76272
76273
76263
76264
87309
87310
87316
87317
87419
87425
90828
88175
88177
88173
88174
88183
90827
88169
88148
90826
88149
88170
88147
88143
88145
88144
88178
88184
88185
88186
90829
88187
88188
88190
88189
88191
88192
88210
88249
88251
88252
88261
88260
88264
88265
88331
88332
88258
88259
88196
88197
88195
88194
88193
88198
88295
88296
88305
88306
88002
88003
88001
88304
88303
88299
88300
88301
88302
88293
88290
88090
88091
88098
88291
90835
88292
88294
87996
87998
87999
91197
87997
88085
88086
91121
90819
88087
90818
88088
90821
91120
90820
88011
88010
88007
88008
88009
88005
90837
88006
88089
90836
88298
88000
88297
88201
88266
88254
88255
88256
88257
88253
88390
88397
91122
88262
88202
88213
88248
88250
88211
88212
88155
88154
88153
88161
88162
88163
87421
88156
87422
87423
87424
88158
88157
88160
88167
88179
88180
88181
88159
88140
88142
88141
88199
88200
88004
88168
88171
88172
88164
88176
88182
87420
88263
87426
89987
89988
89990
89989
80141
89986
80152
84656
80150
80148
80149
80147
90017
90018
90019
90020
80146
80143
90021
80144
80145
80151
80142
89984
89985
89983
90006
89685
90022
89705
89686
83487
89982
89980
91938
91940
91939
89981
90014
84601
90015
90016
91622
90013
91586
91587
91596
91597
91623
91594
91598
91588
91593
91595
90009
90010
91592
90011
90007
90008
91591
90012
91590
89405
91168
89406
89624
89625
91589
89626
89621
89407
89623
89620
89622
89408
89415
89414
89767
89768
89766
89790
89795
89791
89792
89433
89434
89793
91170
89794
91169
89435
89436
89437
89438
89439
89764
89765
89446
89447
89769
89215
89232
89253
89385
89395
89384
89391
89397
89396
89402
91812
89403
89404
89398
89399
89416
89417
89262
89261
89553
89554
89619
91811
89618
89552
89551
89557
89558
89560
89559
89228
89259
89258
89257
89256
89394
89393
89401
89400
89377
89379
89380
89374
89381
89371
89372
89375
89382
89389
89423
89424
89422
89428
89429
89441
89387
89445
89449
89450
89448
89411
89409
89410
89388
89412
89413
89419
89418
89443
89770
89442
89771
89789
89772
89773
89444
89427
89354
89425
89426
89420
89386
89421
89390
89430
89376
90868
89369
89370
89366
89365
89363
89364
89242
89243
89244
89245
89241
89361
89237
89238
89239
89240
89246
89247
89368
89248
89249
89250
89359
89360
89367
89373
89251
89378
89392
89383
89260
89252
83488
85874
89962
89963
85873
89627
89684
89681
89683
89682
91150
91151
91149
91863
91147
91148
91146
91864
91144
91145
91142
91143
91141
91865
91139
91140
89680
91866
89678
89679
89677
91867
89676
91868
89674
89675
89673
91869
89671
89672
89670
91870
89668
91871
89669
89667
91872
89665
89666
89664
91873
89662
89663
89661
91874
89659
89660
89657
89658
89656
91875
89654
89655
89653
91876
89651
91877
89652
89650
91878
89648
91879
89649
89647
91880
89645
89646
89644
91881
89642
89643
89640
91882
89641
89639
91883
89637
89638
89636
91884
89634
89635
89632
89633
89631
91885
89629
89630
89628
91886
85872
85871
89590
89614
89616
89615
89612
89613
89611
91887
89610
91888
89608
89609
89606
89607
89604
89605
89602
89603
83489
91896
83490
83491
83492
91893
91895
91894
83493
89575
91890
91892
91891
89576
91889
89512
89513
89514
89515
89516
89517
89518
89519
89523
89520
89522
89521
89524
89525
89527
89526
89528
89601
89529
89599
91173
89600
89530
89511
89546
89578
89579
89581
89583
89582
89580
89547
89548
89549
89577
89545
89712
89711
89715
89714
89713
89543
89531
90085
90087
90086
89532
89534
89533
89535
89536
89537
89538
89540
89539
89541
90080
90082
90084
90083
90081
89542
90079
89544
83494
83516
83517
89563
89564
89565
89496
89495
89497
89562
89561
91152
91599
91601
91603
91602
91155
89584
89585
89586
89587
91600
89709
89710
89708
89707
89499
89498
89500
91154
89501
89572
91153
89573
90077
90078
89574
90076
89502
89706
83512
83513
83514
83515
83498
83499
83500
83502
83504
83506
83505
83503
83501
83507
83508
83509
83510
83511
83497
83495
83496
83518
89701
89702
89703
89704
89700
89698
89699
89697
89695
89696
89693
89694
89691
89692
89689
89690
89687
91934
89688
89991
85900
89945
89908
89432
89431
91234
89761
89762
89763
89760
89796
89910
91624
91631
91632
91633
91634
91635
91625
91626
91627
91628
91629
91630
89909
89759
89797
89954
91165
91713
91166
91712
91167
89955
91714
89947
89948
89949
89757
89755
89756
89754
89753
89933
89934
89911
89749
89747
89748
89746
89745
89744
89935
91717
89937
91718
89936
91716
89750
89932
89751
89752
89946
91715
89798
89758
89440
81050
81051
87785
87784
87788
87787
87799
87832
89139
88108
88105
88104
88106
88107
89135
89137
87771
87849
89141
89161
88769
88770
91815
88771
89162
89163
89169
89281
89293
89292
89300
89310
89311
89319
89320
89321
89329
87851
87853
87854
87852
91732
91161
91160
89719
89723
91162
89724
89721
89722
91158
89720
91164
91157
91159
91163
89328
89716
89717
91156
89718
89774
89317
89318
89330
89352
89358
89356
89357
87855
87856
87857
89305
89306
87858
89309
89303
89304
89307
89308
89316
89312
89313
89327
89314
89326
89315
89325
89338
89339
89340
89341
89346
89355
89353
89350
89349
89362
89344
89345
89343
89337
89336
89235
89236
89234
89233
89278
89277
89280
89279
89342
89348
89351
89347
89335
89276
89265
89266
89267
89264
89268
89332
91702
89272
89297
89270
89274
89275
89273
88059
87811
88060
88571
89167
89166
89170
89172
89130
89131
89128
89129
89127
88827
88826
89206
89180
89183
89189
89184
88822
88823
89208
89209
89210
90863
90865
90864
89211
90866
88824
89182
89212
89181
88825
88780
88781
88782
88783
89188
83525
83524
88779
83523
88774
88775
88776
88777
88778
88773
89157
89145
89146
89151
89150
89149
89148
89134
88694
88695
88696
88697
88110
87668
87669
87671
88698
87670
87667
88111
88112
87755
86294
86295
86296
88703
88699
88789
88788
88708
88701
88702
88692
88691
90841
88690
88705
90842
88707
90843
88706
88784
88785
88786
88787
88704
88689
88688
87699
87700
88700
88682
87769
87698
88790
88791
89147
88772
89152
89154
89155
89168
89144
89156
89164
89165
89171
90867
89153
89143
88580
88581
88579
88573
88572
87812
89269
89271
88061
89254
89255
89322
89334
89323
89333
89331
89324
89298
89296
89295
89294
89283
89263
89302
91707
91703
91704
91706
91705
89301
91708
89286
89287
89288
89857
89159
89158
89854
87806
87813
87807
87803
87802
87801
87798
87808
87797
87809
87780
87805
87833
87829
87830
87831
88099
87828
83474
83953
83954
83473
87826
87818
87819
87816
87817
87792
87820
87791
87821
87823
87822
87847
89284
87843
87844
87845
87846
87794
84881
84882
87824
87825
87793
83472
83471
87827
87815
87814
87778
87781
87779
87836
87837
89289
89285
87842
87840
87841
89299
89290
89291
87839
89282
87838
87810
88577
88050
88578
88768
88051
88052
89160
89140
89142
87848
87772
87773
87770
89136
88109
89138
87804
87800
87796
87790
87789
88101
87774
88102
87776
87777
88103
87775
87795
88100
87786
87783
87782
87834
89775
89776
89777
80568
80709
80574
89095
89097
89096
80575
80573
80569
80675
80593
80594
80595
58100
75135
58119
58121
58120
75111
75110
78590
75112
75109
75122
75134
75136
75139
75138
75142
75146
75145
75151
75147
79083
75144
75128
75127
60060
60357
60061
75124
75120
75137
75140
75126
75125
75123
75121
58118
75053
58101
