4096
33670
14503
30403
30408
30409
30406
30410
30407
29582
107611
109880
109882
109883
109873
109874
109888
109889
109869
109870
109854
113874
109855
109907
109872
113673
109871
111443
109908
109905
109906
109891
113674
109890
111002
109892
111000
111001
109893
109867
109868
109866
109879
109877
109860
109861
109862
109863
109864
109859
109865
109884
109885
109886
109887
109881
109858
109853
107633
109846
109847
107635
109851
109844
109845
109850
109875
109876
107634
107785
107783
107784
107780
107781
107782
107779
107777
107778
107776
107620
107621
107623
107622
107612
107613
107614
109790
109832
109831
109852
109856
109857
109830
109791
109799
107615
107624
7038
31783
31785
35218
31616
31617
31791
31796
31797
31801
31830
31802
31798
31799
35222
31800
31794
31795
32743
32741
32742
32748
32740
32738
31779
31778
31777
31776
31775
31774
31773
31769
31770
31767
31766
31739
31738
31741
31749
31750
31763
31747
31735
31717
31734
31733
31728
31732
31736
31737
31724
31708
31715
31714
31712
31716
31711
31706
31705
31704
31703
31701
31702
31078
34447
31709
31710
31084
31726
31729
31093
31148
31731
31743
31745
31753
31756
31761
31755
31759
31764
31758
31780
31757
31165
31185
31781
31166
31160
31157
31159
31149
31147
31089
31088
31090
31087
31091
31075
31155
31162
31754
31164
31746
31752
31163
31161
31744
31140
31742
31074
31092
31083
31073
31070
31069
31068
30753
30751
31065
31056
30754
34830
30750
30869
31066
31727
31730
31077
35018
31072
31067
30870
31699
31700
30871
30872
30873
31707
31718
31713
31139
35217
31740
31768
31751
31772
32739
31793
31786
31765
31760
31782
31762
7039
35220
35219
32749
31771
34446
30863
30874
30878
31720
32659
32665
32666
32667
31725
31062
31071
31063
33114
31064
30551
30555
30700
30701
30703
30828
30859
31152
31150
34443
31146
31085
31086
34441
34747
34442
31151
31153
31154
31158
31189
31790
34924
31789
31804
34922
35022
35021
31803
31809
31811
31820
31821
31836
31835
31834
31833
31828
31829
35024
35023
31831
31832
31827
31822
31808
31823
31826
31815
31824
31825
31814
31818
31817
31847
31816
31540
31813
31812
31807
31806
31819
31805
31518
31507
31506
31504
31501
31502
34336
31516
31517
31505
31190
31188
31503
31186
31136
31082
31081
31138
31137
31144
34916
31134
31172
31174
31176
34918
31175
31182
31184
31187
31498
31500
31499
31179
31486
31485
31487
31488
31489
31508
31510
31537
31511
31536
31535
31541
31543
31544
31546
34939
31545
31595
31596
31530
31531
31533
31534
31527
31526
31521
31520
31522
31524
31496
31495
31525
31523
31494
31493
31519
31492
31490
31482
31484
31483
31491
31515
31532
31542
31509
31512
31513
31514
31497
31173
31177
31178
31183
31181
31180
34917
31171
31170
31135
35114
31142
31143
34914
34439
34440
31133
31132
34438
31842
34921
31841
34915
31145
31156
31538
31539
31784
31787
31788
31792
35221
31810
14322
6617
32834
6616
14321
32350
32788
32787
32823
32786
33063
34940
33065
33064
33067
32783
32790
32784
32760
32789
32758
32778
32779
32791
32792
32866
32825
32826
32870
32871
32881
32882
32915
32930
32940
32922
32923
32916
32924
32925
32921
32911
32912
32914
32910
32890
32889
32872
32861
32862
32868
32860
32390
32391
32891
32900
32902
34744
32873
32913
32869
32880
32883
33085
35053
35481
32928
32929
33088
33087
33089
33086
32877
32878
33068
33069
33056
33077
33072
33073
33076
33059
33057
32835
33060
32836
33058
34051
34050
32875
32876
32874
32879
32865
32867
32864
32863
32853
32854
32859
32858
32888
34942
32886
32775
32855
32774
32856
32852
32772
32771
32770
32769
32763
32766
32768
35377
32767
32765
32764
32773
32857
32776
32777
32793
32780
32781
32782
32753
32759
32751
32750
32762
32745
32744
32722
16267
32713
32710
32711
32714
32673
32670
32671
32672
32668
32669
32698
16268
32721
32716
32746
29661
32699
32703
32704
32705
32712
32718
29662
32785
32661
32662
28502
34574
32827
32828
28503
30862
30864
31880
30593
30592
31879
31882
35025
31881
31871
31897
31898
31899
31901
31900
31902
31894
31893
31891
31892
32939
32950
32896
32895
32894
32892
32847
32884
32844
32841
32842
32843
31855
32846
32848
31861
31862
34712
32850
32935
31856
31853
31854
34943
31857
31870
31887
31886
31858
31883
31884
31864
31865
34494
31859
31863
31860
31890
34495
31885
31850
31852
31840
31844
31845
31838
34923
31843
32840
31839
31837
31851
31846
32845
32849
32851
30881
30880
32951
35429
31889
31888
31867
31868
31878
31869
34444
34445
31877
31911
31913
31849
31926
31924
31923
31927
31928
31936
32307
32310
32300
32311
32313
32312
32293
32291
32290
32295
32286
32284
32283
32285
32279
32282
32288
32278
31919
31918
31696
31917
31689
31695
31697
31687
31690
32237
32234
32238
32239
32241
32240
32242
32243
32247
32248
32249
32250
32246
32245
32235
31688
31694
32236
31693
31691
31692
32244
31669
31660
31654
31656
31657
31659
31651
31650
31652
31653
31612
31614
31615
31613
31632
31634
31671
31674
31673
31670
31672
31633
31610
31629
31618
31619
31623
31624
31626
31628
31639
31627
31625
31600
31611
31598
31599
31604
31603
31609
31608
31655
31668
31685
31686
31683
31684
31912
31906
31907
31909
31646
31682
31681
31680
31678
31677
31679
31675
31635
31636
31630
31631
31637
31642
31643
31640
31638
31641
31872
31874
31876
31873
31647
31676
31644
31645
31698
31920
32281
32280
32289
32298
32297
32296
32294
32309
32287
31932
31930
31931
31916
31915
31925
31922
31921
31848
31910
31875
31622
32952
32956
32959
32958
31914
31929
32885
32893
32897
32899
32887
32251
7041
7040
7042
35391
7052
32276
32277
32329
32331
32328
32326
7398
7411
7418
7417
7399
34905
7410
7409
7056
32330
35038
7055
7054
32268
32273
32275
19289
19290
32272
32274
32270
32269
32271
32316
32317
32320
32325
32327
34566
34192
34193
34929
32318
32319
34043
32322
34045
34576
34044
32321
32305
32332
32303
32304
32301
32314
32335
32302
32333
32334
32323
32324
32299
31666
35223
31667
32267
32266
7412
7413
34908
34907
34909
111012
105672
105675
107897
107913
107919
107917
107916
107867
107918
107936
105825
105829
107826
107921
107920
107863
107857
107861
107864
107925
107865
107924
107922
111011
111010
111115
107923
107836
107860
111021
111020
107849
107850
107852
111114
107788
107853
107789
107851
107847
107848
107837
107838
107839
107840
107841
107842
107843
107844
107854
107759
107758
107835
107926
107833
107834
107846
107845
107823
107824
107825
107822
107828
107820
107821
107829
107816
107814
107830
107869
107902
107906
107870
113540
107871
107915
107914
107903
107904
107884
107885
107887
107886
107905
113541
107764
107765
107858
107859
107856
107855
107862
107831
107832
107827
107872
107866
107868
107889
107912
107891
107892
107890
107896
107911
107898
107910
32918
32917
33195
33157
33158
33196
33204
103389
105574
107957
105575
103388
108011
103387
107955
23783
23784
33170
33171
33173
33174
33175
33348
33176
33177
33179
33181
34054
34055
34056
33184
33191
33193
33368
33375
33378
33381
33380
33385
33382
33384
35091
34057
33387
33383
33377
33374
33373
33372
33371
33359
33363
33362
33357
33361
33355
33356
33353
33350
33349
33370
33365
33366
33180
33346
33345
33343
33304
33354
33303
33295
33302
33167
33166
33168
33051
33052
33055
33053
33054
33292
33293
33290
33047
33305
33307
33309
33308
33310
33306
33283
33284
33281
33280
33273
34497
33282
33271
33021
33289
33020
33015
33014
33012
32973
32967
32972
32974
33031
33033
33029
33035
33049
33048
33045
33046
33044
33043
33040
33036
33038
33037
33030
33002
32990
32989
33041
33042
33028
32991
32970
32971
32988
32985
32987
32986
32966
32968
33009
33007
33006
32961
33008
32962
32960
32957
32963
32964
32953
32954
32955
32907
32906
32898
32943
32944
32947
33023
33025
33024
33026
32948
33255
33267
33022
32946
32965
32969
33013
33010
33011
33016
33017
33019
34496
33018
33272
33268
33270
33269
33027
33291
33300
33311
33298
33299
33296
33297
33032
33034
33050
33294
33301
33169
33347
33331
33326
33327
33330
33358
33360
33352
33351
33364
33369
33367
33194
33190
33178
33344
33162
33164
33147
33165
33146
33161
33160
35027
35026
33159
33145
33141
33143
33131
33135
33136
33004
33138
33140
33139
33074
33075
35240
33005
33039
33000
32997
32984
32983
32934
33091
33119
33120
33092
33094
33095
33121
33096
33093
33097
33123
33129
34920
33128
33132
33124
33125
33126
33127
33078
33107
33110
33112
33148
33099
33098
33111
33149
33150
33153
33155
33154
33152
33156
33116
33117
33118
33115
32919
32920
33105
33113
33104
33100
33101
32386
32387
33108
33109
33106
33102
33090
32932
32933
32978
32977
32927
32975
32992
32993
33001
32998
32976
32905
32904
32901
32909
34673
32979
32980
32981
32908
32931
32926
31621
31620
34338
32982
32996
32999
33003
34052
33134
33122
33130
33144
33137
33133
33151
33084
33083
34919
33163
33142
32903
33319
32994
32995
33376
33423
33424
33430
33103
107881
107877
107878
107874
107876
107873
107895
107875
107894
113648
107893
33388
33389
31903
31905
31904
32937
32938
32941
31908
31933
31934
32945
31935
31938
32308
32306
31937
31939
32949
33226
103286
108034
108041
108037
108038
108042
33522
33525
33526
33527
33528
33502
33498
33521
33238
33249
33236
33233
33237
33231
33230
33524
33523
108043
111974
111973
111833
111835
111837
111836
111838
111839
111841
111842
111843
111847
111846
111876
111877
111874
111875
111873
111878
111888
111889
111885
111886
111887
111884
111883
111870
111865
111866
111871
111882
111857
111858
111859
113676
113678
113677
111861
111860
111926
111897
111894
111896
111141
111131
111895
111893
111892
111891
111819
111863
111864
111828
111829
111830
111823
111820
111822
111800
107982
107976
107975
111824
111831
111832
111855
105904
105905
111844
111826
105906
107951
107949
107967
107983
107968
107964
107965
107972
108002
108004
108007
108009
108025
108028
108031
108039
108032
108040
108030
108016
107996
107995
108019
108018
108001
108000
107991
107992
107985
107973
107974
107970
107960
107961
107969
107962
107966
107943
107944
107948
107929
107930
107932
107934
107946
111798
111802
111808
111815
111814
111809
111805
111806
111796
111795
111143
111124
111129
111127
111128
107935
111125
111126
111794
111144
111145
111146
111147
111812
111813
111810
111817
111148
111149
111142
111150
111807
111801
111797
107933
107931
107927
105827
105828
105826
105821
105823
105820
105822
107928
105824
107941
107939
107940
107937
107938
107959
107956
103510
103511
103512
103513
103514
103515
105671
105673
105674
103509
103386
103385
107987
107986
103289
103382
103383
103384
107988
103290
103295
103294
103378
103379
103380
103381
103292
103293
103376
103377
103285
103291
103288
107998
107954
107958
107942
107984
107990
107989
107994
107999
107997
108029
108024
108027
108026
108023
108010
108006
108008
108005
107978
107979
108003
107993
107977
107971
107963
107950
107945
107947
111821
111799
111804
111803
111816
111827
111811
111818
111134
111133
111135
111136
111137
111138
111139
111140
111862
111825
111869
111879
111854
111872
33530
111853
111856
111850
111849
111851
111852
111848
33507
111845
33506
33509
34349
33508
33504
33505
33503
111840
33501
33499
105907
33497
33500
107981
111834
107980
108033
108045
108044
33496
33520
108014
108015
108036
33229
33232
108035
108012
108017
108013
103287
33227
33234
33247
111117
111132
111130
111213
33228
111898
111929
111930
111932
111931
33451
33459
33460
33648
33650
33662
33674
34851
34850
34853
34242
34241
33654
33653
33560
33555
33652
33556
33557
33554
33561
33553
33545
33549
33548
33547
33517
33518
33570
33569
33568
33566
33565
33567
111928
111927
111890
111880
111933
111881
33512
33514
33513
33511
33563
33564
33516
33515
33519
33572
33546
34849
34848
33531
33529
33544
33552
33551
33543
33643
33640
33641
33645
33651
33639
33642
33647
33646
33634
33633
33635
33631
33632
33630
33533
33532
33535
33538
33539
33637
34847
33540
33536
33534
33537
33636
33638
33541
33542
33550
33644
33649
34852
33453
33452
33510
33660
33661
33664
33681
33682
33683
33677
33678
33676
33663
35345
33448
33458
33457
33473
33476
33478
33477
33480
33659
33493
33479
33461
33456
33472
33471
33475
33474
33199
33197
33198
14367
35092
14368
33200
33206
33212
33214
33216
33220
33221
33223
33244
33434
33436
33437
33443
33438
33441
33445
33454
33444
33446
33450
33449
33440
33251
33250
33235
33248
33254
33447
33252
33253
33439
33246
33245
33435
33432
33433
33426
33218
33422
33427
33429
33431
33428
33425
33420
33419
33192
33185
33187
33188
33208
33182
33186
33189
33421
33222
33242
33240
33241
33243
33239
33224
33225
33203
33217
33219
33215
33213
33207
33211
33205
33201
33202
33209
33210
33183
7400
7421
7419
7420
7422
7433
7404
7432
7405
7431
14416
14392
14394
14395
33265
33262
32336
32337
32343
32345
32344
32340
32342
32346
32341
7403
32338
32339
33264
14393
7406
7402
7401
7434
14417
14418
14419
14421
14467
14468
14473
14478
14476
14439
14442
14445
14444
14446
14459
14461
14506
14508
14460
14479
14440
14458
14452
14462
14465
14463
14466
14560
14578
14562
14564
14567
14569
14570
14573
14579
14568
14536
14537
33392
33395
33391
33394
33393
33342
14533
14456
14414
14453
14454
33332
33333
33334
33335
33336
33339
14409
33337
33338
14410
14448
14449
14433
14404
14406
14405
14402
33323
33324
14400
33314
33315
33316
33287
33318
33279
33286
33288
33285
33277
33274
33275
33276
33263
33261
33260
33278
33312
33313
14431
14399
14432
14437
14397
14398
14403
14436
33322
33317
33320
33321
34723
14401
14413
14411
14447
14408
14407
14412
14450
14415
14535
14534
33390
14561
14559
14464
14455
14457
14451
14434
14438
14441
14435
14443
14477
14470
14471
34724
14423
14424
14469
14422
7442
7436
14430
14420
14396
7437
7435
32315
34053
33256
33259
33257
33258
33412
33410
33416
33411
33464
33465
33466
33462
33463
33467
33470
33417
33418
14541
14540
14591
33405
33401
33399
33400
33398
33396
14566
14565
33402
34562
33397
33404
33407
33413
33408
33415
14547
14546
33414
14549
14548
14544
14542
14545
33406
33386
33409
33379
14572
14592
14571
35090
14543
107815
107907
107817
107818
32829
32830
32831
32832
32833
32838
107792
107794
107793
107796
107797
107808
107813
107809
107812
107807
107811
107810
107800
107761
107762
107763
107804
107908
107909
107805
107806
107798
107799
107803
107663
107671
107669
107670
107748
107743
107744
107742
107740
32839
107790
107791
107741
107745
107746
107747
107795
33079
33080
33066
33081
107880
107879
107888
107883
107899
107900
107901
107882
33070
33082
33071
34941
35029
35028
35031
35033
35034
35032
35030
35036
35037
35035
33062
33061
107750
107749
32837
107662
107756
107801
107802
113754
107753
107757
113757
113755
21411
30619
30608
30610
30609
30715
30720
30709
21412
21413
30718
34926
30890
30641
30639
30635
30638
30632
30636
30633
30637
30515
30517
30516
30522
30524
30546
30521
30520
30519
30518
30503
30510
30523
30634
30656
30646
30647
30649
30648
30651
34522
30594
30595
30655
35347
30652
35206
30642
30643
21425
21427
34524
34525
30600
30598
30613
30599
30596
30644
30597
30645
30706
30704
30705
30707
30650
30611
30614
30612
30616
35207
30615
30618
30617
30710
30712
30711
21426
35202
35201
30630
30628
30627
30631
30731
27822
27823
30702
30697
30729
30692
30693
30694
30696
30695
30730
30687
34960
30683
30688
30684
30686
30682
30678
30681
30661
30664
30665
30676
30677
30662
30640
30657
30658
30659
30660
30663
30685
30689
30653
30654
30679
30680
30728
34025
30690
30691
30708
34766
34767
34768
34769
34770
30698
30734
30743
30735
30739
30849
30845
30848
30843
30844
30732
30733
30736
34526
30738
30737
30752
35392
30748
30749
30857
30856
30867
30866
30868
30858
30861
30542
30545
30543
30547
30549
30548
6520
30426
6521
6574
6767
6807
30525
30530
30531
34027
30562
30563
30674
30675
34523
6808
30377
30544
30362
23173
34516
23174
30425
30359
30364
30365
30368
30372
30451
30453
30438
30462
30490
30491
30494
30495
30499
30501
30500
30492
30493
34024
30502
30461
30465
30464
30457
30458
30526
30529
30455
30456
30466
30459
30452
30460
30496
30512
30513
30497
30498
30511
30509
30506
30508
30504
30487
30488
30489
30505
30514
30507
30472
30469
30473
30447
30470
30471
30448
30446
30444
30433
30435
30434
30440
30441
30442
29659
30419
29660
30432
30430
30427
30428
30429
30366
30431
30445
30443
30467
30468
30300
30474
30475
30476
30477
30479
30481
30626
30486
30485
30480
30482
30484
30483
30478
30581
30590
30629
35203
35204
35205
30591
30579
30574
30575
30576
30580
30313
30572
30315
30319
30570
30571
30314
30288
30290
30316
30318
30577
30578
30587
30588
34897
30303
30306
30307
30308
30564
30305
30309
30310
30565
30311
30320
30568
30566
30569
30585
30582
30584
30589
30586
30583
30567
30285
30301
30302
30304
30284
30250
30277
30261
30291
30292
30294
30293
30297
30264
30265
30267
30357
30353
30354
30367
30350
30351
30355
30352
30342
30348
30345
30343
30339
30334
30340
30341
30333
30332
30335
29518
29517
30331
30338
30349
30336
30337
30327
30329
30328
30325
30324
30323
30322
30321
29496
29462
29461
29460
29495
29494
29469
29470
29472
29504
29468
29471
29463
29497
29501
29500
30330
29516
29512
29511
29510
29509
29498
29502
29503
29499
30326
30262
30243
30241
30244
30246
30245
30242
30266
30356
30263
30254
30252
30255
30253
30258
30279
30256
30257
30249
30259
30248
29452
29453
35125
35126
35138
35139
35156
35157
35160
35159
35168
35154
35155
35116
35117
35136
35137
35162
35145
35146
35150
35147
35149
35148
35143
35144
35133
35131
35132
35166
35141
35172
35173
35167
35170
35171
35127
35169
35057
35058
35059
35060
35124
35128
35062
35064
35113
35065
35061
35063
30260
30278
30251
30269
30270
35070
30271
30280
30289
30281
30282
30287
30312
30573
30317
30295
30296
30299
24392
24393
30463
30439
30436
30437
30449
30450
30374
30376
30454
30373
30375
30369
30370
30371
30360
30363
30358
30298
30361
29604
34247
29772
29773
10837
34248
10838
30954
27519
31025
31027
31028
31029
31030
27518
27523
31026
31554
31044
29595
29596
31552
31866
29597
29598
31043
31045
35275
34829
34590
34591
31038
31048
31047
34827
31049
31050
31051
31052
31094
31095
31039
34828
31040
31035
31036
31037
30742
30740
30741
31053
31054
31055
31076
30747
30746
30725
30726
30724
31031
31032
31033
31034
30723
31023
31024
30722
30721
30727
29676
29608
29610
29839
29840
29855
29854
29602
29599
29605
29600
29601
29883
29897
29884
29663
29606
29669
29607
11161
29874
29983
29885
29767
29768
29984
29769
29609
34622
34624
34308
34309
34301
34307
34302
29762
31046
29861
29866
29862
11162
11167
11155
11143
11144
11150
11147
11149
11148
11141
11142
11135
11139
11136
31041
34831
10845
29603
30907
30908
30909
30942
30889
30887
30888
30606
30607
30894
30899
30901
30904
30903
30902
9868
30922
30921
30923
30919
30920
30918
30915
30917
30916
22857
22858
30938
30937
30624
30935
30936
30625
30939
9869
30941
30925
30934
30926
30933
30911
30931
34023
30914
30913
30932
30912
30900
30924
30929
30945
30946
11191
11192
30949
30943
30944
30984
30985
30947
30983
30948
30986
30988
10846
30951
30950
30952
30927
30928
30930
30940
31022
29732
29733
18011
22435
34888
34748
35280
35281
13323
13324
34721
34722
18012
29745
29735
29748
29704
29705
29792
29750
29751
29763
29759
29758
29756
29755
29754
29757
29797
29796
29795
29798
29799
29752
29764
29793
29794
29802
29800
29801
29803
29734
29740
29744
29743
29761
29774
35177
29760
29776
29726
35449
34884
34881
34880
29727
35176
34883
34882
34885
29652
29651
22971
22994
29643
35446
35447
35448
34318
35135
25423
34018
35444
35443
34886
34887
30604
35178
35180
35179
35445
30605
30601
30602
30603
30885
34186
31042
30622
30623
35403
35283
35402
35282
35401
30719
30713
30716
30717
30620
34963
30621
34026
30892
30897
30898
30910
30896
30895
30886
30882
30883
30893
30891
30884
34279
34280
25793
23984
23970
23969
24023
24078
25424
23158
22970
34879
23983
23987
29766
29765
29657
29658
29647
29645
29646
6622
107491
107559
107562
107561
107560
6623
32655
32801
32798
32799
32800
32804
32796
32806
32805
32810
32811
32817
32818
32819
32822
7583
32808
32824
32807
32814
32820
32816
32813
32812
32462
7582
103432
103431
107586
107651
107585
107587
107650
113751
107649
107655
107656
107661
107674
107677
107688
107694
107695
107693
107691
107697
113756
107698
107713
107699
107716
107715
107755
107717
107714
107736
113582
107730
113581
107692
107696
107752
107754
107664
107665
107666
107667
107668
107673
107672
107751
107643
107644
107645
107676
107646
107647
107678
107687
107689
107702
107704
107703
107679
107680
107685
107686
107682
107700
107701
107681
107737
107738
107732
107731
107729
107514
107733
107735
107727
107728
107722
107723
109823
109824
107786
107511
109822
109878
110946
107636
107637
107711
107712
107725
107726
107707
107706
107705
107708
107709
107724
107512
107721
107720
107719
107734
107739
107513
107509
113580
107510
107787
107718
107683
107684
107588
107629
107710
107632
107631
107630
104416
104417
104445
107574
107573
107591
107594
113753
107595
107590
113641
113642
113643
113644
113645
107640
107638
107639
113640
113638
113639
107625
107603
107605
107606
107628
107617
107616
107618
107619
109837
109836
109848
110959
109849
109835
109834
107596
107598
107607
107610
107609
107608
107627
107604
107599
107600
107601
107602
107626
107592
107593
109797
109798
107575
107571
107569
107568
107346
107347
107348
107349
107345
107570
104446
104447
104443
104448
104444
107577
107578
107581
107579
107580
107660
104874
104876
104875
107576
107547
107548
107551
107550
107549
107552
107336
107350
107335
107337
107338
113752
107339
107572
104414
104415
107597
107589
107658
107659
104413
107654
107653
107675
107657
107652
107690
107642
107641
107584
107582
107583
107557
107555
107556
107648
32821
32736
32737
32755
32756
32757
32761
32734
32752
32754
35019
32747
32729
32732
32730
32731
32725
32726
32727
32697
32694
32687
32689
32691
32690
32633
32693
32794
32649
32651
32631
32632
32623
32648
32622
32650
32612
32652
32653
107500
107553
107498
107499
107497
107554
107495
107496
107494
107543
107544
107545
107546
107493
107558
32608
32609
32646
35237
35236
32614
32647
32629
32630
32797
32688
35020
32692
32802
34049
32728
32479
32695
32686
32685
32707
32708
32709
32696
32681
32480
32724
32720
32719
32723
32717
32702
32700
32701
32706
32733
32815
32735
32803
32472
32795
32461
32463
32654
107492
107760
29642
29636
29634
29635
29632
29633
29622
29625
29623
29630
29631
29613
29614
29616
29611
29615
29612
29592
29594
34878
29593
29648
29637
29638
29639
30560
30557
30274
30272
30268
30235
30236
34298
30230
30234
30231
29619
29620
30275
30286
30714
35209
35208
35211
35210
30953
30996
30997
31001
31000
35214
30998
31435
31105
35142
30989
30993
30995
31004
30994
31002
33558
33685
33559
33562
33581
33583
33586
33587
33686
33588
33593
33692
33693
33594
33595
33575
33577
33590
33578
33592
34806
34807
33580
33591
33601
33576
33573
33579
33571
33597
33598
33599
33574
33584
33589
33585
33582
8338
8342
8339
30788
30775
30781
35271
30780
32470
32490
32491
32492
32493
32507
32494
32509
35234
32508
32520
32527
32558
32557
32564
32576
32566
32565
32594
34842
34844
34843
32595
32596
34171
32599
32600
32618
32624
32625
32684
32676
32678
32679
32621
32592
32593
32628
32657
32658
32660
32664
32663
32680
32677
32682
32683
31723
35199
35200
31722
30879
31719
30875
30865
30860
30852
30853
30854
30855
32589
32590
30839
30838
30840
30837
30836
30824
30825
32555
32551
32553
32554
32550
32548
32549
30803
30805
32506
30807
30806
32504
32505
32514
32522
32513
32512
32510
32511
34534
34533
8340
34778
8341
32515
32503
32502
30793
30789
29586
30792
21417
21424
30783
21418
32473
32471
35196
30782
30540
30539
34527
30533
32478
35404
34961
34962
30528
30534
30535
30536
30541
30527
30417
30414
30404
30405
30418
30420
30421
30413
30397
30398
30415
30416
30411
30412
30771
30772
30758
30759
30773
30760
30761
30762
30763
30778
30779
34537
30770
32467
34536
32456
32466
32468
32475
32476
29588
32465
34837
32464
32484
32483
34535
32485
32486
29589
34101
32474
32460
32459
32453
32455
32452
32451
32454
34836
34835
31060
34838
29590
34403
29591
34215
31061
29581
30755
30764
30766
32292
30765
30769
30768
30767
30756
30757
30424
30423
30532
30422
30774
29585
29587
30787
30794
30800
30802
34541
34834
34832
34833
30817
34210
34212
34214
34213
34528
30819
30818
34209
34211
34966
30814
30813
30820
30821
30826
30827
30822
30832
30829
30833
30851
35393
30850
30847
30846
30830
30831
30841
30842
30699
30559
30561
30558
30672
30673
30670
30671
30810
30811
30812
30795
30797
30790
30796
30791
30798
30809
30554
30666
30668
30808
30669
30667
30552
30550
30556
30816
30804
30815
30799
30785
30537
30786
30538
30553
30801
32552
30823
30834
30835
30876
30877
31721
32627
32809
32656
32674
32591
32675
32617
34169
34170
32620
32619
32626
34168
32588
32602
32604
32616
32615
32603
32567
32568
34959
32606
32584
32610
32586
35235
35348
32572
32571
32637
32639
32642
34353
107340
107342
107341
107343
107344
32645
32644
32643
32546
32545
32634
32635
32638
32547
32533
32532
32535
32537
32538
32569
32536
32534
32530
32529
32544
32543
32531
32636
32597
32601
32641
32598
32640
32570
32580
32585
32581
32582
32583
32605
32578
32577
34532
34708
34531
32587
34529
32561
32574
32562
32573
34530
34707
32563
32575
32559
32579
32560
34841
32556
32539
32540
32516
32517
32521
32523
32524
32525
32526
32528
32518
32519
32487
32499
32500
32495
32496
32488
32542
32541
35197
32497
32498
32481
32489
32482
34839
34840
32469
32477
30776
30777
30784
34538
34540
34539
34965
34964
32501
105185
110990
110999
110996
110997
110998
113823
110953
110954
110955
109842
109838
109839
109840
110957
109841
110956
107775
107773
107772
110993
110994
107771
110995
107769
107770
107766
107819
107768
107767
110947
110948
110949
110992
110950
110991
110951
110952
107774
110958
109843
32435
29535
29536
29539
29580
32448
32449
32438
32447
32439
29573
29575
29579
29577
30744
34330
30745
29576
34022
29574
29572
32450
