4085
206439
206440
206443
164845
209952
208858
208860
164380
164442
164441
164443
164460
164461
164463
164462
209319
209327
209328
209329
209367
209368
209324
209366
209361
209360
209326
209325
209323
209321
209322
209320
211117
211139
211142
211122
211121
211119
211118
198677
210151
211583
211584
211595
211596
211598
211599
211604
211608
211609
211610
211611
211660
211661
211698
211699
211701
211716
211717
211719
211840
211842
211856
211861
211863
211865
211875
211876
211882
211883
211917
211921
211923
211949
211952
211951
211950
211945
211946
211943
211940
211942
211941
211939
211881
211885
211918
211944
211948
211947
211920
211924
211907
211911
211910
211903
211902
211908
211900
211891
211893
211905
211892
211909
211904
211906
211919
211916
211915
211884
211880
211877
211878
211874
211873
211890
211889
211898
211901
211899
211897
211895
211894
211847
211886
211852
211850
211851
211854
211859
211858
211855
211853
211849
211838
211845
211830
211678
211831
211836
211691
211685
211834
211833
211679
211683
211677
211689
211687
211688
211682
211684
211666
211665
211697
211664
211658
211655
211670
211668
211667
211671
211672
211827
211828
211843
210471
210476
210470
210523
210524
210538
210537
210535
210520
210469
210451
210446
210450
210447
210257
210232
210251
210256
210255
210439
210443
210444
210438
210436
210247
210246
210242
210240
210241
210245
210225
210224
210194
210222
210190
210189
210187
210185
210186
210179
210191
210192
210210
210213
210401
210387
210208
210205
210204
210198
210183
210214
210406
210215
210212
210211
210199
210195
210184
210178
210130
210129
210127
210119
210121
210138
210160
210159
210161
210155
210144
210143
210142
210139
209659
210140
209631
209628
209630
210102
210104
210109
210110
210132
210133
210120
210111
210134
210107
210106
210108
210103
210101
209629
209627
209622
209632
210105
210141
210112
210135
210137
210136
210118
210131
210128
214701
210188
210219
210220
210221
210230
210170
210169
210165
210158
210156
210157
210163
210162
210193
210223
210196
210216
210243
210248
210250
210249
210244
210235
210238
210236
210237
210239
211656
211652
210229
210228
210175
211650
211600
211602
210173
210166
210164
210145
210153
210154
210152
210147
210146
209661
209668
209660
209666
209652
209624
209625
209623
209612
209611
209658
210148
209669
209667
209671
210890
211581
211589
211593
211616
211632
211633
211642
211645
211647
211649
211747
211748
211796
211797
211799
211802
211804
211938
211869
211879
211867
211728
211801
211727
211725
211723
211711
211720
211706
211696
211704
211705
211707
211709
211695
211693
211638
211637
211631
211634
211630
211640
211708
211713
211724
211726
211803
211800
211798
211712
211710
211703
211648
211746
211646
211644
211641
211639
211635
211620
211629
211619
211594
211591
211582
210172
210174
210231
210171
210168
210227
210234
210233
210226
210252
210448
210445
210468
211675
210449
211673
211674
210254
210253
211669
211657
211654
211653
211651
211663
211681
211835
211680
211676
211832
211848
211829
211844
211846
210525
210539
210540
199717
211887
211896
211888
211860
211872
211871
211868
211870
211866
211864
211862
211857
211841
211839
211837
211722
211721
211718
211702
211715
211690
211700
211686
211694
211662
211692
211659
211636
211607
211606
211605
211603
211601
211592
211587
211597
211586
210167
198688
211585
211580
210150
210149
198687
198678
199711
212005
214260
214259
211937
211931
211933
211935
212001
211995
212003
212004
212011
214263
214264
214267
214268
212016
212014
212007
214261
212012
212009
212013
212008
212006
211999
211998
211994
211993
211991
211953
211992
211934
211922
211929
211925
211913
211914
211927
213822
214400
211926
211930
211912
211928
211932
199739
212002
211936
199735
199712
210126
209626
210463
214548
214545
214546
210467
196815
210542
213002
198625
198627
198624
214841
196814
199718
163929
163951
214262
198810
198595
214458
214457
214459
214528
198596
211954
211996
211997
212000
212017
212019
212022
211989
211975
211980
211977
211976
211974
211988
211987
212024
212026
212030
212040
212372
212029
212025
212027
212028
212038
212037
212036
212035
214269
212033
212034
212032
212015
212031
212021
212023
212020
211990
212018
211978
212010
211957
211979
211956
211955
214266
207842
207843
212039
214265
210206
210207
210209
210389
210403
210405
210411
210420
210423
210437
210441
210442
210458
210456
210457
210464
210512
210517
210533
210532
210529
210526
210531
210527
210530
210528
210495
210515
210491
210492
210430
210427
210429
214543
210454
210461
210460
210459
210434
210433
210516
210511
210462
210455
210453
210435
210408
210440
210407
210409
210404
210217
210218
210428
210452
210422
210421
210414
210410
210400
210402
210388
210466
210465
210475
210474
210513
210518
210519
210521
210536
210534
210522
210514
210473
210472
210510
202171
209874
202172
209949
209950
209951
209919
209920
209921
209935
209937
209936
209927
209926
209929
209925
209924
209851
209928
209845
209844
209841
209839
209840
209835
209834
209837
209907
209909
209913
209912
209911
209914
209916
209910
209908
209810
209906
209836
209828
209827
209820
209817
209819
209821
209825
209830
209794
209813
209818
209974
209977
209975
209460
214360
209973
209826
209832
209838
209846
214711
209922
209923
209934
209915
209917
209918
209459
209467
209468
209473
209476
209983
210009
210011
210027
210036
210040
210042
210122
210123
210077
210176
210177
210180
210081
210093
210094
210096
210095
210299
210300
210302
210320
210318
210319
210312
210311
210310
210309
210297
210296
210268
210064
210065
210063
210066
210294
214703
210291
210292
210090
210091
210088
210086
210074
210069
210073
210055
210054
210052
210001
210046
210047
210048
210049
210058
209831
210045
209829
209997
209996
209991
209990
209793
209989
209998
209995
210004
210003
210002
210029
210030
210031
210070
210071
210079
210034
210075
210032
210025
209987
209979
209982
209981
209985
209993
209980
209976
209471
209978
210028
209988
209986
209994
209992
209795
209822
209823
209824
210044
210043
209999
210000
210051
210068
210050
210072
210083
210084
210085
210062
210053
210060
210061
210067
210295
210298
210317
210301
210293
210092
210089
210087
210080
210082
210076
210078
210041
210039
210035
210033
210026
210024
210012
210010
210005
209984
209501
209475
209474
209472
215117
209470
210303
198780
198785
198784
209221
209220
209219
198782
198781
209403
209452
209453
209455
209454
198783
209404
209405
209409
209411
214778
209414
209410
209402
209400
210322
210323
210324
210181
210182
210200
210203
210390
210392
210393
210395
210412
210477
210478
210481
210483
210499
210505
210500
210484
210485
210486
210489
210488
210432
210431
210426
210424
210415
210419
210418
210413
210399
210398
210396
210386
210202
210425
210480
210479
210383
210498
210379
210378
210374
210377
210375
210328
210325
210326
210482
210417
210416
210376
210329
210397
210394
210327
210304
210391
210201
210197
210007
210008
214700
210018
210020
210037
209412
209437
209413
209451
209477
209483
209497
209504
209508
209503
209620
210097
210098
210100
210115
210113
210023
210114
210022
210038
210019
210017
210015
210016
209506
209496
209502
209499
209494
209500
209465
209484
209464
209495
210006
210021
210099
209621
209619
209618
209598
214704
209596
209488
209489
209491
209487
209490
209480
209479
209478
209442
209441
209439
209440
209486
209446
209597
209616
209617
209509
209492
209507
209505
209498
209485
209493
209482
209481
209463
209466
214825
215102
215101
209469
209436
210117
210116
214541
210124
210125
161300
161305
161319
210363
210364
210361
210360
214217
162579
162580
162583
162591
214219
214218
214220
162601
162600
162592
162593
162594
162597
162596
162598
162614
162584
161325
162581
161324
161322
162578
161320
161318
161310
161311
161313
161312
161348
161315
161316
161314
162585
162586
162587
162595
162599
214208
214210
214213
214212
214211
213937
213931
213938
213952
213930
210352
214205
214207
210350
210351
210349
210348
210340
210338
210335
210334
210336
210341
210342
210345
210356
210354
210357
210346
210347
210365
210366
210369
210368
210367
210316
210313
210308
210314
210321
210315
210307
210306
210287
210286
210290
210285
210284
210283
210282
210276
210275
210279
210277
210262
210261
210258
209933
209931
209932
209943
209944
209946
209947
214616
210278
210331
209960
210330
209962
209959
209964
209966
209968
209958
209955
209961
209954
209940
209938
209939
209953
209945
209942
209850
209930
209848
209833
209849
210260
210270
210267
210271
210269
210266
210265
210259
210059
210056
209847
210057
209941
209948
210263
210264
210272
210274
210273
210305
210343
210344
210289
210339
210355
210288
210281
210333
210280
210332
209965
209967
210337
209970
209971
209969
209972
213953
214204
214209
214206
214216
162590
162582
162577
161321
214215
210359
210353
210362
210358
161323
161317
161306
161304
210372
210373
210384
210380
210371
161302
161307
161308
210370
161303
161301
161309
210381
210382
210385
214473
209731
209738
209873
209872
209905
209732
209805
209854
209809
209816
209814
161345
161346
161347
196009
196008
205335
210509
198809
210507
210506
210496
210502
210503
210501
210487
210494
210493
210490
210497
210508
196645
196646
210504
194917
194918
208967
209108
209109
209407
209408
209103
209104
209462
209102
209107
209111
209114
209122
209406
209449
209155
209456
209458
209457
209171
209167
209170
209165
209168
209169
209786
209787
209788
209785
209781
209162
209780
209778
209783
209792
209812
209811
209815
209806
209807
209808
209804
209802
209772
209775
209776
209774
209770
209789
209769
209767
209763
209764
209141
209779
209140
209139
209130
209149
209157
209160
209150
209147
209151
209145
209154
209144
209120
209116
209115
209117
209142
209112
209118
209146
209143
209148
214710
209768
209773
209803
209777
209790
209791
209156
209161
209782
209784
209163
209159
209158
209164
209166
209152
209153
209123
209121
209119
209113
209110
209106
209105
209101
198902
198903
208937
208966
214708
214706
214709
209297
209296
214540
214539
214707
208857
208852
208856
208849
214881
208850
208851
208963
208964
209094
209096
209098
209099
209125
209128
209127
209133
209138
209136
209135
209092
209716
209718
209720
209722
209726
209727
209729
209758
209757
209755
209711
209740
209741
209742
209739
206059
206058
206203
209709
209706
209700
209701
209703
209704
209714
209715
208926
214503
208925
209713
209712
209084
209085
209086
209082
209075
209074
209073
209069
209067
209068
209071
209076
209079
209088
209080
209081
209078
209040
209077
209039
209037
209035
209021
209020
209023
209022
209018
209019
208919
208918
208917
209007
209009
209010
209013
209014
209016
209026
209027
209032
209033
209025
208914
208916
209008
209011
209015
209017
209028
209038
209034
209031
209030
209070
209046
209062
209063
209686
209702
209064
209072
209065
209066
209089
209687
209699
201617
209698
201616
209737
209736
209710
209707
209705
209756
209728
209723
209725
209721
209719
209717
209091
209090
209131
209087
209132
209134
209126
209124
209097
209036
209095
209100
209093
208965
208962
209129
209137
209762
209761
209766
209765
209771
209798
209801
209800
209799
209796
209759
209797
209760
208848
161408
212367
212433
212365
212364
212762
212347
212345
212342
212346
212360
207890
212339
207897
212167
212786
212340
212232
212168
212435
212238
212361
161349
161359
161366
161367
164503
172422
164500
164501
164502
164499
164492
164491
164506
164516
164520
164519
164510
161365
161357
161373
161371
161372
164526
172424
164528
172423
164527
161401
161402
168721
161399
161400
161398
161383
161387
161397
172149
161390
161391
161384
161392
161385
161388
172148
161389
212432
212423
212425
212434
212424
212419
212369
212420
212413
212422
212358
212356
212385
212383
212400
212381
212380
212332
212334
212353
212351
198597
198598
212352
215009
212343
212349
215008
212344
212348
212333
207787
198592
198591
212331
212327
212330
214317
212382
212335
212355
212354
212357
207891
212359
212368
212370
212421
212363
161386
212362
212416
212431
212430
212429
212428
212426
212408
212403
212405
212411
214697
212409
172421
212402
212401
212399
212375
212377
212391
212394
212392
212393
212398
212397
212395
214698
214272
212048
212049
214273
212043
212041
212045
212047
212046
215006
212044
214270
164122
164121
164116
164115
164118
164126
164144
164125
164142
164157
164168
164170
164213
164214
164215
164221
164218
164177
164176
164160
164161
164158
164159
164113
164114
164153
172411
164124
164127
164110
164109
164102
164101
164108
164093
164095
164096
164097
164084
164037
164038
164039
164040
164103
164094
164089
164090
164091
164100
164092
164087
164086
164085
164098
164099
164111
164107
164154
164106
164155
164105
164104
164219
164209
164216
164217
164162
164169
164164
164156
164143
164128
164133
164123
164119
164112
164117
164079
164080
164081
164082
164083
164088
172678
164120
212042
212386
212388
212378
164148
164150
164484
164483
164149
164147
164146
164145
164151
164152
164129
164130
164134
164131
164132
164135
214271
172412
164136
164137
164141
164163
164139
164238
164165
164490
164489
164508
164513
164507
164515
164248
164249
164504
164250
164234
164236
164239
164235
164237
164223
164222
164212
164140
164138
212387
212390
212396
164488
164495
164498
164494
164486
164487
212389
212379
212376
212373
212374
214315
214316
214314
164497
161353
212406
212384
212404
212414
212417
212407
212412
161356
161355
161375
212427
161376
212418
161379
161382
212415
161381
161380
161378
161377
161374
164517
164518
164512
164509
164505
164166
161364
164485
161363
164493
164496
161362
161360
161361
161358
161352
161354
161350
161351
198919
198921
211813
211815
212124
212125
212127
212129
212136
212137
212143
212144
212308
212310
212312
212314
212336
212165
212163
212164
212159
212158
212154
212151
212150
212152
212123
212117
212120
212103
212101
212099
212091
212085
212098
212094
212063
212062
211442
212065
212069
212066
212082
212080
212087
212086
212083
212077
212076
212074
212075
212059
212067
212064
212055
212053
212054
211440
211439
211435
211433
211429
211426
211424
211423
211425
211432
212050
212051
212056
212057
211778
211772
211779
211792
203020
211791
211795
203026
211794
211808
211810
211816
211817
211819
211822
211959
211960
211963
211967
211969
211971
211985
211986
212307
212315
212319
212371
212322
212321
212320
212313
212324
212317
212316
212318
211984
211983
211982
211981
211965
211972
211961
211973
211970
211968
211966
211825
211964
211962
211820
211826
211823
211821
211818
211958
211809
211806
211805
211788
211789
211776
211783
211781
211757
211761
211763
211773
211766
211771
211768
211767
211100
211101
211105
211769
211102
211103
211765
211759
211094
211762
211758
211756
211760
211751
211782
211785
211787
211786
211753
211752
211750
211745
211749
211764
211775
211774
211790
211784
211754
211807
203027
212078
212079
211793
203019
211780
211777
211770
211434
211107
211106
211104
211427
211431
211436
212052
212058
212072
212073
212068
212060
212061
211438
211441
212071
212070
212084
212090
212093
212131
212140
212118
212092
212100
212119
212116
212149
212142
212146
212147
212161
212153
212122
212160
212323
212162
212311
212309
212306
212148
212305
212145
212141
212138
212139
212135
212134
212132
212133
212130
212128
212126
212089
212088
212081
211824
211814
211812
211811
198920
212095
212102
212115
214460
212156
212787
211422
211467
195325
195324
211447
211465
211466
211471
212097
212110
212114
212106
212113
212105
212109
211477
212107
211476
211474
211478
212111
211473
211459
211458
211460
211453
211461
211472
211469
211454
211452
211451
211450
211446
214411
211416
211462
198869
211475
212104
211470
198868
215015
212096
211468
211448
211449
211421
211420
215010
211419
211418
211437
211430
211428
199595
199596
211417
207786
215185
215184
212326
212325
212341
214513
212157
212166
214374
212338
212328
212337
212329
212169
164775
164777
164778
164779
164780
164848
164847
164851
164789
164788
164781
164782
160142
164598
164613
164610
172438
164611
172437
172442
172436
172432
172435
172431
164612
164865
161431
161409
161429
161432
161407
161405
161406
172426
161404
164589
164661
164664
164511
164663
172433
161413
161414
161433
161434
161403
161430
160144
160145
164662
160146
164588
164665
164765
164769
164768
164761
164759
164760
172430
164753
164754
164751
164752
164750
164787
164795
164796
164794
164792
164793
164791
164790
164857
164763
164767
164770
164749
164757
164772
164774
164773
164783
164784
164823
164826
164846
164829
164776
164819
164820
164827
164850
165526
165527
164849
164805
164806
164807
164817
164808
164809
164810
164802
164811
164812
164801
164800
164454
164455
164698
164440
164439
164448
164449
164452
164813
164814
164815
165175
165176
165515
165177
165174
165516
165517
164804
164816
164450
164451
164375
164444
164446
164447
164824
164445
164437
164376
164438
164377
164453
164799
164803
164828
164818
164825
164821
164822
164735
164736
164727
164732
164733
164738
164723
164722
164711
164731
164719
164740
164744
164742
164748
164741
164595
164596
164597
164668
164669
164670
164586
164587
161410
164579
164578
164590
164593
164554
164555
164553
164556
164562
164714
164715
164571
164564
164563
164710
172428
164565
164717
164718
164728
164798
164697
164729
164726
164699
164716
164456
164457
164458
164577
164704
164708
172690
164707
172427
164706
164705
164574
164570
164548
164546
164547
164544
164545
164341
164342
164349
164350
164514
164247
164246
164245
164254
164351
164255
164256
172681
164253
164252
164260
164330
172680
172679
164329
164328
172419
172418
172420
164331
164327
164326
164319
164320
164316
164233
164232
164229
164220
164230
164231
164227
164228
164210
164211
164243
164242
164240
164322
164321
164241
164251
164244
164225
164226
164348
164345
164347
164346
164343
164352
164357
164356
164382
164364
164383
164367
164366
164381
164384
164388
164389
164385
164371
164372
164370
164369
164365
164333
164334
164335
164318
164317
164332
164336
164337
164361
164362
164368
164363
164358
164387
164359
164360
164338
164355
164353
164700
164344
164339
164340
164522
164576
164575
164703
164702
164354
164386
164701
164709
164569
164557
164572
172429
164521
164566
164567
164568
164559
164540
164539
172425
164538
164552
164551
164541
164542
164532
164531
161393
161394
164530
164581
164582
164584
172152
164585
172151
164583
172150
161396
164534
164535
161395
161369
161370
161368
164529
164543
164536
164549
164537
164524
164525
164558
164523
164591
164550
164580
164533
161411
161412
164594
164592
164721
164720
164712
164713
164561
164724
164725
164560
164734
164785
164786
164737
164739
164745
164746
164730
164756
164864
164840
164797
164755
164747
164743
164758
164762
164771
172153
164766
164764
164666
164667
164837
164839
164838
164836
164855
208015
211008
211006
211003
211004
211010
211011
211025
211026
211028
211027
211340
211326
211350
211352
211410
211351
211034
211325
211323
211324
211020
211019
211012
211009
211320
211319
210781
210783
210782
210780
214581
211156
211157
214549
214550
210730
214544
214580
210760
210764
210775
210778
211000
210997
210998
210996
211013
211014
211015
211016
211022
210968
210966
210967
210994
210960
210993
210770
210772
210767
210771
210757
210728
210755
210751
210756
210750
210726
210725
210723
210719
210718
210699
210698
210700
210701
210697
210705
210709
210712
210711
210714
210713
210710
210722
210724
210734
210738
210753
210748
210766
210749
210743
210742
210745
210944
210958
210959
210947
210945
210943
210744
210741
210735
210736
210737
210740
210747
210752
210739
210732
210727
210721
210754
210768
210769
210961
210746
210964
210999
210995
210774
210779
210776
210773
214547
210765
210763
210762
210758
210761
210759
210729
210731
211318
210777
211002
211001
211005
211007
208016
211029
211032
211033
210693
210702
210696
210965
210946
210948
211158
214598
211017
198872
198870
211755
198871
211744
211742
211743
211741
211735
211732
211733
211739
211064
211063
211060
210935
210933
210924
211054
211061
211058
211059
211070
211071
211069
211068
211067
211076
211087
211088
211079
211078
211081
211080
211021
211018
211023
210992
211073
211047
211049
211075
211048
211045
211052
211050
211041
211039
211056
210913
211036
211035
210978
210976
210977
210981
211043
211037
211042
210984
210987
210989
210985
210986
210983
210982
210980
210988
210974
210973
210970
210969
210971
210972
210858
210953
210954
210952
210949
210950
210956
210843
210942
210941
210842
210848
210847
210841
210840
210846
210860
210859
210861
210864
210866
210907
210910
210920
210921
210918
210915
210917
210931
210916
210904
210903
210901
210900
210852
210836
210850
210854
210856
210855
210844
210833
210831
210837
210827
210826
210676
210675
210666
210668
210678
210830
210834
210828
210853
210899
210905
210908
210914
210909
210906
210867
210865
210863
210845
210838
210679
210839
210862
210857
210955
210957
210962
210963
208318
208317
210975
210911
210979
210912
211038
211044
211051
211046
210991
210990
211024
211077
211074
211086
211053
211066
211065
211057
211040
210923
210922
210919
210932
210934
211055
211062
211730
211740
211072
198873
198876
211736
211738
211737
211628
211734
211625
211731
211729
210940
210937
210939
211622
211621
210930
211613
211612
211617
211618
211627
211643
211615
211590
211588
210895
210894
210893
210926
210925
210902
210927
210882
210898
210881
210880
210879
210877
210871
210872
210875
210883
210869
209647
209644
209643
209590
209584
209581
209580
209578
209548
209547
209549
209536
209529
209531
209561
209563
209560
209570
209558
209557
209388
209385
209387
209375
209374
209376
209380
209383
209384
209381
209556
209555
209530
209537
209562
209571
209550
209579
209582
209591
209587
209592
210817
210818
210815
210816
210800
210801
210802
210803
210807
210808
210821
210832
210835
210829
210673
210672
210805
210806
210797
210796
210674
210669
214589
210670
210653
210652
210650
210654
210667
210640
210623
210638
210639
210644
210643
210793
210791
210790
210789
210788
210812
210811
210792
209577
209576
209586
209572
209573
209574
210786
210785
210784
210634
210635
210636
210631
210630
210629
210626
210625
210628
210627
209392
209390
209397
209396
209395
209565
209567
209559
209566
209564
209399
209394
209382
209393
209389
209391
210607
210602
210606
210608
210605
210604
210614
210616
210618
210617
210615
210613
210612
210552
210603
210601
210550
209369
210551
209371
209370
209363
209362
209364
209378
209377
209365
209379
210624
210610
210611
210620
210609
210633
209398
210637
209569
209568
209575
209589
210787
210642
210632
210621
210622
210619
210641
210645
210646
210795
210671
210665
210825
210810
210809
210804
210794
210799
210798
210813
210814
209588
209593
210868
210870
210819
210820
210822
210823
210824
210851
210878
210887
210876
210885
210886
210889
209670
209663
209662
209657
209656
209653
209614
209610
209604
209605
209606
209639
209640
209641
209648
209636
209645
209642
209585
209583
209552
209551
209634
209637
209554
209553
209607
209613
209638
209655
209649
209665
210874
209664
209646
210873
210884
210888
210891
210892
210897
210896
210929
211614
210938
210928
210936
211623
211624
211626
198877
211031
211030
211082
211083
211085
211096
211099
211098
211095
211092
211090
211089
211093
211091
211097
209424
209425
209438
209443
209447
209448
209595
209609
215034
209432
209433
209445
209540
209594
209600
209601
209603
209602
209542
209599
209541
209539
209444
209431
209430
209259
209266
209268
209428
209429
209512
209518
209520
209521
209523
209522
209533
209544
209543
209534
209535
209526
209527
209525
214917
209357
209351
209514
209515
209524
209538
209532
209517
209516
209519
209511
214831
209510
209434
209427
209426
209423
209263
209264
209265
209269
209267
209260
209528
195313
204680
213302
209435
211280
211289
211295
211297
211493
211498
211499
211496
211500
214692
211518
211519
211520
211521
211503
211502
211509
211510
215028
215027
215026
211311
215067
211309
211302
211308
211307
211306
211305
211312
211313
211299
211294
211292
211291
211273
211269
211267
211268
211270
211248
211252
211300
211266
211259
211265
211258
211249
211235
211234
211240
211242
211241
211254
211256
211263
211260
211262
211277
211278
211283
211285
211480
211482
211486
211489
211485
211504
211409
211505
195336
211403
211401
211389
214932
211390
211217
211192
211214
211216
211219
211381
211382
211383
211220
211218
211215
211208
211194
211191
214689
214688
214691
215033
214690
215017
211149
211134
211135
211136
211226
211227
211236
211237
211225
211228
211229
211230
211224
211222
211221
211132
208794
208801
208800
208798
208797
208799
208792
208790
208781
208782
208765
208766
215018
208767
215019
208795
208706
208705
213745
208702
208703
208760
208761
208780
211133
208768
208796
208793
208791
211152
211151
211153
211223
211138
211131
211130
211137
211150
211196
211195
211155
211154
211193
211198
211274
215153
215155
215154
215152
215157
215156
211188
211400
211384
195337
195338
211402
211484
211483
211487
199693
199692
211481
195351
195352
211288
211479
211284
211282
211279
211281
211287
211286
211210
211209
211261
211255
211253
211239
211238
211233
211231
211232
211244
211245
211246
211250
211243
211251
211247
211257
211272
211271
211303
211304
211301
211310
211522
211317
211316
211315
211314
211495
211492
211497
211494
211488
211491
211490
211296
211293
211298
211290
211276
211264
195314
198907
198908
211571
214412
211573
212214
211574
211576
211577
212207
212208
212211
212212
214687
212210
212206
212205
212231
212230
212235
212241
215016
212236
212234
212237
212233
212197
212196
212193
212121
212202
212204
212201
212203
212242
212199
212198
212192
212194
212184
212183
212185
212182
212181
212179
212176
212175
212174
212189
212173
212170
212172
212171
212190
212112
211556
211549
211551
211553
211554
211558
211559
211561
211563
211547
211562
211545
211568
211543
211544
211542
211538
211530
211539
211540
211533
211536
211534
211531
211528
211527
211526
211506
211507
211514
211515
211516
211513
211501
211512
211511
211508
211457
211456
211399
211463
211464
211455
211444
211408
211532
211529
211537
211541
211546
211557
211552
211550
211535
211548
211445
211555
211560
212178
211565
211567
212180
212177
212191
212195
212200
212188
212209
212187
212186
211578
211579
211575
211572
211566
211569
211570
211564
211517
211524
211523
213039
213221
213222
213225
213227
213226
213213
213224
208746
211168
211172
211173
211175
211174
211167
211165
211169
211170
211186
211200
211199
211204
211206
211371
211373
211378
211380
211392
211393
211395
211404
211405
211407
211406
211443
211364
211361
211360
211339
211357
211356
211334
211376
211374
211375
211369
211370
211367
211203
211205
211176
211178
211177
208750
208749
211333
211332
211338
211363
211398
211396
211358
211394
211387
211388
211386
211212
211189
211190
211211
211182
211180
211183
211184
211162
211161
211159
211120
211123
211179
211143
211146
211145
211147
211144
211181
211160
211148
211187
211391
211385
211379
211213
211377
211372
211368
211207
211197
211202
211201
211185
211171
211164
211163
211166
208747
211362
195861
211346
211347
211344
211343
211341
211327
211328
211330
211331
211335
211348
214551
211349
211355
211353
211345
211337
211329
211342
195862
211411
211354
211359
211415
211413
211412
211414
211366
211365
211336
161522
161537
161705
161523
161580
213238
213233
213232
213237
213236
213235
213231
213230
161574
161573
161578
161579
161548
161549
161547
161546
161545
161544
161577
161576
161575
161543
161524
213234
214685
213229
213228
213223
206419
215085
206498
206499
206500
208921
208934
208936
208956
208958
208957
208953
208935
208928
208929
208931
208933
208952
208955
208954
208946
208951
208948
208947
206540
206539
208939
208938
208940
208942
208941
208943
208945
208944
208932
214530
208930
206512
206513
206538
206531
214529
206521
206532
206517
206518
206496
206508
206507
206495
206505
206492
206502
206510
208923
208922
206490
206501
206497
206487
206486
206489
206488
206446
206452
206453
206454
206491
206514
206475
206473
206476
206456
206449
206455
206448
206447
206451
206445
206444
206515
206509
206511
208927
208924
208920
206485
206483
206484
206442
206420
206493
212213
212215
212270
212271
212273
212277
212290
212298
212291
212299
212300
212303
212304
214686
213245
213219
213220
213217
213218
213215
213216
212286
212285
214461
212228
212281
212239
212282
212218
212279
212225
212220
214612
212224
212226
212227
212222
212217
212229
212223
212284
212283
212280
212278
212289
212275
212274
212268
212244
212243
212276
212221
212219
212269
210651
210559
210560
210561
210562
164178
164391
164379
164378
164179
164208
160147
210680
210681
209313
209316
209317
209318
