4043
251932
251935
236661
251707
251718
251778
261601
251780
251781
251779
251782
251784
251788
251798
251803
263614
252475
240391
240392
246544
246551
246548
246550
246549
246553
246552
251800
251802
251801
251804
246542
251795
251805
251807
251810
252473
252476
252477
252478
252479
252491
252492
251843
252493
251837
251840
261602
251839
251831
251830
251832
251824
251825
251838
251842
251836
251835
251834
252474
251833
251809
251819
251821
251823
251818
251765
251815
251816
251820
251764
251763
251811
251813
251812
251814
251794
251791
251792
251793
251738
251789
251737
251736
251735
251729
251728
251727
251721
251722
251720
251713
251714
251716
251717
251741
251745
251733
251746
251760
251762
251734
251731
251740
251566
251742
251743
251744
251747
251754
251761
251766
251767
261750
251826
251770
251822
251828
251827
251829
251841
251769
251771
251772
251773
251865
251866
251868
251891
251894
251895
251859
251856
251860
251876
251687
251869
251871
251681
251683
251670
251672
251675
251668
251667
251645
251608
251628
251616
251614
251627
251620
251622
251631
251632
251625
251930
251931
251919
251920
251623
251918
263400
251619
251618
251621
250665
250668
250669
251030
250661
251029
250660
250649
250650
244824
250500
250655
250656
261747
250654
250653
250618
250646
250616
250617
250615
250614
250608
250647
250643
244825
250510
250652
250662
250663
250664
251617
250666
250667
250670
251914
263399
251624
251615
251613
251612
251610
251611
251605
251626
251604
251606
251603
251599
251596
251598
251600
251637
251602
241977
251638
251634
251639
251643
251652
251844
251845
251847
251861
251846
251849
261751
251857
251851
251852
251853
251663
251666
251855
251665
251685
251686
251661
251682
251660
251659
251657
251658
251648
251646
236684
236677
251649
251669
251664
251662
251850
251656
251655
251752
251751
251750
251753
251576
251575
251749
251755
251569
251570
251571
251568
251572
236675
251651
236676
251650
251573
251567
251562
251564
251561
251560
251558
251557
251534
251556
251535
251536
251532
251537
251530
251533
251711
251710
251701
251700
251699
246510
251702
251703
251704
251705
246512
246511
246507
246513
246518
246519
246516
246515
246531
246533
246536
246540
246541
246543
261287
246538
246539
246545
246546
246521
246524
264204
246522
246534
246535
246530
246527
246525
246526
246528
246529
246532
246517
246514
246424
246423
246494
246493
246491
246490
246489
246385
246384
246388
246391
251516
263392
261249
263391
251499
251517
251521
251524
251526
246503
246500
246499
246504
246506
246505
246501
246497
246495
246496
246390
246498
251523
251525
251518
251520
251498
251500
251501
251519
251502
251522
251511
251512
251515
251514
251513
251508
251507
251538
251481
251540
251541
251542
251546
251552
251547
251550
251551
251636
251549
251548
251491
251488
251492
251490
251543
251544
251489
251486
251485
251470
251469
251468
251464
251467
251582
251577
251578
250626
251579
251583
251593
251595
251581
251588
251586
251587
251589
251591
244826
244828
244827
250639
250640
250641
250657
250658
250659
250634
250631
250632
250635
250629
250637
250628
250633
250625
250630
236700
236701
250610
250611
261243
250612
250613
250623
261595
261745
263906
263905
261744
250619
250620
250621
250622
250508
250504
250505
250507
250503
251456
251454
251455
251448
251446
251443
251447
251453
250502
251452
263981
250506
261743
261746
250591
250590
250592
250609
250636
250638
251580
250627
250624
251461
251462
251463
251460
251457
251459
251458
251465
251466
251449
251476
251451
251482
251539
251478
251472
251471
251433
251473
251479
251503
251436
251504
251506
251435
251434
251474
251475
251450
251483
251487
261248
251545
251531
251555
251528
251484
251477
251480
251505
251509
251510
251438
251437
246392
246389
246387
246386
246492
246508
246502
246509
251529
251527
251559
251554
251553
251654
251653
251642
251641
251640
251644
251635
241976
236685
251597
251594
251584
251585
251590
251592
251609
251607
251601
236678
251629
251630
251647
251671
251854
251858
251863
251864
251848
251862
251867
251759
251758
251757
251768
251756
251574
251565
251563
251715
251712
251708
251709
251723
251730
251808
251739
251732
251748
251817
251806
251790
251787
251785
251776
251786
251796
251799
251797
251775
251724
251725
251726
251774
251783
251777
251719
246523
246520
251706
236662
250648
250651
251633
251985
251986
251987
251679
251680
251991
251989
251990
251992
252002
252003
252006
252008
252199
252203
252204
252202
252219
252222
252235
252237
261749
252223
252263
251907
252264
251899
251898
251900
251890
251889
251886
251887
251885
251901
251902
252261
252262
251888
252260
261605
252233
252236
252239
264009
252234
252231
252232
264006
252225
252229
263472
263473
252228
252226
252227
252224
252230
252207
252208
252213
252214
252215
252216
252220
252221
252201
252200
251881
251880
251884
251883
251882
251879
251874
251688
251689
251872
251873
251684
251690
251691
251692
251697
252005
252197
251677
251695
251696
251698
252009
252017
252014
252015
252016
252019
252211
252212
252247
252248
264007
264008
252256
252218
252217
252205
252206
252209
252210
252042
252018
252045
252050
252249
252250
252047
252046
252038
252035
252041
252040
252022
252020
252021
252023
251971
252032
252033
251978
252025
251970
251969
251999
251998
252001
251995
251997
251944
251943
251941
251942
251937
251945
251993
251994
251946
251948
251933
251934
251938
251939
251936
251925
251927
251926
251928
251962
251963
251964
251966
251965
251968
251952
251947
251967
252000
252039
252010
252011
252034
252026
252044
252043
252013
252012
252198
252007
252004
251996
251940
251988
251694
251693
251676
251673
251678
251674
251896
261289
251909
251897
251908
251904
251903
251875
251877
251878
138748
138815
138747
138762
138763
138752
138750
138757
138755
138751
138756
138758
138759
138760
138761
138781
138788
138783
138782
138787
138785
138786
138784
138780
138779
138789
139406
139407
133993
139448
139449
139450
139465
139464
139471
139468
139469
139467
139466
132961
139472
136873
136872
139473
139460
139461
139462
139629
139479
139482
139487
139489
139491
139494
139493
139495
133907
139496
139498
139503
139499
139500
139484
139504
139502
139506
139505
139483
139501
139485
139497
133906
139492
139490
139488
139486
139481
139480
139476
139478
139477
139454
139453
139452
139456
139455
139458
139630
139470
139627
132960
139446
139445
139444
139443
139441
139442
139425
139427
139447
139463
139426
139428
139422
139421
139423
134092
134093
139430
139431
139433
139434
139436
139438
139624
139437
139439
139440
139451
139415
139419
139416
139417
139420
138797
139413
139411
139412
139414
139410
139409
138796
138794
138798
138795
132963
132964
132965
132966
133994
139418
139424
139429
139432
139435
139457
139459
139687
139474
139475
138790
138776
138778
138777
138773
138775
138774
138768
138767
138772
138771
138770
138769
138766
138764
138765
138791
138793
138792
138812
138814
138301
138799
139572
138813
138278
138299
138300
138281
138284
138277
137412
138276
138267
138269
137089
137214
137216
137276
138062
138064
138066
138265
138070
138067
138065
138068
138063
138061
137215
137277
138266
137587
137589
137597
137598
137610
137631
137655
137657
138040
138044
138041
138127
138108
138052
138053
138054
138078
138076
138077
138081
138087
138085
138051
138073
138072
138071
138075
138074
138069
138086
138088
138090
138059
138058
138057
138060
138056
138055
138026
138024
138018
138016
138020
138021
138023
138019
138014
138003
138004
138002
138006
138008
138027
138032
138028
138013
138045
138036
138038
138037
138034
137633
137634
138009
137629
137999
137627
137622
137997
137621
137620
137617
137619
137594
137596
137595
137625
137624
137591
137593
137618
137623
137628
137630
138011
138012
138010
138029
138017
138007
138000
137998
138001
138015
138005
138022
138025
138030
138031
138033
138049
138048
138050
138047
138046
138042
138043
138101
138099
138100
138098
138097
137662
137661
137658
137660
137652
137615
137614
137611
137605
137602
137606
137607
137635
137640
137603
137604
137601
137590
137608
137609
137641
137648
137659
137650
137651
137649
137749
137748
137663
138039
138035
137656
137654
137653
137632
137616
137613
137612
137600
137599
137592
137588
138102
138126
138125
138103
137586
137085
137086
133409
133420
133410
133424
133426
133470
133480
133481
133757
133917
133765
133768
133953
133954
133756
133482
133479
133472
133471
133467
133425
133421
133423
133427
133429
133466
133475
133755
133763
133766
133794
133802
133803
133845
133844
133846
133985
133989
133984
133982
133983
133793
132612
132611
133967
133991
133955
133931
133767
133930
132616
133399
133402
133446
133447
133439
133445
133406
133408
133428
133407
133404
133405
133403
133401
133448
133460
133739
133740
133758
133789
133759
133760
133761
133764
133762
133750
133474
133477
133476
133478
133452
133451
133449
133453
133465
133454
133468
133469
133751
133754
133752
133753
133464
133462
133450
133791
133796
133792
133801
133842
133843
133849
133847
133988
134002
134009
134015
134016
134018
134034
134032
134031
134017
134007
134008
134001
134006
133987
133990
133986
133850
133851
132615
133951
133952
133961
133962
133964
133970
133973
133972
133979
133980
134019
137279
137139
137140
133992
133996
134020
133995
139656
139657
139546
133978
133971
133968
133981
137136
137138
137137
137142
137143
139655
137148
137151
137241
137320
137322
137324
137328
137334
137355
137357
137359
137361
137370
137372
137374
138268
137393
137394
137400
137399
137396
137395
139607
137365
137367
137352
137353
137381
137401
137407
137551
137348
137345
137342
137344
137347
137346
137343
137341
137329
137325
137326
137336
137303
137339
137349
137340
137378
137377
137376
137380
137379
137306
137375
137302
137301
137299
137287
137280
137281
137288
137289
137300
137292
137293
137291
137337
137338
137350
137351
137397
137409
137410
137411
137406
137403
137404
137405
137366
137391
137398
137392
137373
137371
137368
137369
137364
137363
137362
137360
137358
137278
137274
137273
137268
137267
137270
137269
137254
137332
137331
137253
137250
137248
137251
137249
137246
137245
137242
137240
137239
137236
137235
137234
137225
137226
137227
137237
137247
137233
137258
137260
137264
137263
137262
137256
137255
137231
137230
137222
137213
137259
137257
137232
137224
137223
137228
137244
137261
137252
137265
137266
137272
137275
137356
137354
137335
137271
137333
137330
137327
137323
137321
137243
137290
137238
137146
137149
137150
137147
137141
137124
137123
137132
137144
137145
137120
137131
137221
137134
137135
137219
137218
137217
137220
137229
137179
137187
137188
137207
137209
137208
137212
137211
137210
137204
137196
137203
137202
137177
138692
137194
137193
137192
137189
137191
137159
137152
137157
137158
137166
137170
137173
137174
137184
137181
137182
137169
137172
137168
137165
137163
137162
137155
137153
137099
137097
137102
137103
137112
137113
137115
137126
137116
137128
137129
137109
137110
133937
133942
133941
133960
133939
133938
133934
133923
133935
133925
133947
133944
133945
133946
137107
137093
137105
137106
137090
137094
137092
136969
137091
137095
136976
136975
137055
137057
137059
137065
137077
137076
137078
137081
137083
137073
137082
137197
137084
137087
137198
137199
137088
137072
137070
137069
137067
137047
137048
137051
137062
137063
137050
137049
137043
137052
136972
136970
136971
136967
136964
136963
133602
133604
133607
133603
133589
133584
133583
133587
133596
133597
133595
133591
133919
133922
133915
133916
133933
133929
133932
133927
133928
133926
133914
133592
133580
133579
133576
133565
133558
133564
133567
133562
133566
133563
133561
133559
133543
133432
133542
133545
133551
133547
133546
133544
133539
133538
133535
133534
136881
133536
133527
133034
133529
133528
133537
133526
133525
133540
133416
133541
133419
133418
133431
133415
133414
133413
133412
133417
133548
133549
133554
133555
133570
133585
133586
133574
136932
136935
136952
136954
136958
136961
137039
137040
137045
137038
137037
137009
137007
137005
137006
137029
137031
137033
137030
137034
137026
137025
137021
137020
136912
136910
136905
136908
136909
136906
136907
136902
136911
136913
137012
137019
137024
137018
137016
137017
137013
137014
136993
136992
136997
136995
136999
137001
137002
136998
136951
136950
136947
136944
136948
136945
136942
136938
136937
136936
136927
136928
136939
136985
136983
136984
136980
136982
136989
136990
136904
137010
136903
136901
136897
136896
136894
136891
136890
136892
136884
136887
136977
136888
136925
136924
136919
136916
136918
136922
136931
136930
136920
133572
136917
136914
136915
136882
136885
136923
136886
136883
136893
136895
136988
136981
136979
136978
136874
136941
136875
136926
136921
136933
136940
136949
136996
136994
136987
136986
136991
137011
137015
137028
137027
137004
137000
137003
137036
137035
136959
136957
136956
136955
136953
136943
136934
136929
133575
133573
133571
133569
133553
133552
133550
133560
133557
133556
133433
133434
133436
133594
133590
133578
133577
133581
133568
133582
133588
133598
133601
133600
136965
136960
136962
137041
137042
137046
137044
137008
137032
137068
137080
137075
137071
137064
137054
137058
137053
136973
136974
136968
136966
133605
133943
133606
133599
133924
133920
133921
133940
133936
137108
133948
137114
137111
137104
137101
137100
137098
137096
137056
137117
137164
137161
137201
137156
137154
137061
137060
137066
137079
137160
137190
137171
137195
137200
137205
137206
137178
137185
137176
137175
137167
137127
137130
137133
137125
137118
137119
137121
137122
133966
133974
133977
133975
133976
133958
133956
133969
133957
133965
133963
133959
133950
133949
132617
133422
133430
133435
133473
133593
133918
133997
133999
134010
134014
134025
134053
137297
137313
137298
137305
137314
137304
137296
137294
137286
137285
137284
134021
134022
137283
137282
134023
134000
137295
134024
134013
134011
134012
133998
134052
132600
137386
137388
138707
138708
137385
137387
137319
137317
137318
138694
138698
138695
137382
137316
137384
137389
137390
138714
138717
138716
138718
134132
137408
137402
137383
138702
132601
138715
138741
138710
138711
138744
139574
138713
138743
138709
138712
138723
138731
138732
139605
138733
138745
138746
138734
138738
138730
138737
138728
138736
138735
138727
138724
138725
138726
138729
138722
137315
137413
137414
134131
138719
138720
138721
134126
138703
138704
138705
138706
138740
138739
139573
138742
134127
134173
138701
138696
138697
138699
138700
133852
133853
134003
134004
134005
134026
134033
134041
134045
139549
134043
137311
139548
137310
134046
134148
134150
134152
134154
134160
134162
134161
134163
134164
134094
134165
134171
134172
134166
134159
134169
134167
134168
134158
134156
134055
134056
139659
139660
139661
134157
134170
134091
134153
134151
134149
134155
134049
134044
139547
134035
134036
137309
137308
137307
134037
133854
133857
133892
133855
134048
134050
134051
134054
137312
134027
134028
134029
134030
134039
134042
134040
134108
134109
134117
134125
134123
134133
134134
134135
134124
253523
134138
137186
137183
139610
134140
139695
133253
133887
133888
139758
139757
133886
133885
133879
133882
133883
133893
133872
133877
133867
133868
251390
251389
251388
251367
251366
251383
251386
251384
133836
133835
133860
133862
133865
133864
133858
133834
133840
133848
133838
133833
133826
133820
133821
251382
133819
133818
251337
251338
251335
251334
251336
251331
251328
251329
251320
251321
133810
133812
251319
133808
133809
251318
251316
251133
251132
251327
251330
251333
133813
133817
133832
133859
251381
251339
251385
251340
251364
133861
251387
133866
133863
133881
133880
133839
133884
133891
133895
133903
133905
133911
139606
133908
134068
134077
134079
134080
134082
134084
134086
134087
134090
134095
134107
134089
134085
134083
134078
134081
134076
134074
134067
134072
133912
134075
134144
134047
133913
134038
133902
133909
134069
134071
134073
134070
134059
133889
133890
134063
134057
134058
139608
133896
134066
134064
134065
133899
133900
133894
133910
133901
133856
139662
133254
251135
251137
251322
251324
251332
251361
251365
251370
251317
251138
251136
133670
251302
251304
251306
251307
251308
251309
251310
251313
251311
251312
251314
251315
251131
250913
250911
250910
250906
250904
250888
250882
250884
250883
251299
251300
250912
133807
133804
133806
133811
133714
133713
133709
133716
133815
133816
133825
133828
133837
133831
133827
133822
133814
133688
133687
133689
133685
133677
133673
133691
133694
133692
250907
133805
250905
133693
133690
133686
250889
133684
133674
251305
133672
251303
251301
133628
133631
133634
133636
133671
133638
133675
133676
133681
133683
133708
133711
133715
133720
133784
133824
133830
133829
133800
133841
133799
133798
133795
133790
133778
133785
133786
133780
133781
133718
133705
133704
133703
133706
133770
133702
133661
133660
133696
133698
133695
133699
133680
133678
133642
133645
133697
133700
133701
133707
133774
133773
133787
133797
133788
133823
133783
133782
133719
133717
133712
133710
133682
133679
133643
133637
133635
133632
133630
133629
250979
253392
253389
253395
253387
253386
253384
250980
235623
252328
235626
235625
252329
252323
252322
252321
252306
252305
252304
252408
252362
252370
252368
252373
252374
252387
252389
252388
252385
252384
252386
252399
253404
253403
250982
253396
253397
253406
253400
264267
253394
262205
264266
253426
253398
253388
253399
253431
262202
262185
252364
252366
252367
252365
252382
252381
252193
252358
252380
252383
252183
252179
252158
252157
252354
252355
252352
252353
252360
252363
252350
252351
252155
252156
252151
252357
252359
252356
252361
252255
251432
251431
252254
252242
252246
252257
252269
252268
252275
252276
252278
252280
252294
252315
252317
252318
252301
252316
252320
252300
252319
252302
252298
252258
252259
252299
252297
252287
252293
252295
252296
252289
252288
252277
252274
252291
252292
252284
252290
252281
252283
252282
252271
252266
252267
252279
252273
252272
252241
252238
252245
252240
252244
252243
252054
252252
252052
252051
252303
235624
264338
252763
252758
252759
252750
252749
251913
252748
251905
252324
252334
252325
252336
252337
252333
252335
252345
252774
252775
252776
252348
252772
252853
252426
252428
252854
262277
262278
252431
252432
252430
252429
252440
252439
252438
252404
252447
252448
252449
252450
252451
252454
252443
252403
252397
252396
252392
252390
252377
252393
252394
252420
252419
252416
252413
252422
252424
252343
252342
252341
252344
252340
252339
252308
252338
252326
252327
252307
252309
252312
252313
252314
252415
252414
252371
252417
252376
252410
252412
252372
252409
252411
252418
252379
252378
252391
252395
252398
252437
252421
252427
252425
252423
252347
252346
252330
252331
252375
251911
252265
252270
251912
133255
133258
250846
250847
250875
250876
250880
250890
250891
250896
250897
250899
250900
251125
251126
251134
251130
251150
251151
251153
251155
251157
251205
251206
251213
251344
251355
251374
251377
251372
251376
251379
253293
253294
253295
253298
253299
253296
253297
253355
253359
253362
253364
253365
134061
134062
253363
253366
253306
253310
253350
253349
253346
253351
253309
253347
253348
253304
253343
253352
253344
253345
253338
253337
253331
253318
253329
253330
253335
253339
253333
253334
252190
252189
253385
253390
253391
252192
252196
252191
252194
252195
252185
252184
252171
252172
252166
252126
252125
252169
252174
252175
252177
252170
252164
252163
252165
252186
252173
252176
252188
252187
252178
253332
253328
253327
253325
253323
253324
253342
253322
253340
253341
253301
253287
253282
253279
253311
253317
253319
253316
253314
253315
253280
252128
252127
252129
252130
252122
253312
253313
253281
253277
252123
253278
253321
253320
253326
253303
253302
253300
253292
253273
253272
253284
253285
253283
253286
253276
253275
253262
253269
253263
253264
253266
253268
251359
253267
253289
251358
251357
251354
251353
253255
253254
253257
251352
251350
251226
251225
251228
252102
252108
252109
252120
252121
253274
253258
253259
252107
252124
252106
262249
262248
252105
252103
252104
252101
252100
251223
251221
251222
251212
251209
251211
263991
251227
251224
251229
251351
253260
253256
253261
253270
253265
253271
253291
253308
253307
253305
253361
251399
251397
253357
253356
251398
251400
251396
251394
251395
251380
251378
251371
251391
251393
133870
133869
133871
133876
133873
251368
251362
251363
251346
251347
251342
251207
251325
251323
251326
251341
251345
251369
251392
133874
133878
133875
253358
253354
253290
251375
251373
251360
253288
251356
251348
251349
251343
251214
251208
251210
251202
251204
251156
251154
251152
251141
251143
251142
251148
251149
251146
251198
251200
251203
251219
251220
252095
252110
252112
252116
252115
252118
252119
252162
252160
252181
252180
252139
252142
252143
252149
252152
252153
252154
252150
252146
252147
252148
252349
252053
252144
252137
252134
252136
252089
252132
252048
252049
252145
252141
252140
252138
252159
252117
252114
252111
252090
252093
252091
252092
252084
252083
252073
252081
261242
252076
252077
252080
252131
252079
252037
252135
252031
252030
252028
251983
251981
252027
252029
251982
251984
252078
252075
252074
252133
252088
252098
252069
252068
252086
252087
252065
252082
252063
252067
252066
252062
252064
252058
252072
252070
252071
251977
251975
251973
251980
251950
251979
251064
251949
251067
251924
251037
251036
251923
251922
251916
251921
261246
251915
251032
251033
251022
251021
251024
251026
251056
251060
251057
251046
251058
251063
251066
251074
251183
252055
251191
251192
252061
251197
251195
251194
251190
251187
251185
251186
251188
251215
251175
251173
251172
251170
251164
251162
251163
251169
251115
251114
251108
251107
251160
251180
251181
251182
251178
251177
251176
251051
251050
251049
251055
251054
251071
251070
251052
251006
250997
251044
250993
251042
252369
261598
250991
250975
251040
251043
251025
250955
251038
251039
250952
250954
250951
250953
250978
250945
250948
250949
250947
250944
250950
251010
251014
251019
251015
250992
250989
250995
250998
250999
251004
251005
251007
251002
251008
251000
251003
251101
250987
250994
250996
251048
251047
251009
251104
251105
251158
251159
251106
251161
251171
251184
251193
251196
251189
251179
251081
251956
251955
251957
251960
251959
251958
251951
251953
251079
251076
251077
251075
251068
251954
251080
251078
251072
251073
251053
251065
251059
251045
251041
251023
251016
251020
251017
251018
261599
251011
251012
252182
251027
251028
261244
251013
251917
251034
251035
251061
251069
251062
251972
251961
251974
251976
252057
252059
252056
252060
252097
252085
252113
252099
252094
251218
251217
251216
251199
251174
251145
251123
250471
250476
251116
251117
251121
251113
251112
251139
251129
251127
251100
251098
251096
251097
251089
251109
251103
251111
251088
251102
251086
251085
251083
251084
251095
250867
250868
251093
251092
250869
250871
250892
250870
250866
250854
250855
250861
250862
250860
250859
250971
250972
250988
250974
250973
251001
250969
250977
250981
250976
250966
250946
250968
250967
250858
250857
250856
250873
250841
250864
250863
251082
251090
251087
251091
251099
251110
250472
251147
251144
251140
251128
251094
250895
250909
250903
250901
250902
250887
250885
250894
250898
250893
250881
250879
250878
250849
250877
250865
250843
250848
250844
250845
250842
133257
133608
133609
133610
133611
133256
139634
139633
251929
252096
251201
250914
250908
252024
250886
134060
250943
251031
253422
251298
252036
252161
253336
253393
137691
136745
137419
137421
137417
137431
137429
137430
137434
137436
137530
137532
137528
137537
137543
137538
137542
137546
137573
137577
137636
137638
137643
137646
137647
137644
137645
137742
137687
137686
137685
137684
137670
137669
137569
137565
137665
137664
137468
137467
137465
137449
137446
137447
137562
137553
137561
137566
137567
137568
137575
137580
137581
139653
137572
137560
137559
137558
137555
136870
137557
136871
137554
136879
136878
137548
137550
137531
137443
137445
137442
137439
137437
137444
136876
137552
137549
137466
137666
137448
137563
137564
137668
137667
139612
137570
137578
137579
137584
137582
137639
137642
137637
137583
137574
137576
137571
137556
137547
137545
137544
137541
137585
137539
137535
137534
137525
137523
137524
137521
137427
137540
137536
137529
137533
137526
136877
137438
137527
137522
137435
137428
137426
137425
137022
137023
137074
137626
137420
137433
137432
137441
137440
137450
137416
137418
137415
139583
139581
139584
139582
137671
136740
136746
133625
133614
133617
133359
133358
133615
133620
133621
133626
133624
133627
133622
133633
133640
133656
139658
133644
133648
133657
133658
133667
133668
133745
133771
133775
133777
133779
133776
133748
133738
133736
133737
133727
133732
133741
133743
133746
133742
133665
133664
133663
133653
133655
133722
133729
133728
133723
133724
133457
133459
133456
133442
133443
133455
133458
133650
133393
133392
133391
133646
133386
133385
133384
133369
133375
133368
133376
133367
133360
133383
133388
133387
133381
133379
133378
133389
133390
133382
133721
133654
133651
133730
133731
133725
133726
133463
133461
133735
133734
133733
133749
133772
133747
133769
133744
133669
133666
133659
133662
133531
133652
133530
133649
133641
133647
133639
133623
133619
133618
133616
133613
133362
133612
133361
133363
133364
133365
133366
134088
134104
134105
134112
134113
134122
134116
134120
134118
134121
134119
253381
253521
253522
253519
253520
253524
253517
253529
253530
253533
253547
253548
253550
253556
253680
253682
253699
253698
253571
253564
253570
253565
253562
253559
253561
253558
261752
253538
253536
253535
134128
134129
134130
134136
134137
134139
134142
134141
134143
134145
253560
253563
253568
253569
253681
253684
253683
253678
253677
253676
253672
253555
253554
253675
261275
253553
253601
253674
253600
253615
253590
253585
253589
253588
253578
253577
253576
253573
253574
253484
253579
253581
253584
253597
253594
253595
253580
253500
253501
253506
253503
253507
253505
253545
253551
253542
253543
253540
253541
253539
253531
253461
253459
253527
253457
253440
253439
253455
253454
253445
253449
253462
253448
253450
253486
253490
253493
253492
253499
253491
253471
253477
253479
253480
253482
253475
253473
253474
252469
252455
252468
253466
253469
253464
253465
253420
253421
253442
253417
253441
253446
253443
261286
262199
253451
253452
253434
253429
253428
253432
253436
253433
253402
253401
253418
253416
253415
253413
253412
253410
253411
253408
253409
253405
235941
235942
235940
252446
252444
252445
252406
252407
252402
252401
252400
252405
253407
253414
253419
252453
253463
252456
252452
253472
253470
253468
253467
253485
253489
253488
253487
253447
253444
253453
253435
253438
253437
253458
253456
253460
253495
253544
253504
253494
253502
253498
253496
253497
253481
253483
253478
253476
253572
253575
253583
253596
253582
253599
253598
253552
253673
253679
253567
253566
253557
253537
253549
253546
253534
253526
253532
253528
253525
253513
253514
253515
253516
253511
253518
253512
253508
253509
253430
253378
253377
253375
253376
253370
253367
253368
253369
253371
253379
134103
134101
134102
253372
253373
253374
253510
253380
134115
253382
253383
134114
134110
134111
134106
134100
134099
252466
252442
252751
252752
252769
252768
252770
252773
252764
252762
252760
252761
252765
252766
252767
132799
133020
133021
133398
133374
133373
133372
133370
133371
133400
133438
133444
133441
133440
133437
133380
133377
133395
133396
133397
133394
133356
133357
133352
132800
133522
133524
133519
133523
134615
136880
133513
134608
134607
134606
134605
134596
134595
134597
134455
134599
134600
134601
134617
134610
134620
134611
134612
134609
134613
133488
133491
133493
133494
133506
133510
133507
133508
133520
133517
133514
133518
133501
133503
133502
133498
133497
133496
133495
133320
133483
133484
133489
133486
133244
133243
133238
133230
133229
133213
133228
133144
133140
133143
133235
133232
133237
133234
133313
133316
133315
133317
133311
133314
133312
133233
133231
133236
133319
133318
133485
133490
133499
133500
133515
133505
133504
133492
133487
133246
133245
133252
133509
133511
134602
134598
134603
134604
133532
133512
134614
133533
133521
133516
133033
132969
133016
139545
139586
139585
136899
136900
134625
136889
133411
137422
137423
137424
