3949
56829
56830
69904
69899
69996
69898
69900
69903
70046
70048
70047
70049
70069
70070
70072
70077
70078
70076
70075
70066
70102
70063
70061
70060
70053
70050
70052
70056
70059
70064
70058
69728
70051
69725
69724
69726
70054
70055
69727
78450
69722
69113
69114
69094
69095
69723
69234
69235
69096
69097
69814
70057
69879
70062
70065
70074
70073
70071
70068
70067
58124
58125
56836
56837
69864
69863
69865
69861
69857
69862
69854
69855
69858
69905
69906
69921
69856
69922
69926
69927
76622
69928
69929
69932
69933
69983
69984
69985
69986
69990
69994
70251
70253
56831
56833
56832
77469
69977
69978
70239
69981
69982
70240
69979
69980
70250
69992
69993
70252
69974
70241
69965
69966
69962
69963
69973
70238
70234
70237
70236
70235
78818
69970
69964
69969
69972
69967
69968
69955
69953
69952
69946
69945
69944
69943
69948
69951
69949
69937
69934
69917
69919
69918
69913
69915
69912
77107
69914
69909
69910
69907
69908
69987
76619
76617
76618
69920
69947
69950
69958
69957
69959
69960
69961
56834
70318
69988
69995
69975
69976
76623
76620
76621
69991
69971
69956
69954
69938
56835
69941
69940
69935
69942
69939
69936
69916
69930
69931
69925
69924
69923
69911
69852
69851
69853
69859
69860
69989
69828
69845
69849
69850
77476
77475
77474
69829
70247
70256
70254
70255
70264
70265
70266
70267
58016
70082
70081
70012
70011
70001
70000
69999
70258
70257
58017
69825
70103
69826
69796
69824
69803
69804
69802
69827
69830
69831
69832
69839
69837
69838
70137
70138
70143
70144
70153
70157
70156
73038
73039
73040
73047
73045
73043
73046
73048
73054
70174
70172
70171
70173
70158
70170
70166
70169
70165
70168
70100
70162
77486
70096
70189
70190
69997
70188
70092
70086
70087
70088
70097
70098
70083
70089
70084
70085
69998
70191
70192
70193
70093
70101
70095
70094
77106
77488
77487
70159
70163
70160
70161
70164
70107
70111
70112
70123
70125
70124
70116
70126
70121
70122
70117
70127
70128
70152
70149
70140
70135
70119
70129
70130
70104
70105
70114
77254
70106
70134
70120
70118
70113
70115
76625
70109
70108
70090
70091
70110
70099
70167
73044
73041
73042
77105
70155
73036
73037
70145
70148
70147
70146
70154
70151
70150
70141
70142
70139
70136
70132
69836
70131
69834
69833
69835
70079
73051
73053
73052
69901
70290
70291
70296
70306
70317
70319
70324
70325
70384
70387
70395
70397
70422
70425
70443
70446
70447
70453
70454
70502
70505
70508
70510
70523
70643
70644
70645
70647
70668
70684
70685
70686
70566
78781
70559
70558
70544
70554
70551
70552
76627
70283
70456
79032
78775
78776
78777
78778
78779
76626
70282
70284
70280
70277
70281
70276
70274
70272
70268
70269
70279
70278
70547
70541
70486
70540
70539
70542
70538
70536
70534
70533
70535
70482
70491
70463
70490
70483
70470
70469
70484
70473
70488
70511
70581
70512
70556
70557
70560
70527
70561
70563
70562
70532
70531
70669
70666
70529
70524
70521
70528
70526
70517
70514
70515
70518
70513
70516
70500
70501
70494
70495
70444
70442
70441
70466
70468
70472
70497
70474
70467
70464
70461
70459
70408
70407
70457
70460
70478
70475
70476
70405
70285
70399
70398
70401
70378
70400
70380
70402
70404
70409
70411
70413
70414
70419
70417
70415
70412
70392
70388
70389
70391
70390
70403
70393
70394
70379
70381
70315
70373
70314
70372
70375
70275
70376
70261
70273
70262
70294
70259
70263
70271
70270
70260
70313
70292
70374
70377
70406
70410
70418
70420
70439
70493
70499
70504
70519
70498
70487
70471
70465
70462
70458
70480
70481
70479
70477
70537
70492
70489
77108
70485
70543
70546
70550
70549
70548
70690
70687
70688
70689
70555
70545
78780
70553
70567
70564
70565
70674
70676
70675
70677
70681
78294
78295
70682
70683
70671
70665
70670
70672
70663
70658
70660
70659
70661
70662
70653
70654
70678
70679
70642
70641
70640
70632
70638
70637
70635
70636
70651
70656
70655
70650
70633
70627
70648
70622
70630
70614
70615
70611
70610
70613
70604
70608
70607
70619
70624
70625
70620
70506
70618
70617
70451
70438
70437
70605
70600
70601
70589
70592
70602
70591
70594
70595
70596
70584
70597
70583
70579
70578
70577
70570
70569
70574
70573
70572
77468
70585
70364
70586
70365
70430
70371
70429
70434
70433
70428
70431
70424
70423
70368
70367
70426
70369
70362
70363
70348
70351
70347
70345
70042
70039
70040
70344
70340
70339
70333
70341
70334
70349
70338
70357
70356
70355
70354
70353
70335
70330
70025
70022
70331
70029
70036
70028
70027
70024
70021
70014
70013
70016
70199
70200
70217
70212
70215
70221
70220
70223
70222
70226
70225
70227
70210
70209
70208
70182
70187
70197
70180
70195
70194
70179
70177
70178
70184
70207
70203
70204
70202
70186
70185
70183
70181
70196
70224
70206
70213
70205
70043
70214
70219
70342
70045
70030
70034
70033
70018
70017
70044
70035
70211
70031
70032
70201
70198
70019
70015
70023
70026
70020
70006
70004
70005
70002
70003
70010
70008
70009
70301
70303
70307
70304
70308
70322
70300
70298
70299
70007
70310
70326
70327
70328
70359
70337
70336
70332
70037
70038
70346
70350
70360
70361
70358
70427
70370
70366
70352
70343
70571
70568
70218
70216
70228
70229
70231
70580
70582
70576
70590
70575
70587
70588
70599
70435
70616
70606
70603
70593
70598
70609
70621
70612
70634
70629
70631
70639
70652
70657
70664
70680
70673
70667
70649
70646
70530
70628
70626
70623
70525
70522
70520
70509
70507
70503
70496
70455
70452
70449
70448
70450
70436
70432
70445
70440
70421
70416
70396
70386
70385
70383
70382
70329
70323
70320
70321
70316
70312
70309
70311
70305
70302
70297
70295
70293
70289
70288
70286
69902
70287
69036
72025
72031
72026
72034
72040
72032
72035
69028
69445
69044
69046
69049
69060
69050
69047
69076
69086
69087
69092
69093
72039
72307
72306
69502
77804
72038
69089
69075
69074
69069
69070
69068
69073
69071
69072
69085
69048
69045
69042
69043
72036
72037
68351
78808
68870
68868
68869
68871
68872
68873
68874
68875
68876
68877
68886
68889
69029
78734
69034
69033
69035
78587
78588
69037
68887
68888
68880
68881
68884
68885
69010
77797
77796
68406
68879
68402
68403
68405
68404
72059
72071
72073
72075
72122
72124
72060
72072
72074
72079
72125
72078
72082
72076
72123
72077
71833
71832
71830
71831
71829
69031
69032
69030
71834
71835
71836
71837
72021
71839
71840
72022
72023
71844
71861
71863
71864
72033
71853
71854
71855
72042
72044
76639
72041
72311
72323
72341
72312
72322
72043
72048
72050
72049
78829
72045
72046
72240
71845
71847
71857
72051
71866
71867
71972
71973
72052
72055
71818
72054
71819
71846
71544
71856
71545
71631
71629
71624
71625
71682
71639
71643
71648
71647
71649
71650
71653
71651
71655
71657
71659
71654
71646
71644
71652
71508
71509
71510
71645
71494
71642
71814
71862
71820
71821
71815
71838
71797
71828
71848
71849
71850
71851
71852
71824
71826
71825
71827
71842
71843
71630
72047
72056
68424
68425
68430
68431
72024
68429
68433
68878
68432
71784
71795
71796
71813
71793
71634
68427
68428
61942
61943
72241
72242
72246
72230
72210
72212
72207
72213
72229
72228
72243
72244
72227
72253
72254
72255
72263
72209
72216
72220
72221
72222
72214
72219
72096
72100
72081
72099
72109
72108
72091
72092
72088
72090
72094
72192
72089
72019
72020
72087
77897
72009
72014
72015
72013
72016
72191
72190
72187
77896
72186
72011
72004
72007
72097
72070
72085
72069
72065
72064
72063
72061
72062
71977
71976
71970
71971
71975
71974
71968
71967
71943
71944
71945
76641
71940
71942
71954
71956
71957
71961
71963
71962
71980
71982
71985
71986
71991
71983
71930
71932
71990
71998
71999
72000
72003
71995
71994
71996
71997
72002
71993
71937
71938
71939
71992
71931
71935
71936
71933
71918
71934
71917
71915
71914
71916
71919
71909
71907
71908
71912
71913
71923
71922
71927
71928
71926
71901
71903
71905
71904
71899
71900
71902
71892
71890
77895
71882
71881
71883
71895
71896
71920
71894
71921
71877
71878
71880
71879
71906
71874
71873
71728
71724
71726
71716
71723
71875
71871
71886
71885
71884
71869
71868
71808
71809
71816
71806
71807
71635
71636
71710
71711
71706
71707
71709
71688
71695
71692
71700
71701
71713
71696
71685
71683
71689
71690
71691
71684
71686
71660
71656
71658
71668
71669
71674
71675
71697
71729
71703
71705
71730
71734
71732
71735
71736
71743
71744
71750
71751
71746
71747
71748
71745
71725
71742
71733
71741
71717
71704
71718
71719
71720
71722
71702
71698
71699
71679
71731
71677
71678
71673
71676
71671
71672
71666
71664
71670
71661
71665
71687
71693
71694
71632
71633
71708
76636
71823
71822
71858
71860
71817
71870
71712
71714
71715
71721
71727
71872
71876
71891
71897
71889
71887
71893
71898
71911
71749
71910
71988
71989
71925
71924
71984
71981
71929
71966
71965
71958
71955
71951
71952
71953
71947
71959
71948
71949
71950
71941
71946
71888
71859
71969
71960
71964
71978
71979
72005
72066
72006
71987
72001
72012
72008
72010
72017
72018
72086
72093
72194
72208
72233
72095
72204
72205
72206
71753
72176
72177
72181
72182
72185
72188
72189
72193
71752
71680
76637
71522
71737
77894
76565
63034
77893
63035
76564
77892
77891
71662
71663
71511
71516
71512
71513
71505
71501
71502
71503
71506
71507
71514
71755
71756
71355
71356
77874
77876
77875
71357
71358
71359
71360
71361
77872
78500
78498
78496
78497
71363
77870
76482
76483
71366
73193
73194
73195
73154
73155
64828
76660
64827
64830
64816
76421
64817
71447
71448
71519
71523
71524
71525
71526
71527
71770
71769
71779
71778
77879
77880
77881
77882
77883
71776
71775
71777
64818
64819
64829
71365
71364
77871
77780
77779
77873
71768
71773
71774
71772
71765
71766
71767
78499
71771
71362
71758
71757
77877
77878
76638
71759
71760
71763
71761
71762
71764
71354
71515
71517
71518
71740
71738
71739
71754
71681
72211
72234
72200
72202
72232
72235
72236
72198
72195
72197
72196
72199
68401
68400
72184
72183
72180
72179
72178
71781
77884
71780
72201
72231
72068
72083
72098
72110
72116
72080
72053
72067
72239
72248
72247
72249
72297
72299
72301
72245
72287
72285
72283
72278
72288
72279
72289
72291
72292
77631
77632
72293
72280
72281
72282
72284
71351
71342
71349
71350
71343
71345
71346
68882
68883
69001
68996
68995
68953
68954
68997
69038
69039
69040
69041
68999
68948
68960
68958
68962
69026
69027
69022
69024
69023
76684
69015
69025
69009
69013
69014
69012
69007
69019
76683
69017
69016
77794
68952
69011
69006
68938
69008
68933
68934
68937
68949
68947
68928
68940
68942
68944
77793
68943
68994
68926
68925
68941
68908
68924
68921
68920
68922
68923
68927
68929
68930
77795
68935
68932
68931
68939
68936
68959
68957
68956
68945
68946
68955
68998
69000
56847
68564
78857
78852
78856
78863
78864
78861
78865
73098
78862
73097
78648
78646
78647
78850
78851
78649
78488
78650
78487
78854
78858
78853
78859
56848
78860
73107
73112
73113
73114
73110
73111
73116
73118
73123
73124
73119
73122
73121
78800
73131
73132
73133
73136
73134
78831
73034
73135
73035
74790
74791
73029
73030
73033
73026
73023
73025
73027
74788
74787
72986
72985
72984
72977
72974
72976
78832
72973
72975
72978
72964
72962
72963
72968
72971
72998
73021
72996
72999
73012
73013
73017
73018
73020
73128
73130
73125
73127
78267
73016
73011
73005
73003
73000
73004
73002
73008
73006
72940
72935
72937
73108
73106
72938
73102
73101
73103
78118
73105
73100
73086
73099
72913
73075
73083
73076
73074
73070
73061
73062
73068
73078
73077
73079
73081
73080
73082
73093
72901
73067
72900
72902
72895
72896
72899
72904
72910
72908
72912
72905
73072
72906
72909
72897
72891
72892
72907
72898
72903
72893
72894
72638
73055
73056
73057
76644
72593
72594
76642
72622
72623
73058
72625
72624
72633
72636
72637
72629
72630
72631
72632
72634
72635
73071
76646
73069
73073
72911
72931
72929
72928
72930
72927
72916
72917
72924
72922
72921
72926
72991
72988
72956
72992
72989
72990
72993
72958
72966
72951
72957
72950
72873
72948
72946
72947
72944
72943
72945
72860
72857
72859
72870
72853
72852
72855
72845
72757
72755
72758
72751
72750
72752
72726
72844
72847
72865
72869
72864
72861
72868
72862
72866
72889
72888
72887
72886
72884
72880
72879
72882
73091
73092
72627
72487
72618
72620
72621
72619
77110
72610
72607
72580
72608
72609
77109
72583
72582
72576
72577
72556
72555
72553
72572
72573
72579
72574
72545
72482
72542
72547
72548
72546
72552
72554
72575
72581
72486
72626
72877
72832
72831
72825
72827
72812
72829
72830
72835
72834
72836
72837
72822
72824
72817
72728
72722
72732
72818
72731
72815
72805
72813
72807
72806
72539
72540
72808
72557
72809
72720
72803
72804
72716
72718
72719
72729
72721
72717
72702
72712
72711
72701
72713
72714
72497
72491
72495
72493
72494
72541
72543
72489
72484
72483
72485
72467
72481
72462
72422
72459
72464
72469
72470
72474
72662
72695
72696
72698
72667
72669
72705
72703
72704
72706
72710
72733
72736
72724
72709
72682
72671
72670
72665
72664
72663
72658
72659
72661
57893
57894
72649
72647
72646
72643
72640
72642
72265
72644
72650
72651
72274
72273
72275
72276
72270
72272
72271
72269
72256
72266
72257
72268
72267
72277
72648
72652
72641
72264
72262
72260
72261
72407
72175
72170
72169
72403
72404
72402
72401
72172
72171
72161
72164
72165
72154
72155
72152
72118
72120
72149
72151
72250
72251
72252
72156
72150
72115
72112
72147
72105
72113
72103
72104
72146
72102
72145
72144
72159
77898
72158
72157
72162
72101
72129
72130
72131
72128
72126
72127
72084
72119
72148
72160
72114
72163
72166
72173
72167
72168
72174
72259
72258
72639
72408
72406
72409
72410
72417
72415
72418
72420
72427
72460
72428
72425
72431
72654
72655
72656
72433
72432
72430
72423
72411
72412
72416
72397
72395
72396
72399
72398
72400
72381
72391
72393
72390
72394
72389
72392
72388
72142
72140
72138
72135
72136
72137
72132
72143
72141
72414
72405
72413
72424
72426
72645
72653
72668
72666
72660
72697
72657
72476
72478
72475
72472
72471
72468
72434
72466
72429
72461
72421
72419
72473
72463
72465
72490
72488
72477
72700
72492
72699
72707
72715
72730
72723
72708
72821
72820
72816
72819
72814
72811
72810
72826
72828
72878
72833
72841
72842
72840
72843
72839
72838
72848
72863
72881
72885
72883
72846
72823
72727
72725
72749
72739
72754
72753
72756
72858
72849
72854
72766
72767
72769
72851
78121
72850
72791
72789
72790
72792
72793
72796
72797
72798
72788
72795
72783
72802
72785
72784
72801
72800
72782
72780
72776
72778
72779
72777
72747
72744
72742
72694
72773
72772
72690
72691
72692
72738
72740
72745
72746
72763
72760
72759
72764
72737
72735
72734
72683
76643
72679
72680
72681
72677
72678
72684
72685
72676
72672
72673
72674
72675
72686
72689
72687
72693
72741
72743
72748
72770
72768
72775
72774
72781
72787
72786
72765
72856
72794
72799
72942
72872
72871
72954
72955
72919
72918
72876
72875
72874
72925
72920
72915
72914
72867
72923
72932
72933
72939
73001
72934
73015
73010
72994
72997
72979
72981
72980
72995
72967
72965
72961
72949
72960
72972
72959
72969
72970
72982
72983
72987
73022
73014
73019
73028
74789
73031
73129
73032
73126
73120
73009
73007
73117
73115
73109
72941
73104
72890
72111
72117
72215
72218
72224
72223
72225
72121
72226
72217
72525
72527
72584
72592
73050
72346
72348
72515
72523
72524
72347
72522
72521
72446
72447
72456
72537
72458
78486
72457
72480
72544
72560
72561
72567
72598
72603
72599
72602
72597
72604
72596
72601
72590
72600
72586
72585
72588
72591
72587
72535
72534
72530
72531
72533
72529
72532
72565
72536
72589
72595
72571
72613
72615
72617
72628
72616
72614
72606
72605
72578
72570
72569
72564
72563
72551
72550
72568
72566
72562
72559
72549
72558
72538
72479
72455
72454
72133
78828
72326
72324
72325
78830
72134
72370
72369
72379
72371
72378
72380
72382
72386
72436
72437
72442
72443
72444
72445
72453
72451
72452
72440
72450
72448
72357
72449
72358
72354
72359
72361
72363
72364
72366
78120
72362
72360
72526
72351
72352
72435
72438
72353
72333
72383
72384
72385
72332
72329
72328
72330
72331
72349
72350
72355
72356
72365
72439
72441
72387
72374
72373
72377
72375
72376
72372
72327
74268
74281
74282
74269
74271
74284
74283
74320
74275
74321
74273
74272
74274
74267
72290
72294
72295
72304
74270
72305
72771
72688
68975
68976
68984
68985
72106
72153
72508
72518
72519
72520
72528
72517
72516
72514
72512
72506
72507
72505
72504
72498
72502
72500
72501
72503
72509
72510
72343
72344
72345
72342
72340
72513
72511
72107
69790
72499
72496
69800
69801
66306
66307
69811
69810
69809
69720
69806
69807
69751
69752
69750
69756
69755
69762
69764
69765
69766
69760
69758
69759
69745
69757
69743
69753
69742
69737
69736
69738
69735
69746
69734
69733
69730
69561
69729
69731
69562
69563
69565
69564
69559
69556
69569
69571
69574
69576
69740
69741
69767
69769
69768
69770
69607
69605
69606
69608
69616
69617
69785
69784
69602
69611
69610
69612
69615
69619
69620
69789
69791
69621
69618
72338
72339
72337
69614
69609
69590
69591
69594
69613
69593
72335
72336
72321
72319
72318
72315
69532
72309
72313
69507
72308
72310
69503
69501
69505
69506
69534
69538
72320
69587
69537
69533
69531
72314
72317
72316
72334
69588
69592
69589
69586
69585
69536
69535
69529
69581
69599
69598
69597
69603
69573
69595
69596
69584
69572
69557
69583
69577
69578
69525
69530
69526
69524
69511
69514
69515
69518
69519
69520
69496
69512
69513
69494
69495
69497
69499
76614
69498
69504
69500
69091
69090
69492
69491
69493
69084
69083
69077
69078
76866
69065
69066
69079
69490
69509
69522
69523
69489
69487
69486
69488
69551
69552
69546
69547
69545
69542
69541
69544
76616
76615
69540
69481
69480
69479
69477
69460
69461
69458
69457
69464
69463
69465
69474
69473
69484
69476
69472
69471
69470
69067
69469
69467
69062
69058
69061
69055
69054
69056
69057
69453
69454
69371
69005
69370
69374
69377
69372
69366
69376
69373
69378
69381
69382
69379
69383
69420
69385
69423
69369
69367
77801
77802
77803
69368
69003
69051
69004
69052
69053
69059
69459
69468
69456
69455
69375
69380
69384
69462
69422
69440
69421
69478
69466
69475
69550
69485
69482
69483
69082
69081
69508
69064
69063
69088
69080
69510
69527
69686
69579
69516
69528
69517
77104
69521
69539
69582
69601
69604
69600
69575
69570
69554
69548
69549
69553
69558
69543
69451
69452
69674
69446
69447
69671
69672
69673
69683
69685
69688
69560
69675
69676
69687
69747
78817
69732
69566
69567
69568
69739
69744
69754
69749
69748
69689
69719
69721
69808
69761
69763
69815
69816
69817
69819
69820
69821
69822
69823
69818
69813
62898
62899
64045
69780
69797
69779
69781
69798
69799
69788
69792
69786
69787
69771
69775
69776
69777
69773
69778
69774
69793
69772
69783
69794
69782
69795
67217
69363
69364
69365
67218
56840
68891
68893
68894
68911
68916
68918
68966
68965
68968
68970
68974
68969
68967
68917
68964
68963
68971
68973
68979
69142
69146
69345
69349
69350
69356
69358
78483
68982
69346
69347
69351
68981
68980
68988
68989
68990
69352
69353
69002
68993
68991
68992
78460
68977
68950
68951
69018
68987
68983
68986
69354
69355
69357
69359
69360
69386
69389
77598
69395
69390
69387
69211
69219
69388
69220
69400
78816
69401
69402
69403
69405
69404
76613
69223
69225
69222
69217
69216
69207
69206
69205
69204
69164
69163
69161
69159
69200
69199
69212
69213
69176
69177
69193
69174
69190
69195
69191
69192
69194
69188
69181
69185
69182
69180
69183
69172
69189
69171
69173
72139
69175
77484
69170
69133
69152
69155
69153
69154
69144
69158
69143
69135
69136
69137
69125
69130
69128
69166
69168
69165
69129
69126
69120
69117
69118
68738
68740
69122
69121
68755
68756
68757
68761
68760
68754
68748
68750
68749
68751
68701
68705
68710
68702
68703
68687
68682
68680
68679
68676
68691
68692
68690
77096
68693
68689
68677
68669
68670
68695
68746
68736
68732
68735
68731
68734
68733
68730
68728
68727
68724
68723
68715
68716
68714
68721
68717
68719
68720
68668
68718
68665
68666
68713
68711
68712
68667
68726
68722
68745
68744
68671
77789
77790
68675
68674
68593
68594
68589
68590
68591
68597
68832
68684
68683
68686
68685
68596
68587
68588
68595
68678
68681
68694
68697
68698
68699
68706
68708
68700
68707
68709
68747
68696
68742
68753
68743
68741
68739
68737
68729
69119
69127
69124
69123
69134
68758
69138
69151
69131
69132
69169
69167
69198
69157
69156
69202
69201
69196
69197
69221
69218
69210
69208
69209
69203
69162
69348
69160
69148
69344
77800
69145
69139
68762
68759
68972
77799
68978
68752
68704
68915
68906
68907
68904
68903
68902
68900
68859
68858
68860
68862
68919
68864
68863
68857
68866
68867
68852
68865
68856
68861
68898
68899
68897
68896
68890
68895
68913
68901
68905
68912
68914
68910
68909
68688
68836
56842
56841
71587
71588
71596
71597
71598
71611
71612
71791
71792
71801
71803
71804
71800
71802
71799
71798
71618
71621
71617
71622
71613
71628
71607
71608
71609
71627
71805
71620
71626
71616
71619
71623
71614
71615
71610
71605
71606
76635
71603
71604
71594
71595
71601
71788
71790
71812
71810
71811
71794
71787
71785
71786
71599
71593
71789
71600
71590
71591
71602
71592
71589
69394
69396
69391
69392
69361
69393
69362
69397
69415
69414
69416
69417
69399
69419
69435
69437
69438
77489
69436
69441
69450
69449
69448
69442
69427
69412
69413
69410
69407
69409
69411
69408
69439
69426
69424
69425
69418
69398
69406
67510
67511
67512
67520
67521
67567
67566
67568
67571
68222
68230
68221
68228
68231
68233
68238
68232
68234
68227
68229
68241
68251
68252
78809
68237
71392
71393
78474
68236
67572
68240
68239
67522
67518
67519
68253
68259
68260
71396
71397
71398
71399
71530
71537
71538
71542
71543
71549
71576
71577
71578
71584
71585
71586
71583
71581
71580
71556
71554
71555
71567
71570
71557
71553
71539
71540
71536
71551
71552
71550
71547
71533
71534
71535
71548
71579
71582
71546
71575
68421
68419
68396
68423
68414
68416
68426
68422
68413
68409
68408
68415
68410
68411
68407
68389
68392
68412
68417
68418
68394
68382
71528
68397
71529
68380
68381
68378
68379
68391
68373
68388
68387
68386
68383
68384
68369
68370
68367
68368
68361
68366
68359
68357
68365
68358
68362
68385
68371
68372
68375
68376
68377
68393
68390
68363
68364
68395
68420
71541
71532
71531
71401
71402
71395
71394
71245
71246
71150
71152
71151
71153
77024
76881
76880
71183
71182
71185
71371
71372
71373
71403
71404
71380
71381
71386
71405
71407
71418
71419
71420
71421
71558
71563
71565
71571
71573
71572
71574
71640
71637
71638
71411
71483
71486
71484
71487
71488
71491
71641
71490
71496
71492
71493
71481
71480
71479
71476
71475
71473
71468
71471
71470
71472
71391
71388
71387
71390
71440
71465
71442
71446
71458
71459
71460
71457
71452
71453
71266
77885
71264
71449
71265
77886
77887
77889
77888
71451
71450
71431
71429
71427
71428
71430
71435
71433
71436
71438
71437
71432
71383
71378
71424
71425
71257
71254
71253
71256
71248
71252
71255
71375
71377
71382
71426
71258
71443
77890
71444
77085
71439
71445
71441
71434
71384
71466
71467
71469
71477
71478
71489
71482
71474
71485
71566
71561
71568
71569
71560
71559
71562
71564
71422
71415
71412
71413
71414
71416
71410
71406
71408
71409
71417
71389
71385
71379
71368
71400
71376
71374
71184
71249
71250
71251
71423
71247
71177
71186
71181
71369
71367
69692
66312
69696
69697
69705
77101
69706
69708
69716
69717
69714
69715
77485
69713
69709
69711
69710
69701
69695
69693
69694
69704
69707
69702
66313
69654
69630
69653
69631
69628
69651
69690
69691
69698
69699
69703
69700
69712
69337
69334
69339
69331
69329
69328
69333
69291
69288
69290
69287
69284
69269
69280
69282
69265
69266
69277
69278
69279
69286
69276
69285
69319
69320
69324
69325
69274
69275
69271
69256
69270
69257
69272
69273
69268
69267
69263
69259
69260
69262
69261
69622
69624
69626
69258
69264
69283
69281
69327
69326
69330
69338
69340
69342
69343
77477
77478
69318
69868
69869
77480
77479
69870
69871
69872
69878
69890
69893
69894
77481
69888
69889
77482
77483
69886
69891
69892
69896
69895
69897
69885
71865
72762
73024
69875
69887
69880
69874
69873
69876
69867
72761
69317
69316
69312
69311
69310
69302
69303
69304
69298
69299
69307
69305
69306
69308
69309
69866
69315
69313
69314
69336
69341
69332
69335
69650
69623
69289
69625
69627
69629
69652
69224
69883
69884
69428
69430
69661
69667
69679
69680
69681
69670
69684
69443
69444
69665
69668
69434
69433
69431
69678
69666
69682
78769
78770
78771
78768
78485
78772
78773
78774
78484
69656
69655
69647
69646
69640
69639
69659
69660
69662
69635
69632
69634
69638
69641
69637
69633
69649
69648
69669
69677
69664
69663
69432
69429
