4026
199876
214386
214943
214944
139759
203678
203679
203680
203681
203684
203696
203697
203701
203733
203717
203764
203765
203768
203775
203783
203802
203803
203826
203828
203836
203832
203821
203820
203818
203817
203819
203827
203786
203814
203810
203813
203812
203811
203808
203809
151533
151557
151528
151526
151525
151524
151409
203779
203781
203780
203782
203777
203723
203722
203713
203709
203712
203715
203714
203716
203718
203703
203711
203710
203699
203708
203706
203707
203705
203704
139764
139763
151386
151387
151395
151404
151399
151521
151511
151398
151402
151406
151407
151389
151388
151400
151401
151403
203720
203721
203778
151408
151405
151522
151523
203806
151527
203807
203784
203785
203769
203767
203719
203763
203702
203698
203689
203591
203590
215146
203587
203588
203584
203573
203581
203580
203571
203579
203572
151332
203585
203686
203685
203683
151381
151379
139762
151348
151349
203682
203677
203676
203589
203675
139761
139760
194983
206829
215100
214827
215093
214826
206646
206650
206651
206647
206817
206819
206830
206818
214824
214373
206839
206884
215099
209185
206887
206843
206874
206844
206831
206826
206828
202571
206838
194984
206827
206654
206655
206656
206658
206753
206835
206903
206917
206918
206920
206919
206968
206980
206984
209271
209273
209276
209285
209286
209288
209315
209314
209309
209310
207026
207028
207029
209386
209311
207027
207024
206994
206997
206993
206996
206999
206987
206995
206990
206989
206988
206991
207025
206998
209283
209284
209312
209289
209303
209308
209341
209359
209372
209373
209354
209356
209358
209355
209352
209349
209348
209249
209336
209330
209333
209338
209344
209343
209347
209345
209340
209339
209306
209304
209302
209291
209290
209292
209294
209298
209299
198874
198875
209275
209274
209199
209201
209198
209214
209200
209213
209216
209217
209242
209211
209241
209236
209244
209245
209256
209257
209247
209246
209251
209253
209258
209261
209262
209255
209419
209421
209422
209417
209252
209420
209250
209225
209239
209238
209235
209218
209209
209208
209204
209194
209195
215145
209206
209193
209202
209181
209192
209188
206888
206889
206891
206890
206892
206894
206893
206897
206899
206983
206886
209189
209187
209191
209196
202466
202449
202138
202139
215089
209237
209230
209231
209229
209233
209232
209401
202447
202448
209226
209227
202458
209186
209203
209182
209222
209224
209223
209234
209254
209240
209212
209205
209207
209197
209190
206898
206900
209215
209281
209293
209300
209334
209335
209332
209331
209243
209248
209337
209350
209353
209346
209342
209307
209305
209301
209280
209279
209287
209282
209278
209277
209272
206986
206985
214472
209270
206981
206982
206896
206895
206879
206878
206875
206877
206880
206969
206977
206978
206992
207023
209513
207010
207031
207030
214705
207008
207006
207000
207005
207004
207002
207011
207001
206961
206960
206952
206953
206956
206957
206962
206958
206955
206954
206934
206940
206945
206942
206943
206794
206793
206789
206788
206790
206771
206791
208017
206792
206941
206946
206939
206938
206937
206936
206935
206915
206924
206925
206974
206927
206923
206922
206921
206912
206913
206907
206908
206909
206928
206929
206933
206932
206931
206783
206782
206787
206781
206780
206784
206756
206758
206904
206759
206754
206748
206747
206744
206741
206743
206742
206749
206750
206751
206730
206645
206642
206641
206644
206652
206639
206637
206638
206728
206739
206732
206740
206738
206767
206768
206769
206778
206770
206766
206765
206764
206737
206736
206733
206731
206727
206640
206729
206746
206755
206745
206777
206757
206779
206772
206786
206785
206906
206905
206914
206930
206951
206959
206963
206964
207003
206975
206971
206970
206976
207007
207009
206979
206973
206972
206876
206846
206841
206842
206832
206840
206845
206926
206910
206902
206916
206901
206833
206752
206657
206649
206648
195322
206653
195323
206690
214938
206734
206735
207017
207018
205981
206003
206009
206011
206659
206660
206633
206634
206012
206661
214744
214830
206013
214743
206008
206010
206004
205984
214377
214378
205999
206000
206662
206664
206604
206606
206643
206632
206636
206663
206635
205656
205695
205739
205762
214379
205922
205749
195959
205936
205771
205788
205790
205794
205934
205955
205948
205947
205946
205945
205986
205991
205994
206007
206006
206005
205985
205979
205978
205977
205939
205925
205929
205927
205941
205930
205926
205932
214361
205773
214380
214362
205931
205766
205769
205767
205768
205760
205756
205757
205745
205753
205752
205750
205764
205751
205747
205746
214387
215112
215111
214942
214391
205692
214381
214876
205694
205706
205707
205758
205759
205774
205777
205787
214939
214945
205791
205776
204804
205691
205699
205696
204803
205693
204483
204484
205697
205698
205748
205744
205700
205755
205754
205765
205924
205923
205940
205943
205993
205980
205944
205942
205937
205933
205789
205786
205772
205770
205761
195960
202445
205966
205967
205969
205968
205973
206029
206033
206045
214369
214368
206693
206705
206706
206707
206709
206713
206717
206762
206714
206763
206691
206684
206688
206687
206686
206685
206677
206676
206695
206675
214376
206671
206673
206665
206679
206681
206682
206680
206674
206683
206718
206689
206678
206692
206049
206048
206047
206046
206019
206021
206023
206667
206670
206672
206669
206668
206666
206022
206020
206014
206015
206016
205996
205997
206001
206030
206027
206028
205989
205988
205950
205949
205987
206025
205998
205992
205990
205995
206018
206017
206031
206024
206032
206026
205974
205975
205976
207285
205963
205962
205964
205960
205958
207283
207287
207277
207276
207281
207274
207279
207273
205801
207275
205956
205804
205800
205797
205793
205795
205792
205796
205805
205972
205961
205959
205953
205952
205951
202446
198878
207035
208312
208859
207036
210541
214375
210554
210556
210563
210647
210655
210677
210662
210661
210664
210657
210663
210658
210660
210600
210599
210596
210587
210588
210589
210572
210557
210549
210548
210544
210543
208327
210546
210570
210568
210566
210567
210592
210593
210597
210595
210586
210694
210685
210684
214749
210580
210579
210584
210576
210581
210565
210575
208354
208353
208348
208347
208310
208311
208323
208324
208352
208351
210585
210583
210582
210564
210545
208325
210547
210571
210573
210569
210594
210598
210656
210659
210591
210648
210649
210590
210558
210555
210553
208316
208319
208314
208313
208298
214751
214753
214752
208326
208321
208315
214750
208322
208300
208306
208308
208309
208307
208303
208304
208301
208249
208248
208238
208237
208236
208228
208213
208204
208212
208227
208229
208234
208232
208294
208296
208231
206967
208224
208225
206965
206950
208208
208207
206966
207015
207016
208292
207020
207019
207021
207033
207034
207032
207014
208233
208226
208209
208210
208230
208246
208247
208235
208302
208305
208299
208320
208297
208295
208293
207022
198879
208024
206264
206263
208018
208023
208200
208202
208203
208211
208206
208205
208198
206949
208021
206948
207012
207013
208201
208025
208022
206944
206795
206947
208453
208485
208484
198880
208488
208490
210715
210716
208487
208486
208483
210706
210717
210708
210707
210703
210704
208489
208479
208478
208480
198881
198882
208285
208384
208385
208391
208392
208394
208423
208424
208427
208435
208434
208437
208438
208439
208436
208447
208451
208442
208448
208452
208449
208454
210690
210692
210695
210691
210689
210686
208446
208445
208441
208440
208346
208342
208356
208360
208444
210688
208450
208443
208428
208430
208429
208426
208425
208393
208431
208433
208388
208341
208422
208339
208340
208343
208345
208357
208359
208350
208349
208337
208336
208335
208334
208331
208332
208288
208277
208276
208278
208330
208358
210577
210578
210683
210682
210687
208361
208355
208344
208333
208338
208289
208369
214857
208291
208368
208284
208283
198884
208290
198885
208286
208287
208282
208281
208275
208268
208267
208274
208273
208329
208328
208250
208272
208269
208270
208245
208242
208241
208262
208263
208264
208240
208223
208215
208222
208221
208218
208214
208239
208244
208243
208271
208266
208265
198883
208690
195327
208789
211126
211127
211129
211140
208787
208788
211116
211115
211114
211111
211109
211108
211110
208731
208732
208733
208738
208740
208743
208745
211112
208777
208773
211124
208772
208770
208769
208771
195836
195835
208775
208763
208764
208758
208762
208704
208756
208755
208754
208748
208752
208751
208694
208693
208676
208675
208677
208679
208716
208715
208721
208719
208735
208734
208727
208725
208712
208724
208729
208711
208709
208708
208710
208718
208713
208714
208678
205177
205176
208692
208695
208696
208700
208699
205283
208698
208717
205284
208753
208701
208759
208757
208720
197019
208722
208736
208737
208741
208739
208728
208726
208730
208742
208744
211113
208779
208778
208776
211125
208784
208774
195328
208396
208432
208464
208465
208481
208493
208497
208500
208499
208496
208477
208495
208473
208472
208471
208475
208492
208474
208482
208468
208467
208460
208459
208469
208457
208456
208455
208458
208463
208461
208470
208476
208498
208494
208491
208466
208462
208417
208707
208723
208019
208020
208026
208027
208217
207930
207935
208003
208009
208014
208039
208051
208056
208257
208258
208261
208259
208260
208280
208279
208256
214533
208252
208251
208053
208035
208030
208031
208034
208033
208029
208028
208007
208005
208036
208216
208255
208254
208253
208052
208050
208038
208032
208013
208011
208012
208008
208006
207937
207947
207936
207933
207938
207939
208002
208001
208365
208367
208004
207906
207907
207932
207931
198886
198887
207549
207551
207552
207554
207560
207563
208067
208073
208077
208082
208087
208093
208094
208143
208171
208174
208181
208191
208601
208604
208664
208630
208680
208681
208682
208684
208687
208688
208686
208634
208685
208683
208670
208668
208666
208665
208663
208669
208637
208636
208627
208629
208632
208631
208621
208633
208563
208620
208616
208622
208619
208618
208617
208612
208577
208574
208573
208545
208596
208597
208607
208609
208543
208535
208530
208534
208538
208567
214534
208575
208576
208570
208579
208580
208569
208565
208568
208566
208571
208536
208537
208521
208511
208510
208520
208542
208544
208572
208599
208598
208608
208615
214694
208614
208613
208581
208578
208582
208628
208626
208625
208667
208611
208605
208610
208602
208606
208595
208591
208593
208594
214535
208588
208587
208590
208585
208589
208179
208176
208118
208119
208122
208583
208121
208527
208529
208539
208540
208533
208532
208531
208526
208512
208508
208509
208503
208103
208102
207611
207604
207602
207597
208101
208104
208105
208115
208113
208108
208109
208106
208107
208110
208090
208091
208088
208079
208076
208075
207576
207577
207578
208096
208097
207603
207574
207570
207567
207596
208074
208099
208100
208098
208114
208528
208116
208120
208117
208111
208112
208584
208586
208178
208541
208592
208603
208654
208659
208660
208662
208674
208673
208672
208671
208657
208656
208652
208651
208197
208196
208410
208419
208420
208418
208412
214714
208409
208408
208406
208404
208405
208194
208193
208189
208402
208415
208416
208414
208413
208400
208379
208398
208383
208381
208377
208375
208376
208370
208371
208382
208397
208395
208389
208374
208372
208387
208386
208373
208364
208362
208058
208055
208155
208157
208154
208164
208160
208161
208165
208166
208158
208159
208168
214532
208162
208163
208185
208149
208183
208173
208147
208142
208132
208145
208140
208139
208152
208151
208136
208135
208129
208127
208128
208130
208085
208126
208134
208137
208138
208131
208148
208153
208146
208150
208156
208366
208167
208169
208380
208378
208186
208187
208399
208401
208188
208184
208403
208407
208195
208411
208421
208661
208658
208655
208653
208600
208192
208182
208190
208180
208177
208175
208172
208170
208144
208095
208141
208086
208092
208089
208084
208078
208072
208071
208081
208123
208124
208125
208049
208133
208048
208047
208057
208040
208037
207985
207982
208042
208043
207997
207996
207998
208000
207995
207999
208068
208065
208063
208064
207963
207964
207971
207972
207988
207989
207991
207984
207980
207983
207968
207986
207967
207966
207961
207960
207467
207464
207557
207462
207461
207460
207465
207459
207954
207925
207953
207952
207456
207451
207452
207453
207454
207435
207443
207440
207445
207441
207438
207439
207447
207377
207436
207379
214716
207533
207534
207539
207541
207556
207564
207565
207572
207575
207571
207569
207568
207573
207537
207548
207536
207535
207538
207555
207540
207527
207526
198888
207376
207371
207369
207372
207359
207361
207430
207429
207431
207432
207399
207401
207417
207416
207418
207421
207423
207911
207912
207914
207918
207913
207910
207424
207915
207916
207924
207942
207943
207944
207945
207976
207977
207974
207957
207979
207948
207949
207956
207940
207923
207919
207917
207422
207420
207397
207393
207391
207392
207426
207357
207348
207349
207345
207346
207398
207347
207400
207394
207428
207427
207358
207360
207350
207353
207373
207433
207434
207449
207450
207419
207425
207921
207922
207457
207458
207455
207444
207446
207442
207463
207466
207958
207955
207959
207965
207975
207987
207973
207969
207962
207468
207559
207970
207990
207994
207993
207992
207978
207981
207950
208046
208045
208044
208083
208080
208070
208069
208066
207562
207561
207558
207553
207550
207448
198889
208390
207414
207900
208054
208041
208059
207920
214715
207395
207396
208060
208062
208363
194524
194523
207370
198918
198917
207381
206041
207385
207387
207403
207404
207411
207412
207413
207902
207905
207926
207929
207927
207928
206776
206775
206725
206773
206716
206712
206724
206774
206726
206723
206721
206720
214372
206711
206719
206710
214370
214371
206694
206053
206054
206699
206700
206701
206703
206052
206051
206708
206715
206698
206697
206696
206722
206702
207903
207901
207409
207408
207415
207406
207405
207389
207388
207383
207382
207390
207326
207325
207324
207312
207298
207296
207297
207304
207282
207291
207288
207290
207313
207321
207314
207319
207318
207320
207380
206037
207316
207317
207286
207309
207310
207311
207289
207299
207315
207323
207322
207125
207124
207384
207410
207407
206055
207402
207386
206044
206043
206042
206050
206034
206039
206035
206038
206040
206036
203961
207295
207292
203962
207301
207307
207334
207354
207308
207303
207305
207306
207934
207946
208010
207951
207941
207378
207530
207532
207545
207547
207566
207601
207612
207742
208502
208505
206516
206522
206534
206535
206542
206544
209173
209178
209177
206871
209179
209183
215094
209184
206885
206883
206882
206873
206867
206872
206854
206836
206816
206881
209180
209176
209174
208950
206868
206870
206869
206864
206858
206852
206860
206859
206857
206856
206848
206849
206850
206814
206853
206813
206815
206834
206837
206808
206807
206806
206804
206803
206630
206801
206805
206802
206812
206811
206847
206528
206529
206526
206525
206524
206810
206530
206851
206855
206862
206865
206866
209175
209172
206863
208949
206861
206543
206541
206536
206533
206523
206520
206519
206820
206823
215151
206822
206825
215150
206821
206824
195347
207831
208513
208516
208523
208524
208550
208549
208555
208556
208553
208548
207862
207858
207856
207859
207863
214693
214408
208554
207857
207855
207837
207820
207829
207828
207824
207817
207832
207833
207861
207865
208547
208546
208522
208518
208507
208514
208506
208501
207826
208517
208515
207860
207830
208504
207825
195348
208519
208525
208551
208552
208560
208561
208557
208558
208691
194686
208644
208647
208645
214863
214949
215024
207896
207899
207898
207895
207894
214947
214948
207732
197580
197581
198000
214403
214956
214957
214925
214890
214891
214926
214928
214927
214889
197031
197032
214967
208639
214968
208640
214484
214986
215061
214985
214488
211322
211321
215059
215060
211525
197693
197791
214404
197910
197642
208643
208646
208559
208635
208641
208642
214821
214482
208562
207869
194687
208648
208649
208650
214413
208564
208624
208623
208638
208689
207867
207868
207852
207853
214819
207780
207876
207874
207878
207880
207881
207883
207885
207887
207888
207889
207886
207851
207892
207893
207854
207850
207864
207866
214933
207845
207802
207844
207798
207792
207789
207849
207846
207884
207799
207882
207793
207790
207879
207877
207875
207873
207872
207782
207781
195601
207136
207138
207151
207150
207154
207157
207158
207331
207338
207340
207355
207480
207481
207366
207344
207367
207483
207493
207542
207583
207587
207592
207605
207608
207613
207614
207610
207609
207600
207599
207595
207546
207584
207544
207531
207528
207485
207375
207374
207365
207364
207362
207586
207607
207822
207823
207821
207606
207593
207594
207807
207589
207581
207582
207579
207494
207489
207487
207486
207591
207598
207590
207585
207580
207543
207495
207529
207492
207484
207482
207368
207363
207343
207475
207471
207474
214531
207488
207491
207516
207523
207588
207804
207808
207809
207816
207819
207836
207839
207841
207840
207848
207870
207871
207801
207847
207800
207838
207797
207835
207834
207818
207814
207815
207813
207811
207810
207805
207761
207764
207767
207783
207784
207795
207796
207794
212664
207791
207779
207788
207778
207777
207775
207772
207770
207771
207763
207754
207752
207697
207698
207700
207703
207707
207708
207704
207691
207687
207685
207683
207648
207645
207647
207646
207644
207643
207638
207634
207631
207633
207635
207641
207682
207706
207702
207692
207690
207695
207681
207694
207680
207693
207672
214717
207673
207674
207671
207670
207660
207661
207658
207662
207678
207679
207642
207637
207636
207632
207630
207640
207639
207629
207627
207654
207626
207620
207622
207625
207623
207617
207616
207619
207621
207624
207628
207657
207659
203558
203559
207663
207664
207675
207689
207686
207699
207696
207677
214718
207676
207701
207705
207709
207773
207776
207774
207768
207785
207765
207762
207753
207757
207756
207750
207747
207748
207749
207743
207744
207745
207741
207740
207668
207666
207667
207665
207656
207655
207653
207652
207649
207650
197332
207216
207214
207213
207618
197427
207212
207203
207198
207199
207200
207206
207207
207215
207250
207255
207257
207258
207265
207266
207269
207507
207508
207511
207512
207510
207513
207520
207521
207524
207519
207515
207506
207505
207499
207503
207502
207478
207472
207469
207241
207238
207239
207240
207476
207496
207248
207262
207263
207500
207264
207246
207245
207229
207252
207249
207209
207194
207193
207190
207182
207181
207178
207177
204378
204372
204369
204269
204278
204266
204272
204268
204374
204370
204373
204282
207170
207173
207174
207185
207186
207188
207222
207189
207224
207219
207226
207220
207243
207244
207221
207233
207146
207147
207231
207236
207169
207166
207165
207163
207167
207161
207160
207144
207143
207142
207134
207133
207132
207082
207080
207081
207089
207092
207088
207091
207087
207085
207078
207077
207073
207068
204277
207072
204281
204276
207069
207074
207084
207071
207083
207090
207139
207159
195654
207162
207168
207230
207145
207141
207140
207218
207217
207195
207187
207086
207079
207076
207075
204280
204273
204279
207171
207172
207175
207176
207191
207196
207223
207225
207227
207228
207247
207234
207232
207235
207237
207242
207477
207479
207498
207497
207504
207518
207501
207509
207270
207272
207261
207260
207254
207253
207251
207208
207192
207184
207183
207180
207179
207204
207210
197428
207211
197333
207256
207651
207259
207267
207271
207268
207669
207738
207739
207746
207755
207751
207760
207758
207759
207766
207812
207769
207806
207803
207525
207522
207517
207514
207490
207473
207470
207356
207342
207341
207339
207337
207352
207351
207335
207333
207330
207329
207327
207328
207336
207332
207164
207153
207156
207155
207152
207149
207148
207137
207135
195653
195602
214931
204850
214479
214856
214483
214696
214480
214855
213040
213041
214402
214673
215025
214490
214871
214872
214491
215065
215071
215069
215070
215068
215064
215063
214854
215062
214852
214850
214849
213440
214851
214853
215066
213465
213439
204851
208697
213744
214214
212990
212991
213042
214652
204520
204521
204734
204735
204766
204767
204769
204765
204764
204763
214769
204739
204741
204762
204730
204720
204842
204866
204868
214481
207711
204770
204771
204768
204865
207710
212821
207713
207714
207688
207730
207729
207731
207734
207735
207719
207720
214567
207716
207715
214569
207722
207723
207733
207736
207737
209415
209635
210849
209615
209608
209654
209650
210013
210014
210574
213380
213322
213239
213214
213176
213165
212410
212272
212247
212216
212108
211714
211397
210720
214405
209651
209546
209418
210733
210951
211084
209843
209842
209545
214406
214929
214950
209633
209416
204738
204761
214695
214522
204740
195000
204101
204107
204110
204121
204122
204129
204499
204500
204501
204647
204648
204650
204651
204655
204676
204677
204679
204685
204687
204691
204695
204694
204692
204693
204689
204722
204721
204724
204726
204729
204728
204725
204727
204719
204711
204712
204718
204703
204699
204529
204723
204705
204707
195584
204706
195577
195578
204688
204684
204672
204674
204673
204665
204704
204701
214699
204698
204543
204542
204697
204538
204541
204515
204514
204513
204661
204668
204667
204666
204663
204662
204658
204659
204510
204511
204506
204493
204508
204504
204492
204482
204490
204491
214596
204494
204497
204496
204524
204535
204522
204488
204518
204525
204519
214877
204517
204516
204457
204454
204487
204486
204495
204489
204485
204434
204433
204432
204428
204417
204423
204409
204414
204412
204413
204411
203837
203831
203830
203838
204430
204418
204431
204410
203829
204415
204416
204425
204429
204427
204436
204435
204471
214536
204479
204481
204437
204438
204502
204480
204509
204660
204505
204512
204507
204537
204536
204696
204664
204671
204669
204690
204670
204657
204656
204652
204503
204649
204654
204675
204653
204327
204326
204135
204134
204124
204132
204131
204123
204117
204118
204114
204099
204098
204090
204088
204087
204070
204064
204069
204103
204115
204113
204089
204066
204063
204061
204002
203993
204049
204051
198893
204067
204060
204084
204086
204057
204056
204054
204053
204052
203939
203932
203931
203900
203909
203904
203905
203903
203896
203895
203894
203898
203897
203869
203892
203876
203872
203871
203862
203866
203865
203868
203893
203877
203873
203874
203875
203882
203669
203668
203665
203664
203666
203660
203667
203878
203879
203880
203899
203910
203938
204045
204046
204047
198892
204050
204048
203989
203990
203991
203986
203987
203994
203995
204003
203999
204030
204033
204105
204106
204109
204473
204477
204476
204475
204474
204470
204469
204472
204426
204422
204424
204421
204420
204419
204406
204021
204019
204020
204037
204036
204041
204035
204029
204032
204028
204027
204025
204012
204023
203984
203982
203996
203979
203980
203981
204006
204007
204010
204009
203798
203805
204014
204015
203804
203801
203800
203776
203791
203774
203789
203792
203794
203790
203796
203759
203761
203756
203760
203747
203751
203750
203969
203970
203977
203974
203973
203975
203908
203906
203907
203889
203888
203901
203887
203883
203881
203884
203674
203673
203671
203670
203726
203727
203744
203745
203728
203729
203730
203753
203754
203737
203738
203742
203757
203740
203741
203773
203787
203766
203770
203739
203734
203732
203736
203735
203731
203700
203695
203691
203690
203688
203687
203692
203621
203656
203652
203651
203649
203650
203616
203615
203647
203642
203646
203659
203661
203658
203645
203638
203599
203600
203602
203595
203596
203601
203597
203603
203598
203612
203613
203617
203614
203619
203618
203609
203610
203608
203607
203586
203583
203582
203594
203593
203578
203577
203576
203606
203592
203640
203641
203639
203604
203605
203648
203620
203611
203725
203724
203694
203693
203657
203655
203662
203663
203672
203886
203902
203885
203968
203749
203748
203743
203746
203758
203755
203788
203772
203771
203795
203793
203799
203797
203762
203752
203971
203972
204013
204008
203983
204011
204016
204026
204034
204017
204018
204022
204407
204408
204038
204039
204043
204111
204044
204042
204040
204031
204024
203997
203998
203978
203976
203985
203988
204000
203992
204001
204004
204062
204058
204059
204068
204071
204085
204091
204116
204119
204478
204328
204136
204498
204133
204125
204120
204112
204108
204104
204102
204065
204005
195071
195001
204686
204678
214422
204702
214930
204093
204095
204094
204293
204100
204323
204329
204330
204321
194739
207100
207098
207099
207112
207114
207115
207113
207116
207129
207130
207117
207131
207065
207064
207052
207062
207058
207059
207045
207044
207041
207039
207047
207048
207053
207054
207056
207057
207109
207060
207061
205740
205737
205732
205731
214721
205729
205725
205724
205726
203565
207037
204240
204130
204239
204241
204251
207042
204249
204244
204247
204246
204245
204700
204221
204218
204216
204215
204172
204173
204179
204227
204177
204165
204157
204162
204153
204151
204143
204163
204166
204142
204161
204156
204167
204164
204214
204178
204220
204243
204238
204226
204242
204225
204223
204222
214383
214584
214396
203533
203531
204147
203482
203484
203483
203479
203480
203527
203528
203529
203541
203543
203538
203510
203502
203501
203500
203539
203503
203481
203534
203554
203560
203562
203557
203532
203553
203546
203548
205723
203547
203550
203549
203551
203542
203545
203530
203535
203485
203486
203487
204171
204170
204213
204217
204212
204169
204168
204210
203556
204211
204219
204224
204237
203561
204126
204128
204127
203564
203563
203555
205722
205738
207038
205730
207040
207043
207051
207050
207063
207111
207110
207097
207096
207095
205778
207094
207103
207106
207101
207107
207108
214720
207128
207104
207119
207121
207122
207126
207278
207280
207293
207127
207105
207123
207118
205799
205798
214606
205802
205775
214940
214875
205708
205704
205703
205705
205702
205681
205701
205675
205690
205689
205674
203518
203519
203523
203524
203522
203525
203521
203509
203511
203401
203507
203402
203520
205676
205677
203526
203540
205679
203544
205710
205715
205716
205717
205718
205719
205721
205727
205720
205712
205711
205709
205678
205680
205785
205784
205779
205713
205714
205781
205780
205783
207120
207102
207093
207055
205782
205742
205743
207049
205736
205734
205733
205728
205735
205741
194740
204158
204174
203552
205803
204229
207294
207300
207302
203566
203860
203567
212155
204137
203653
203654
207070
207067
204275
204274
204271
204270
204257
204258
204256
204234
204228
204230
204231
204232
204235
204236
204233
204248
204250
207066
214392
207046
204140
204152
204155
203863
203864
203867
203913
203915
203917
203918
203921
203924
203947
203948
203949
203955
203952
203945
203937
203951
203935
203930
203950
204181
203929
204150
204149
204154
204141
204138
204144
204139
214393
203927
203925
203922
204148
203926
203934
203933
203944
203928
203923
203920
203919
203943
203912
203911
203916
203914
204175
204199
204206
204176
204202
204252
204253
204254
204255
204261
204265
204267
204358
204371
204377
204398
207197
207202
207205
207615
204760
204405
204399
204401
204386
204385
204368
204395
204375
204366
204365
204355
204361
204353
204354
204262
204362
204396
204404
207201
204400
204397
204376
204367
204357
204263
204208
204260
204264
204259
204203
204180
204201
195706
195705
203942
204055
204072
204073
204078
204283
204284
204302
204303
204305
204307
204316
204317
204339
204381
204382
204391
204402
204756
204754
204755
204758
204753
204759
204750
204752
204748
204749
204745
204747
204682
204681
204348
204347
204345
204349
204351
204742
204743
204390
204389
204393
204394
204388
204352
204344
204343
204338
204340
204341
204337
204336
204335
204299
204297
204298
204289
204292
204285
204083
204092
204097
204294
204322
204331
204332
204324
204295
204080
204082
204081
204286
204096
204287
204296
204313
204342
204350
204346
204325
204333
204334
204744
204683
204746
204751
204387
204380
204379
204315
204314
204320
204312
204291
204290
204288
204145
204079
204074
203870
203861
203644
203941
203940
203957
203958
203964
204186
204192
204193
204196
204197
204198
204195
204191
204190
203967
204075
203963
203966
204076
204077
204146
204300
204301
204306
204310
204318
204319
204363
204383
204384
204392
204403
204364
204360
204359
204356
204309
204209
204204
204200
204207
204159
204183
204187
204182
204184
204311
204308
204304
204205
204194
204188
204189
204185
203965
203960
203959
203954
203953
203946
203956
203936
204757
203834
151558
203816
204455
206589
