4061
144551
144553
144818
144833
144822
144821
144793
144819
144794
144795
144820
144791
144792
142897
144903
144935
144939
144940
144950
144957
144959
144961
146131
146132
146166
146168
146181
146182
146184
146214
146218
146220
146212
146210
146221
146222
146224
146228
146226
146227
146213
146202
146203
146223
146207
146225
146361
146362
146363
146358
146365
146359
146366
146364
146373
146372
146369
146375
146368
146371
146425
146367
146357
145200
145199
145035
146193
146191
146194
145030
145029
145034
146356
146354
146355
146199
146196
146195
146197
146204
146206
146192
146198
146360
146205
146200
146190
146189
146175
146187
146173
146172
146186
151733
145010
145027
145025
145026
145031
145033
145198
145197
151857
145203
145021
145015
145013
145003
144992
145000
144998
144999
145014
145032
145024
145028
145023
145012
145022
145002
145001
144997
145008
145011
145009
146169
146188
146201
146211
149218
146185
146179
146178
146183
146180
146174
146170
146171
146177
146167
145007
145005
145004
144993
144956
144952
144949
144928
144926
144927
144933
144953
144954
144991
144995
144994
144934
144968
144969
144931
144921
144929
144899
144912
144930
144925
144923
144907
144904
144895
144905
144897
144906
144909
144932
144955
144960
144996
145006
146134
144962
144958
144951
144948
144945
144938
144908
144901
144902
142842
142880
142882
142885
142893
142895
142898
142900
144936
144937
144941
144944
144946
146122
146127
146129
146135
146153
146154
146157
146160
146164
146256
146292
146217
146216
146215
146219
146209
146208
146159
146176
146137
146133
146138
146251
146250
146252
146242
146241
146238
146237
146239
146150
146141
146142
146148
146152
146144
146143
146145
146139
144038
146140
144039
146151
146240
146162
146165
146163
146161
146158
146155
146156
146149
146147
146146
146136
146126
146125
146124
146120
146118
144942
142908
142906
144012
144014
144015
144016
146121
146130
146128
146123
146119
144947
144943
142907
142901
142899
142896
142903
142905
144010
144013
144009
144011
144005
144007
144004
144006
144003
144008
143970
142854
142852
142887
142888
142890
142889
142891
142892
142904
142902
142894
142886
142883
142881
142844
146374
146376
146293
143213
144119
144118
144121
144134
144133
144136
144138
146265
146267
146268
146273
146272
146279
146280
146572
146574
146270
146271
146278
146571
149853
149858
149860
149870
149877
149876
149881
149872
149871
149933
149942
149950
149968
149965
149977
149954
149947
149946
149939
149953
149952
149951
148838
148835
148836
148837
148824
148821
148791
148790
148827
148787
148704
148828
148823
148839
149936
149935
149938
149937
148833
148834
148829
148825
148822
148706
148749
148750
148754
148762
148831
148832
149931
148760
148761
148748
148756
148757
149868
149869
149856
149854
148734
148735
148758
148755
148727
148725
148728
148731
148723
148729
148724
148718
148709
148720
148721
148732
144178
144175
144176
144147
144145
144144
144143
144146
144142
144141
144130
144128
144125
144124
144126
144166
144171
144170
144169
148708
148711
148714
148715
148740
148741
148742
151860
148746
148745
148739
148738
148736
148737
148702
148701
148697
148699
148692
148695
148694
148693
148691
148690
148677
148676
148678
148687
148688
148689
148684
148683
148682
148675
148663
148551
148660
148661
148662
148667
148670
151843
148671
148668
144164
144168
144163
144092
144165
144088
144087
151784
144090
151785
144085
144071
144070
144077
144081
144080
144078
144075
144073
144074
144072
143947
143954
143946
143945
143952
143953
143955
143956
144076
144069
144068
144086
144089
144082
144079
144162
144161
144160
148664
148666
148665
146984
148679
146985
148673
148674
148698
148726
148712
148716
148713
148672
148710
148669
148707
144167
144093
144123
151786
144091
144117
144127
144129
144140
144174
144173
148717
144172
148722
148719
148733
148730
144177
148759
148744
148743
148747
148752
148751
148700
148696
148705
148703
148753
148830
149934
149930
149948
149949
149941
149932
148765
148763
148764
149874
149875
149873
149862
149857
149859
149855
149852
146570
146277
146276
146269
146247
146246
146245
146244
146266
144139
144115
144137
144113
144112
144116
144135
144122
144120
144100
144097
144099
144101
144104
144110
144105
144111
144108
144114
144109
144107
144043
144042
144041
144034
144031
144033
144037
144036
144032
144030
144022
144020
144021
144024
144029
144027
144026
144094
144059
144064
144063
144065
144062
144083
144061
144060
144057
144000
144001
143993
143996
143995
143994
143991
143988
143989
143992
143990
144058
144002
143999
143998
143997
144019
144018
144017
144023
144025
144028
144035
144040
144106
144103
144102
144098
144095
144096
144066
143214
146248
146255
146259
146257
146261
146264
146285
146287
146291
146577
146578
146581
149865
149867
149880
149906
149908
149944
149956
149957
149943
149883
149884
149878
149863
149861
146576
146575
149307
151621
151779
146288
146573
146283
146281
146275
146274
149882
149886
149885
149879
149866
149864
146580
146579
146333
146289
146284
146282
146258
146249
144084
146243
146253
146254
149940
149945
149964
149969
149978
149967
149966
143941
143942
143951
144159
148550
148554
148564
148516
148680
148686
148773
148788
148795
148826
148794
148789
148775
148774
148768
148766
148767
148685
148517
148681
142096
142106
142637
142649
142673
142683
142690
142691
142693
142697
142699
142700
142702
142703
142809
142824
142823
142826
142825
142711
142705
142704
142679
142661
142654
142655
142656
142131
142128
142130
142129
142125
142124
142662
142663
142710
142696
142695
142678
142677
142652
142651
142643
142107
142108
142109
142110
142111
142645
142122
142123
142644
142653
142701
142698
142694
142692
142676
142689
142688
142675
142650
142642
142097
142127
142126
142133
142132
142657
142664
142706
142712
142659
142134
142137
142138
142658
143694
143708
143766
143768
143781
143785
143786
143788
143789
143957
143958
143963
143959
142840
142836
142835
142834
142831
142828
142829
142717
142716
142714
142708
142666
142832
143962
142833
142830
143784
143783
143771
143770
143765
143764
143712
143711
143719
143713
143701
143699
143707
143706
143697
143698
143500
143493
151669
143492
143489
143714
143710
143721
143787
142715
143782
143769
143767
142709
143709
143696
143695
143491
143490
142667
142660
142139
143836
142665
142707
142713
142827
142837
142838
142839
142848
143967
142843
142850
142851
142853
143969
143968
142849
142847
142846
142845
140453
143837
143838
143844
143871
143845
143874
143875
143919
143920
143923
143924
151783
143940
143943
143944
143918
144052
144067
144050
144044
143913
143910
143912
143911
143915
143914
143903
143905
143904
143899
143898
143895
143896
143907
143820
143821
143822
143823
143982
143984
143986
143981
143979
143977
143972
143971
143973
143817
143815
143813
143811
143801
143799
143802
143808
143805
143804
143806
143763
143841
143842
143840
143843
143849
141822
143839
143762
143759
143752
143756
143755
143754
143753
143726
143774
143773
143776
143778
143790
143791
143794
143796
143795
143960
143964
143965
143793
143777
143775
143772
143722
143720
143723
143717
143718
143749
143704
143715
143700
143501
143716
143725
143724
143751
143761
143757
143800
143798
143779
143780
143792
143803
143812
143814
143797
143961
143966
143978
143975
143976
143983
143985
143974
143818
143816
143819
143809
143810
143894
143807
143846
143850
143897
143908
143824
143916
143917
149214
143906
143902
143848
143873
143872
143855
143834
143828
143826
143742
143746
143829
141155
141156
143760
143758
143750
143736
143734
143732
143705
143702
143703
143735
143743
143738
143739
143747
143744
143748
143745
143741
143740
143870
143847
143835
143831
140520
143830
141276
140519
140454
143980
139771
145553
145639
145645
145644
145649
145651
145666
145667
145664
145665
145661
145662
145663
145658
145656
145655
145654
145636
145637
145648
145646
145641
145640
145629
145625
145628
145536
145535
145537
145159
145630
145635
145634
145659
145657
145660
145650
145647
145642
145638
145552
139772
144131
144132
145679
145682
145709
145687
145720
145724
145733
145742
145745
145746
145914
145916
146814
146819
146813
145918
145915
145741
145740
145738
145734
145731
145729
145730
145699
145698
145686
145685
145684
145700
145732
145736
145739
145744
145743
145735
145721
145688
145668
145708
145683
145680
145674
145643
145681
145508
145515
145521
145522
145575
145593
145595
145601
145604
145605
145618
145620
145690
145692
145703
145705
145706
145908
145909
145913
145926
145931
145928
145919
145917
145910
145737
145702
145701
145697
145691
145678
145689
145677
145676
145673
145602
145675
145606
145599
145598
145596
145578
145574
145573
145561
145513
145560
145559
145558
145511
145562
145603
145600
145597
145549
145594
145576
145547
145520
145516
145514
145510
145518
145519
145546
145548
145555
145557
145672
145554
145545
145551
145542
145544
145539
145541
145517
145538
145499
145528
145530
145540
145543
145550
145556
145533
145532
145531
145529
145525
145524
145502
145962
145964
151627
151626
151597
151598
151599
146942
146941
151624
151625
151623
146932
146940
146852
146862
146863
146861
146864
146865
146931
146933
146937
146939
146860
146858
146851
146849
146848
146820
146850
146823
145963
146859
146854
146853
144858
144864
144865
144966
144967
144973
144974
144979
144981
144986
145173
145174
145176
145178
145179
145205
145206
145207
145209
145208
145247
145249
145254
145256
145261
145263
146441
146443
145250
145258
145260
145259
145269
145270
145265
145252
145251
145233
145230
145228
145227
145222
145225
145231
145221
145145
145144
145093
145184
145183
145180
145182
145186
145185
145181
145172
145170
145167
145166
145165
144977
144978
144976
144886
144887
145072
145073
145075
145078
145076
145081
144885
144882
144881
144880
144860
144883
144888
145074
145077
145171
145091
145092
145220
145188
145189
145229
145234
145253
145212
145248
145191
145211
145190
145187
145177
145169
145168
144980
144972
144884
144866
144965
144975
144987
144989
145175
145195
145210
145255
145257
145262
146421
146424
146420
146423
146370
145215
145219
145216
145214
145204
145202
145193
145194
145020
145016
145018
145017
144983
144970
144971
144963
144918
144919
144916
144915
144913
144917
144922
144984
145019
145201
145213
145196
145192
144990
144988
144985
144982
144964
144920
144862
144863
144552
144564
144566
144839
144840
144841
144842
145037
145041
145042
145038
144722
145043
145052
145053
145094
145095
145099
145101
145103
145114
145120
145480
145481
145486
145487
145504
145506
145339
145337
145336
145330
145329
145331
145283
145333
145332
145328
145324
145340
145334
145342
145341
145282
145327
145335
145505
145509
145491
145492
145503
145501
145500
145496
145494
145495
145498
145132
145523
145526
145527
145158
145156
145131
145130
145127
145126
145128
145493
145123
145117
145497
145483
145507
145488
145489
145490
145338
145485
145484
145482
145479
145122
145121
145118
145119
145100
144782
144778
144777
145326
144781
145323
145321
145325
145319
145322
145320
144779
144772
144774
145316
145317
144773
145315
144770
144769
144758
145318
144780
144775
144771
144762
144729
144730
144731
144721
144715
144719
144714
144568
144567
144717
144713
144561
144562
144728
144718
144763
144764
144765
144766
145115
145105
145116
145111
145129
145125
145112
145110
145106
145060
145135
145136
145149
145150
145157
145164
145155
145161
145143
145160
145142
145141
145140
145146
145162
145163
145534
145138
145137
145090
145089
145082
145080
145079
145067
145066
145068
145069
145063
145071
145062
144878
144879
145070
145065
145084
145086
145085
145087
145088
145134
145152
145151
145139
145133
145058
145059
145083
145064
144874
145061
144877
144876
144875
144870
144861
151658
144873
144872
145048
145057
145056
145055
145107
145109
145108
145104
145113
145102
145098
144767
145097
145054
145051
144723
145050
145049
144720
145036
144716
144836
144565
144563
144859
145512
145147
145223
145226
145235
145237
145242
146962
145244
145627
145631
145633
145632
145652
145653
145268
145273
145271
145272
145266
145264
145240
145239
145241
145267
145246
145626
145245
145243
145238
145236
145232
145224
145218
145217
145148
146922
146926
146927
151629
150133
150132
150159
150160
150178
150179
150181
150180
150182
150374
150375
150373
151656
151969
150372
150371
149979
149976
146925
146948
146944
146945
143428
143475
146728
146738
146726
146725
146723
146724
146749
146763
146806
146802
146807
146805
146803
146810
146809
146812
146898
146901
146914
146921
146919
148966
146912
146911
146913
146910
146909
146896
146888
146889
146895
146892
146893
146894
146916
146915
146918
146920
146879
146876
146880
146878
146877
146869
146871
146873
146870
146872
146868
146867
146866
146842
146840
146836
146838
146837
146835
146827
146825
146821
146818
146817
146816
146815
146686
146682
146684
146685
146683
146709
146826
146833
146841
146834
146832
146831
146881
146790
146789
146788
146796
146795
146886
146899
146907
146799
146798
146797
146792
151789
146784
146783
146779
146744
146745
146741
146762
143558
146743
146734
146735
146736
146774
146771
146782
146778
146772
146776
146773
146775
146705
146702
146706
146703
146704
146707
146708
146697
146676
146691
146695
146693
146692
146656
146700
146663
146665
146666
146660
146661
146648
146729
146719
146718
146716
146542
146541
146717
146715
146547
146546
146532
146533
146544
146549
146551
146747
146759
146767
146770
146928
146769
146765
146764
146757
146755
146754
146752
146750
146569
146568
146564
146566
146560
146559
146565
146538
146535
146534
146508
146506
146505
146393
146390
146392
146394
146509
146537
146555
146558
146556
146553
146562
146563
146557
146561
146567
146751
146753
146758
146766
146756
146746
146550
146545
146543
146531
146527
146415
146418
146419
146469
146530
146475
146468
146474
146484
146488
146491
146492
146639
146640
146644
146645
146657
146651
146650
146649
146652
146653
146622
146675
146623
146624
146625
146670
146674
146672
146671
146669
145728
146680
145726
145725
145722
145718
145719
145717
145670
145669
146609
146611
146610
146607
146614
146618
146620
146619
146633
146629
146628
146631
146630
145279
146483
146479
146482
146478
146465
146464
146467
146410
146417
146416
146407
146404
146409
146400
146401
146429
146458
146459
146462
146463
146451
146452
146453
146454
146612
146615
146447
146444
146446
146445
146450
146449
146437
146436
146433
146435
146434
146438
146430
146426
146432
146431
146440
146439
146428
146427
146377
146402
146405
146399
146413
146389
146411
146388
146387
146384
146380
146382
146395
146396
146381
146379
146397
146398
146408
146460
146461
146476
146480
146481
146477
146455
146456
145278
146457
146616
146613
146606
146448
146608
145671
145723
146626
145727
146617
146621
146634
146636
146635
146637
146638
146642
146493
146632
146490
146489
146485
146473
146472
146466
146406
146414
146412
146391
146528
146529
146540
146539
146486
146487
146641
146647
146643
146646
146658
146662
146664
146659
146654
146655
146690
146689
146677
146627
146699
146698
146694
146701
146668
146667
146731
146732
146730
146720
146733
146742
146780
146791
146793
146794
146787
146777
146786
146711
146712
146713
146714
146830
146710
146696
146678
146673
146687
146681
146688
146824
146822
146829
146828
146839
146844
146846
146847
146874
146875
146917
146845
146843
146890
146891
146884
146885
146883
146887
146882
146908
146906
146904
146902
146905
146903
146900
146897
146811
146800
146808
146785
146781
146801
146804
146768
146761
146760
146748
146740
146739
146722
146721
146548
143430
146737
146727
143557
143431
143429
146229
146378
146383
146386
146234
146236
146385
146497
146507
146515
146536
146554
146552
146522
146513
146518
146511
146514
146504
146495
146494
146317
146316
146512
146516
146510
146496
146318
146235
146231
146233
146232
145274
146442
146230
146422
146934
146935
140293
146346
146347
146323
146345
146322
146342
146341
146309
146301
146300
146299
146298
146304
146302
146294
146295
146296
149217
146262
146297
146329
146321
146310
146313
146312
146315
146319
146320
146499
146501
146500
146502
146503
146498
146314
146311
142687
142802
142804
142807
142816
142857
144889
144896
144898
144890
144910
144911
144891
144893
144892
144894
144900
142879
142873
142874
142877
142871
142869
142878
142872
142867
142870
142868
142856
142858
142859
142860
142861
142864
142875
142876
142865
142884
142863
142822
142821
142841
142813
142812
142811
142810
142808
142862
142820
142819
142818
142817
142814
142855
142815
142806
142803
142801
143987
144047
144055
144054
144056
144053
144051
144046
144045
144048
144049
141091
141092
144835
144838
145039
145040
145044
145045
145046
145047
144852
144854
144851
144853
144871
144868
144855
144856
144869
144857
144831
144830
144829
144827
144828
144826
144797
144800
144867
144847
144845
144844
144843
144832
151622
144850
144849
144848
144846
144837
144834
196123
196124
204716
204715
204717
204772
204773
204774
204777
204779
204733
204780
204792
204793
204797
204800
204843
204846
204848
204861
204863
204885
204895
204887
204913
204912
204915
204914
204962
204961
204963
204959
204958
204957
204956
204960
204953
204955
204839
204952
204888
204889
204884
204881
204859
204812
204811
204829
204830
204836
204807
204810
204806
204805
204808
204809
204831
204883
204837
204838
204954
204891
204892
204890
204886
204882
204864
204893
204875
204894
204878
204904
204900
204905
214910
204901
204902
204903
204909
204908
204911
207721
207724
214414
207725
207726
207728
212583
212585
212587
212589
214577
212591
212593
212592
212590
212588
212586
212584
212582
207727
204922
214525
204920
204921
214415
207717
207718
204916
204907
204910
204906
204899
204898
204897
204896
204877
204879
214419
204880
214523
204873
204874
204869
204867
204870
204855
204852
204841
204849
204853
204840
204796
204737
204795
204732
204854
204857
204872
204876
212240
204871
204860
204862
204858
204856
204847
204844
204845
204801
204802
204798
204799
204794
204782
204781
204736
204731
204778
204787
204791
204790
204818
204828
204820
204833
204832
204835
204834
204947
204944
215032
204946
204949
204945
204942
204941
204939
204937
204934
204933
204935
214526
204936
204930
204926
204925
204923
204630
204629
204624
204627
204632
204640
204642
204641
204643
204644
204821
204824
204826
204816
204814
204813
204637
204635
204634
204626
204606
204604
204605
204616
204617
204620
204783
204615
204614
204612
204611
204597
204607
204595
204594
204599
204569
204600
204602
204570
204586
204588
204585
204590
204589
204583
204582
204575
204574
204578
204579
204556
204565
204562
204563
204564
204557
204576
204572
204577
204571
204573
204580
204581
204584
204566
204568
204567
204609
204613
204610
204608
204598
204601
204596
204603
204618
204619
204621
204622
204785
204815
204639
204638
204636
204628
204625
204623
204591
204587
204631
204924
204633
204929
204928
204927
204931
204932
204645
204788
204789
204646
204822
204823
204938
204940
204943
204827
204825
204819
204817
204786
204784
204776
204775
204710
204713
204714
204709
204540
204708
204527
204531
204539
204561
214418
203854
203851
203850
214417
215003
204560
198794
214462
212596
204966
212595
204951
204950
204948
151384
151552
151551
151732
151812
151588
151731
151587
151555
151554
148164
151567
151931
151805
151659
151660
151804
151595
204450
204547
204549
204554
204551
204550
204558
204466
204468
204559
204592
204593
204533
204532
204528
204523
204526
204464
204463
204462
204460
204458
204459
204446
204449
204441
204440
204445
204444
204461
204467
204465
204453
204452
204553
204555
214416
203853
203852
204552
203849
215030
203846
197578
197579
203847
204548
204451
151596
151575
203845
204448
204447
214420
204443
214421
204442
204456
203844
203843
215002
203842
203841
151571
151570
203833
203835
203839
204439
203825
151568
203824
203823
203815
151537
151559
151561
151560
151539
151548
151549
151550
151556
151566
151553
151385
149092
149314
149317
151532
151530
151534
151531
151529
151536
151538
151535
203822
151562
151563
151569
151572
151573
151594
151574
151942
149093
195353
203848
215000
148408
150369
151564
150370
151565
149315
148165
204530
204534
204545
204546
145999
146001
145966
145976
145982
146000
145981
145979
145975
146026
146032
146034
146039
146042
139964
151411
151416
151420
151426
151435
151447
151449
151461
151465
151469
151472
151546
151577
151578
151583
151582
151580
151579
151581
151547
151545
151542
151544
151543
151515
151514
151512
151450
151443
151441
151444
151445
151504
151509
151517
151519
151520
151518
151510
151516
151503
151442
151434
151431
151430
151419
151433
151446
151452
151464
151513
151541
151540
151576
151489
151488
151471
151470
151468
151466
151462
151463
151460
151451
151428
151448
151436
151427
151425
151423
151422
146079
146077
146076
146075
146030
146006
146031
146033
146035
146078
146080
151424
151421
151414
151418
151413
151415
151410
146007
146004
146003
143288
143289
142365
151350
151353
151356
151355
151354
151351
151323
151318
151324
151322
151321
151335
151333
151312
151311
151306
151307
146008
151308
151309
151310
151315
151313
151314
146009
151320
151316
151317
146010
151325
151352
151319
142364
139965
151412
151417
151429
151438
151439
151440
151502
151507
151508
151506
151397
151505
151396
151391
151393
151390
151392
151376
151378
151377
151375
151374
151367
151366
151368
151369
151382
151347
151345
151344
151343
151331
151330
151327
151326
151329
151328
151336
151339
151337
151334
151341
151342
151346
151340
151338
151363
151357
151358
151359
151360
151361
151364
151365
151372
151370
151371
151383
151394
151501
151437
151432
151373
151362
142100
151493
151495
151498
151586
151950
151500
151590
151593
151499
146116
151496
146117
146114
146113
146112
145961
145960
145955
145951
145925
145924
145930
145954
145953
145932
145927
145922
145911
145912
145892
145890
145952
145929
145923
145920
145950
145956
145959
145958
146094
146095
146096
146097
146098
146092
146093
146106
146109
146108
151481
151482
151485
151486
151490
151484
151491
151476
151477
151455
151457
151459
151487
151458
151467
151456
151453
146081
146067
146065
146066
146071
146074
146073
146103
146102
146105
146104
146100
146099
146088
146085
146084
146083
145947
146086
145948
145944
145943
145941
145907
145906
145904
145905
145893
145889
145888
145707
145704
145695
145693
145694
145881
145882
145885
145886
145896
145898
145900
145901
145902
145934
145936
145940
145945
145938
145937
145861
145872
145874
145871
145876
145877
146051
146052
146055
146056
146054
146069
146061
146060
146058
146059
146041
146040
146037
146036
146028
146017
146015
146013
146011
146012
146019
146022
146024
146021
146045
146044
145867
145866
145863
145862
145853
145864
145854
145850
145849
145855
145856
145846
145801
145800
145806
145803
145802
145804
145794
145793
145791
145788
145782
145617
145614
145613
145615
145756
145781
145784
145786
145785
145795
145776
145777
145779
145780
145821
145847
145851
145822
145825
145826
145839
145838
145843
145842
145833
145832
145829
145828
145469
145830
145470
145475
145476
145472
145477
145474
145991
145990
145993
145995
145996
146002
146005
146027
145988
145987
145985
145974
145980
145998
145973
145972
145971
145970
145977
145978
145997
145986
145984
145969
145968
145967
145439
145440
145462
145461
145464
145460
145459
145467
145465
145455
145452
145456
145814
145812
145813
145816
145815
145811
145809
145769
145770
145771
145768
145773
145766
145753
145751
145748
145747
145749
145754
145759
145760
145757
145590
145589
145587
145586
145588
145579
145607
145610
145611
145619
145622
145577
145571
145567
145570
145580
145581
145381
145385
145384
145387
145400
145399
145405
145408
145428
145764
145427
145429
145430
145424
145443
145426
145442
145446
145448
145447
145432
145433
145435
145445
145441
145425
145422
145421
145419
145416
145406
145404
145403
145393
145414
145413
145418
145415
145395
145394
145382
145373
145375
145372
145370
145358
145347
145359
145360
145365
145361
145362
145357
145369
145354
145349
145353
145355
145374
145371
145363
145366
145364
145368
145367
144335
145392
145391
145390
145389
144336
145409
145423
145420
145417
145407
145396
145398
145397
145383
145386
145377
145376
145379
151638
145356
145568
145563
145565
145564
145351
145350
145346
145345
145343
145344
145352
145378
145380
145569
145566
145572
145582
145584
145585
145583
145388
145401
145402
145750
145752
145761
145767
145765
145431
145453
145772
145810
145454
145451
145444
145449
145458
145450
145436
145434
145438
145437
145463
145983
145989
145473
145471
145468
145466
145457
145817
145818
145831
145837
145836
145824
145823
145820
145819
145778
145775
145774
145762
145763
145758
145755
145592
145608
145591
145609
145612
145616
145623
145783
145792
145787
145797
145796
145798
145799
145807
145848
145852
145827
145840
145841
145844
145845
146020
146018
145835
145834
145478
145992
145994
146014
146016
146023
146029
146038
146048
146025
146050
146049
146047
146046
145869
145868
145865
145870
145860
145859
145858
145873
145935
145933
145857
145808
145805
145895
145894
145884
145790
145789
145624
145621
145696
145883
145891
145887
145897
145899
145903
145921
145942
145939
145946
145875
145878
145879
145880
146053
146057
146072
146070
146064
146062
146063
146043
146068
151454
146082
151475
151474
151483
151480
151479
146101
146090
146089
146087
146091
145949
145957
146111
146110
146107
146115
151585
151589
151584
151497
151494
151492
151478
142101
198795
214587
212599
212604
212602
212606
212605
212601
212600
212603
212598
212597
198894
198895
214966
212682
212683
212684
212686
195484
212681
212677
195485
212680
212674
212672
212673
198292
198293
212676
212668
212669
212670
212671
212634
212635
212678
212679
212647
212646
214463
212644
212639
212638
212625
212637
212641
212654
212658
212656
212657
212650
212652
212648
212615
212616
212610
212607
212608
212609
212613
212612
212622
212623
212618
212617
212611
212614
212649
212653
212655
214965
212651
212642
212640
212636
212624
212620
212621
212619
212626
212627
212628
212629
212630
212631
212643
197184
211275
212645
214588
212632
212633
198344
197185
212675
140294
146353
146589
149894
149980
149984
149987
149991
150019
150024
150025
150053
150059
150072
150101
150104
150164
150168
150172
151654
150173
151655
150176
150177
150171
150169
150170
150174
150175
150115
150122
150165
150120
150118
150107
150105
150117
150119
150116
151754
150099
150109
150097
150111
150113
150124
150125
151799
150127
150131
150130
151886
150128
150126
150114
150129
150092
150091
150090
150089
150084
150083
150087
150076
150077
150079
150080
150081
145711
145710
150088
150095
150094
150061
150029
150060
149756
149755
150028
150015
150014
150013
150011
150010
150002
150006
149996
149998
150000
150018
150021
150026
150004
149999
150016
149989
149988
149995
150005
150008
149929
149975
149974
149973
149924
149922
149923
149925
149921
149918
149914
149897
149898
149899
149896
146587
146586
146585
149891
149888
149890
149903
149910
149912
149958
149961
149970
149971
149962
149963
149960
149959
149955
149913
149909
149911
149907
149901
149889
149887
146583
146334
146336
146331
146335
146338
146337
146349
146343
146344
146330
146328
146325
146324
146305
146303
146306
146260
146263
146286
146290
146307
146308
146327
146326
146332
146584
146339
146340
146351
149895
149892
149902
149915
149919
149920
149972
149927
149928
149926
149917
150001
150007
150009
150012
150003
150057
150063
150022
150093
150086
150075
150074
150078
150082
150085
150096
145714
150098
150100
150062
145713
150110
150102
150108
150123
150121
150112
150167
150166
150106
150103
150058
150052
150055
150066
150056
150067
150366
150073
150368
150145
151644
150163
150155
150156
150157
150158
150161
150162
150152
150149
150148
150142
150144
150143
150141
150069
150068
150070
150043
150049
150048
150046
150135
150134
150045
151930
150044
150047
150042
150039
150036
150040
150037
150034
149992
142420
149982
146594
146596
146597
146598
150031
150032
150038
146983
150030
146600
146601
146604
146605
150033
146603
146602
146526
146524
146593
146525
146521
146520
141797
141798
146517
146523
146599
146592
146591
146595
142419
149323
149327
149997
150035
146982
150041
150071
150139
150136
150137
150138
150151
150150
150154
150153
150147
150146
150140
150065
150064
150054
149994
150050
150027
150051
150023
150020
150017
149993
149990
149985
149986
149981
149983
149900
149893
146590
146588
146519
146352
146350
146348
150377
150378
150379
150392
150393
150383
150382
