4081
41628
41631
41635
41637
48386
48392
48393
48388
48395
48394
41636
48387
46265
41545
49236
49243
49245
49249
49250
49251
49400
49401
49402
49405
49410
49419
49507
49416
49418
49420
49421
49422
49433
49432
49425
49431
49424
49423
49380
49384
49385
49381
49382
49383
49426
50369
49363
49364
50366
50367
49378
49473
50364
50349
50348
50347
49430
49360
49361
50363
49170
49168
49166
49165
49353
49354
49358
49369
49374
49373
49371
49367
49397
49413
49412
49411
49395
49390
49394
49387
49386
49388
49241
49237
49240
49335
49337
49339
49338
49348
49398
49349
49344
49346
49347
49366
49365
49356
49332
49351
49164
49163
49156
49155
49152
49154
49158
49120
49122
49161
49162
49169
49151
49101
49096
49095
49094
49100
49097
49099
49133
49138
49150
49148
49147
49145
49131
49126
49130
49127
49136
49082
49081
49087
49086
49089
49123
49124
49128
49139
48817
48803
50392
48802
48819
48818
48811
48799
48808
48807
49200
49201
48810
48798
48776
48797
48812
48790
48791
48814
48813
48792
48789
48780
48782
48783
48785
48788
48800
48809
48806
48793
48816
48787
48786
48784
49078
49059
49069
49074
49090
49070
49072
49071
49062
49064
49079
49125
49088
49135
49137
49098
49080
49091
49073
49092
49134
49132
49149
49331
49328
49330
49327
49326
49146
49322
49323
49325
49229
49225
49231
49230
49224
49227
49226
49221
49222
49219
49220
49213
49212
49211
49203
49208
49206
49142
49143
49215
49144
49141
49140
49202
49205
49209
49210
49214
49218
49204
49223
49217
49216
49321
49129
49333
49345
49343
49329
49342
49324
49334
49238
49232
49340
49341
49336
49389
49391
49350
49399
49396
49370
49355
49372
49368
49357
50368
49352
49167
49157
49159
49160
49359
49362
49377
49379
49376
49375
49417
49415
49414
49406
49404
49393
49392
49247
49246
49244
49239
49228
49235
41652
48546
48574
48564
48575
48582
48583
48704
48707
48714
48720
48719
48731
48732
48735
48741
48743
48781
48778
48779
48777
48739
48730
48742
48738
49084
48722
49083
49055
49075
49076
49054
49056
49077
49057
49058
49052
49068
49061
49051
48917
49060
48915
48916
48919
48911
48907
48906
48908
48591
48912
50346
48913
49046
48914
49047
48718
49049
48716
48590
48713
48589
48899
48900
48894
48903
48923
48926
48928
48967
48968
48972
49112
49111
49113
48235
48236
49110
49114
48978
48976
49171
49017
48963
50320
48957
48955
48965
48954
48956
48882
48881
48879
48883
48880
48948
48951
48950
48959
48958
48960
48973
48949
48942
48936
48943
48940
48944
48941
48938
48939
48937
48920
48902
48897
48932
48871
48870
48872
48866
48865
48858
48863
48862
48859
48129
48132
48852
48851
48855
48841
48844
48868
48843
48846
48848
48895
48893
48896
48891
48847
48845
48842
48839
48840
48850
48130
48131
48127
48853
48854
48857
48856
48864
48867
48869
48849
48933
48935
48934
48873
48877
48946
48878
48874
48875
48876
48953
48962
50321
48952
48975
48961
48977
49105
49104
49102
48971
49103
48974
48969
48947
48966
48945
48931
48929
48925
48921
48898
48892
48890
48901
48922
48927
48930
49066
49107
49108
49115
49153
49119
49117
49121
49118
49116
49109
49106
49093
49067
48970
49063
49065
48910
48909
48924
48918
49050
49048
49053
48721
48717
48736
48740
48737
48734
48733
48715
48588
48705
48709
48710
48712
48728
48767
48772
48774
48775
48770
48773
48796
48769
48794
48804
48801
48805
48763
48762
48758
48757
48756
48754
48766
48771
48764
48727
48729
48723
48726
48724
48725
48695
48696
48753
48765
48698
48752
48693
48751
48692
48744
48745
48748
48759
48760
48761
50393
48687
48691
48686
48676
48677
48675
48678
48699
48701
48700
48708
50575
48670
48581
48557
48556
48559
48555
48554
48552
48553
48548
48550
48551
48679
48680
48671
48668
48749
48750
48697
48688
48689
48694
48711
48690
48703
48706
50273
48702
48585
48580
48577
48584
48578
48571
48586
48573
48904
48905
48887
48888
48885
48889
48886
48834
48836
48833
48832
48521
48516
48520
48566
48884
48568
48565
48515
48496
48821
48822
48829
48837
48838
48828
48826
48825
48827
48126
48125
48109
48820
48502
48497
48830
48835
48572
48831
48567
48570
48579
48576
48569
48563
48561
48560
48509
48537
48538
48536
48477
48533
48532
48418
49625
48466
48463
48465
48470
48476
48478
50455
48471
48475
50371
48473
50453
50452
50454
48503
48505
48506
48487
48504
48508
48510
48511
48490
48512
48517
48518
48519
48501
48499
48498
48491
48481
48486
48480
48482
48483
48454
50451
48452
47819
47829
48493
48495
48111
48106
47828
48494
47826
47824
48489
48488
48484
48485
48472
48453
48535
48534
48474
48513
48507
48514
48562
48558
48547
48545
48419
41653
48128
48140
48860
48983
48984
48985
48986
48987
48747
47803
48492
47804
50579
47806
47808
48095
48096
48098
48068
48099
48103
48105
48123
48115
48118
48133
48141
48143
48144
48142
48979
48222
48223
48220
48861
48221
48219
48228
48209
48218
48208
48206
48205
48134
48121
48137
48122
48120
48117
48173
48178
48176
48177
48170
48172
48156
48171
48158
48163
48157
48147
48148
48152
48146
48153
48154
48151
48089
48150
48075
48076
48077
48073
48079
48084
48085
48112
48088
48090
48087
48081
48067
48078
48080
48070
48069
48071
47936
48018
48020
48022
48021
48023
48019
48060
48055
48059
48061
48064
48062
48065
48072
48074
48091
48082
48145
48149
48155
48093
48092
48210
48207
48217
48135
48139
48138
48136
48124
48110
48119
48116
48108
48114
48113
48104
48086
48083
48066
48063
48424
48097
47822
47820
48094
47821
47807
47816
47818
47823
47825
47827
48100
49233
53569
53564
53570
53571
53610
53609
53560
49234
41627
41630
41633
48349
48353
48355
48367
48368
48370
48371
48400
48401
48406
48411
48412
48421
48423
48430
48605
48607
48609
48610
48616
48621
48640
48641
48638
48639
48615
48602
48600
48601
48416
48403
50388
50389
48413
48402
48397
48391
48344
48608
48606
48604
48603
50390
48417
48422
48420
48407
48408
48409
48410
48457
48462
48460
48464
48468
48469
48446
48447
50550
50552
50551
48450
50554
50553
48449
48448
48443
48451
48479
48444
47796
47815
47813
47812
47814
47793
47790
47788
47794
47795
47789
48440
48435
48439
48441
48459
50374
50376
50373
50375
48438
50379
50378
48376
48365
48375
48377
48380
48374
48379
48364
48359
48372
48357
48351
48363
48378
48456
50377
50372
48455
50380
50381
50382
50383
50445
50446
48436
48437
50444
47787
47792
47817
48442
48445
48467
48461
48458
48382
48383
48384
48405
48404
48381
48385
48373
48348
48345
48343
48339
48369
48358
48347
48356
48346
48350
48340
41634
48338
41632
48425
48426
48526
48528
48542
48657
48659
48658
48663
48664
48666
48667
48682
48684
48685
48746
48652
48683
48631
48627
48646
48647
48651
50394
48648
48645
48629
48628
48626
48625
48622
48624
48611
48656
48661
48431
48428
48429
48630
48432
48623
48653
48654
48681
48673
48674
48669
48672
48665
48660
48662
48549
48541
48655
48543
48544
48539
48530
48531
48540
48527
48529
48525
48523
48522
48524
48427
47337
47350
47358
47359
50306
47863
47864
47939
49851
47941
50104
47862
47867
47874
47886
47890
47917
47889
47916
47920
48001
48002
48003
47933
47924
47919
47873
47870
47871
50295
47869
47887
47868
47858
47854
47855
47872
47866
47859
47865
47861
47357
47356
47355
47852
47851
47354
47353
47435
47349
47348
47338
47422
47417
47416
47389
47421
47849
47896
47899
47913
47901
47914
47905
47926
47923
47925
47931
47932
47934
47930
48054
48052
48053
47907
47908
47910
47904
47906
47911
47927
47929
47928
47909
47900
47902
47897
47895
47903
48051
48049
47893
47892
47888
47915
47918
47921
47884
47883
47880
47879
47881
47876
47875
47857
47877
47853
47856
47878
47885
47912
47898
47894
47891
47882
35486
47225
47220
47221
47371
47219
47372
47384
47382
47383
47388
47373
47222
47369
47375
47368
47386
47387
47385
47418
47284
47283
47380
47263
47264
47277
47272
47273
47276
47282
47381
47365
47370
35487
35488
47224
130483
47270
47254
47255
47257
47268
47269
47247
47248
47320
47321
47323
47342
47343
47345
47344
47335
47336
47334
47331
47332
47333
47328
47330
47281
47274
47275
47278
47279
47280
47314
47315
47316
47271
47319
47324
47325
47327
47326
47329
47341
47339
47340
47322
47317
47318
40206
40207
47227
47229
47223
47230
47231
47377
47378
47395
130510
130511
130501
130499
130502
130503
130505
130504
130597
130583
130582
130492
130490
130491
130486
130496
130497
130487
130495
46563
46564
130493
130500
130498
47394
47376
47374
47232
47228
47226
130485
40268
130528
130530
130531
130532
130533
130771
48249
48246
48250
48251
131309
48244
48247
48248
47990
47991
47992
47998
47999
48046
48045
48042
48040
48038
47997
48034
48036
48044
48047
48048
48189
48190
48192
48184
48166
48414
48164
48167
48160
48033
48159
48031
48029
48028
48027
48015
48016
48014
48011
47979
47977
47958
47978
47971
48007
48008
48009
48012
48006
48024
48004
47976
47974
47973
47969
47967
47964
47949
47946
47947
47944
47945
47950
47954
47953
47955
47956
47961
47960
47993
47995
47984
47980
47479
47477
47475
47485
47985
47486
47484
47481
47480
47476
47463
47460
47461
47410
47468
47467
47472
47470
47414
47415
48352
47465
47411
47407
47403
47404
47400
47402
46231
130519
130520
46232
130521
46254
46255
46199
46200
47466
47409
47408
47459
47432
47434
47451
47454
47458
47453
47452
47455
47456
47449
47448
47443
47447
47942
47938
47446
47937
47445
47444
47439
47437
47438
47420
47425
47441
47426
47431
47424
47390
47419
47423
47436
47440
47442
47433
47429
47430
47427
47428
47392
47405
47406
47464
47471
47483
47462
47473
47474
47478
47959
47982
47457
47952
47943
47450
47940
47948
47968
48005
47975
47970
47951
47957
47963
48010
48013
48025
48032
48161
48183
48026
48043
48037
48035
47962
47994
47996
48039
48041
48000
47983
47981
47986
47988
47989
47987
47487
47482
48243
48191
48245
47469
47412
130524
47413
40269
48299
48306
48307
49580
49581
46268
48308
46267
48305
48298
48297
48204
48237
48238
48296
48203
48200
48233
48234
48232
48231
48225
48226
48227
48239
48224
48230
48229
48216
48214
48215
48211
48213
50224
48212
48187
48186
50314
48185
48188
48197
48182
48017
48030
48162
48165
48181
47972
47966
47965
47935
48201
48194
48253
48196
48195
48254
48286
48252
48199
48193
48198
48202
121356
121355
130031
129969
130471
130472
130480
130481
130478
130479
130545
130543
130544
130546
130542
130476
130477
130475
130469
130470
130474
130473
129968
130030
130032
130535
130536
130033
130016
130011
130010
130009
130008
129964
129972
129974
130012
129973
129978
129982
130013
130014
130015
129975
129976
130029
130028
130027
129979
123301
123302
129977
128076
128077
129970
46519
47166
35485
35484
130468
47168
47189
47187
47188
47182
47184
47191
47198
47208
47200
47199
47204
47202
47215
47214
47201
47173
47171
47172
47175
47176
47174
47163
47162
47160
47158
47159
47083
47082
47077
47156
46557
46554
46553
46524
47073
47074
47157
46556
47161
47169
47178
47183
47197
47185
47180
47179
47181
47186
47165
46568
47164
47167
46571
46572
47195
129967
129966
132340
129962
129954
129955
46569
46567
46565
46566
46559
46558
46561
46551
46552
46550
46523
46549
129953
129965
46570
46560
46562
46555
46708
47111
47116
47110
47117
47120
47233
47115
46709
47129
47134
47135
47136
47119
47133
47137
47144
47151
47154
47149
47153
47152
47150
47145
47143
47203
47177
47100
47170
47081
47094
47095
47097
47138
47132
47098
47093
47090
47086
47088
47087
47089
47078
47075
47076
47068
47079
47080
47141
47142
47099
47140
47139
47130
47131
47091
47128
47092
47096
47085
47107
47126
47127
47106
47108
47109
47064
47063
47084
126958
126968
126975
126988
129944
129946
129945
129959
129951
129958
129957
129956
129952
129950
126991
129949
126989
126990
126981
126980
129960
129961
129963
127928
127932
127931
129941
128061
128058
128059
35482
35483
47196
47213
47211
47209
47210
47193
47190
47206
47205
47212
47192
47194
38979
47364
47367
47366
38980
47361
47362
47363
47217
47218
48342
48341
47216
47207
47155
47360
130017
130018
130534
130538
121138
121217
130574
130575
130615
130622
130623
130629
130630
130634
130645
130647
130648
130646
130649
130687
130685
130683
130669
130663
130662
130661
130667
130665
130664
130666
130660
130659
130567
130578
130579
130624
130627
130628
130686
130625
130682
130581
130565
130580
130658
130668
130684
130652
130651
130653
130644
130643
130641
130640
130639
130637
130621
130620
130612
130618
130613
130595
130614
130596
130635
130611
130573
130589
130588
130550
130590
130609
130591
130592
130547
130593
130539
130540
130040
130541
130549
130551
130047
130552
130570
130557
130568
130560
130561
130563
130559
130562
130556
130558
130555
130553
130554
130026
130046
130024
130025
130036
130035
130023
130020
130019
130022
130034
130021
130045
130037
130039
130537
130038
130548
130587
130572
130571
130594
130619
130636
130638
130642
130650
130632
130633
130631
130617
130626
130577
130616
130576
130566
130569
121139
47379
47399
47398
47401
130517
130518
130527
130529
130761
130763
130762
130766
130770
130773
130780
130774
130775
130736
130732
130727
130729
130730
130731
130767
130772
130725
130724
130722
130764
130765
130720
130718
130707
130717
130723
130711
130712
130713
130608
130735
130610
130709
130607
130606
130705
130704
130700
130701
132376
130603
130604
130602
130599
130598
130601
130585
130584
130600
130509
130516
130523
130526
130716
130515
130513
130514
130506
130507
130508
130605
130703
130586
130708
130710
132377
130706
130715
130702
130721
130714
130726
130768
130769
130728
130719
130522
130512
47396
47397
47391
47393
37256
47535
47517
47516
47537
47540
46995
46993
46994
46984
46983
46985
46986
46988
50556
50557
50558
46987
46989
46979
46975
46980
46992
47536
46990
46991
37257
41514
41520
41517
41527
41529
41530
47527
47528
47511
47510
47509
47507
47503
47513
47514
47515
47518
47522
47538
47521
47520
47529
47519
47506
47504
47495
47505
47496
47498
47497
47500
47499
47493
47491
47492
47490
46869
46867
46871
46870
46981
46982
46978
50483
46976
46963
46951
46950
46974
48587
44186
48500
46868
46865
46863
46861
46862
46864
46866
50482
47494
47501
47502
47508
47525
41538
47512
41528
41526
47526
41521
41522
46938
47011
47013
47012
47008
47021
47022
47029
47030
47031
47028
47026
47024
47005
47543
47001
46999
46998
47000
46997
46972
46970
46971
47002
46969
47014
46968
47009
46967
46973
46996
46977
47003
47004
47023
47018
47027
47019
47015
47020
47017
47010
47006
47007
46940
46949
46939
46944
46965
47032
47033
47562
47565
47566
47568
47575
47576
47832
47831
47830
47313
47312
47311
47298
47310
47306
47305
47304
47301
47300
47299
47036
47303
47287
47289
47293
47294
47291
47292
47290
47288
47286
47302
47295
47296
47297
47308
47346
47347
47569
47571
47564
47561
47552
47547
47545
47557
47541
47539
47555
47570
47567
47309
47307
47035
47563
47560
47559
47558
47034
46724
46768
46773
46787
46789
46769
46772
46794
46795
46920
46921
46924
47113
47105
46802
47112
46800
46801
46926
47234
47236
47238
47239
47240
47246
47245
47249
47285
47251
47252
47256
47262
47261
47260
47258
47241
47259
47147
47146
47124
47123
47118
47148
47253
47243
47250
47016
47244
46948
47242
47125
47122
47121
47237
47235
46927
46923
46803
46798
46799
46792
46779
46780
46781
46783
47101
47103
47104
47114
47102
46796
46797
46782
47052
47053
46732
46733
46770
46771
46778
46727
46767
47265
47266
47267
46943
48354
46946
46945
46947
46915
46916
46715
46723
46716
46717
46725
46722
36956
46827
46828
46830
46849
46851
46855
46894
46897
46899
46903
46904
46964
46961
46966
38558
38557
46957
46958
46955
46959
46960
46956
46953
38662
46954
46906
46907
46933
46934
46931
46928
46930
46911
46914
46913
46935
46936
46937
46925
46941
46922
46918
46917
46909
46919
46912
46910
46929
46932
46905
44187
46902
38663
46898
46895
46900
46888
46891
46901
46889
46791
46793
46908
46882
46885
38804
46887
46884
46890
46896
46893
46857
46952
46854
46853
46852
46856
46860
46858
46845
46846
41506
41505
41501
41502
46844
41500
46842
46843
46850
46841
46848
46840
41499
41494
41497
41498
38710
38707
38708
38135
41495
38129
41487
41488
41491
46839
46823
46824
46825
46822
46821
46820
46819
46815
46814
46813
36962
46832
46872
46875
46877
46876
46892
46879
46878
38805
46883
46886
46881
46766
46765
46755
46763
46790
46788
46786
46776
46785
46784
46777
46756
46775
46757
46753
46754
46764
46762
46880
46761
46760
46818
46834
46836
46837
46835
46831
46833
46816
46817
46874
36961
46812
46806
46804
41482
41484
41483
38128
38126
38123
38125
38116
38134
38121
38132
38114
38113
38115
38068
38122
41481
46805
46811
46807
41490
41485
41486
38127
38136
38130
41496
41489
41492
41493
46838
46829
46826
36957
46962
46774
46676
46691
46692
46699
50560
46743
50559
46677
46695
46698
46726
44821
50256
46444
46448
46449
46505
46506
46533
46527
46528
46534
46536
46546
46545
46547
46509
46544
46520
46516
46535
46539
46548
46530
46529
46266
46264
46227
46263
46433
46432
46262
46228
46525
46538
46541
46542
129940
46543
46540
129939
129937
129938
132539
132540
126983
46537
126982
46532
46531
46526
46446
46445
46447
46508
46504
46507
46515
46502
46494
46492
46493
46495
46491
46488
46460
46441
46436
46440
46437
46434
46442
46489
46490
46443
46510
46517
46521
46522
47072
46518
46503
46439
46438
44822
46110
46331
46342
46346
46347
46391
46390
46393
46386
46401
46404
46402
46406
46394
46400
46403
46701
46702
46704
46707
46710
46703
46694
46706
46678
46693
46696
46675
46674
46376
46667
46673
50342
46372
46367
46368
46371
46384
46383
46379
46369
46370
46359
46366
46361
46365
46374
46377
46397
46399
46373
46668
46378
46398
46700
46396
46381
46385
46375
46392
46388
46389
46451
46454
46465
46466
46469
46472
46476
47039
47042
47046
47048
47057
47059
47060
47065
47069
47070
47061
47058
46487
47047
46513
46514
47066
47067
47071
46512
46501
46499
46500
46496
46497
46480
46462
46486
46498
46511
46485
47044
47062
47056
47054
47050
47043
47045
47051
47055
47049
46731
46721
46729
46728
46730
46720
46719
46711
46714
46705
46718
46471
47038
46712
46713
46473
46468
46405
46453
46395
46483
46484
46482
46479
46463
46461
46457
46459
46430
46428
46429
46422
46424
46423
46425
46416
46421
46418
46420
46408
46419
46407
46412
46411
46410
46413
46246
46237
46414
46417
46409
46252
46253
46257
46258
46259
46431
46260
46261
46427
46426
46455
46458
46474
46481
47041
47040
47037
46477
46478
46475
46470
46464
46467
46456
46452
46450
46415
46387
46382
46380
46345
46344
46340
46343
46341
46337
46332
46330
46113
46112
46234
46236
46235
46162
46168
46238
46160
46157
46158
46159
46187
46245
46248
46249
46250
46251
46256
46190
46244
46188
46189
46167
46164
46163
46154
46161
46155
46233
46038
46047
46048
46050
46051
46052
46096
46097
46102
46325
46326
46355
46358
46357
46360
46353
46351
46352
46348
46350
46349
46339
46356
46335
46336
46338
46334
46333
46106
46098
46100
46099
46101
46105
46068
46070
46111
46329
46108
46109
50578
50576
50577
46075
46073
46074
46076
50476
46072
46067
46061
46071
46063
46062
46060
46058
46065
46054
46064
46077
46107
46069
46066
46104
46055
46053
46095
46094
46093
46044
46043
46046
46049
46045
47534
47654
47656
47657
47662
47665
47666
47659
47655
47658
47652
47651
47523
47531
47582
47584
47597
47600
47653
48795
47603
47602
47607
47610
47633
47636
47634
47628
47637
47642
47620
47619
47621
47843
47846
47848
47847
47845
47844
47850
47835
47833
47579
47836
47838
47615
47839
47614
47613
47580
47611
47595
47612
47624
47631
47625
47609
47629
47627
47596
47605
47604
47592
47591
47590
47589
47556
47586
47553
47549
47551
47546
47544
47542
47548
47524
47554
47587
47593
47594
47574
47572
47573
47578
47581
47837
47577
47834
47841
47842
47840
47617
47616
47618
47630
47626
47632
47606
47601
47599
47598
47588
47533
48815
47532
47585
47583
47550
47530
47608
47724
47725
47726
47729
47635
39025
39027
41578
41579
41584
41587
41591
41588
41592
47672
47674
47676
47678
47685
47663
41593
41574
47660
47650
47649
47648
41569
41570
41567
41571
41568
41580
41573
41572
41596
41606
41604
41600
41601
41586
41598
41590
41603
47675
47673
41594
41599
41595
41589
41575
41581
41585
41582
41583
41597
41577
47661
47664
47638
47747
47748
47754
47755
47760
47766
47764
47746
47622
47641
47644
47751
47753
48050
48056
48057
47758
47768
47767
47769
47770
47756
47750
47757
47752
47643
47640
47639
47623
47775
47777
47783
47785
47786
47791
47809
47811
47805
47810
47802
47799
47798
47800
47780
47801
47784
47779
47776
41607
41622
41624
47684
47709
47710
47712
47711
47707
47716
48361
48360
48362
48366
48434
48433
47782
47718
47713
47719
47717
47708
47706
47704
47702
47701
47689
47680
47681
41610
41612
41611
47677
47679
47688
47687
47693
47692
50564
47691
47686
47668
47671
47733
47732
47735
47736
47742
47743
47774
47778
47765
47797
47763
47761
47759
47749
47739
47731
47728
47741
47744
47762
47773
47772
47771
47700
47698
47695
47697
47745
47740
47737
47738
47730
47727
47722
47721
47720
47734
47696
47723
47669
47670
47667
47690
47694
47714
47781
47699
47715
50574
47705
47703
47683
47682
41625
41626
41620
41623
41613
127941
127942
127946
127947
128067
128070
129987
129994
130001
129995
130006
130053
130054
130060
130059
130052
130063
130064
130050
130041
130042
130048
130049
130044
130055
130051
130043
129998
129999
130000
129991
129990
128075
128074
130007
129985
129986
127954
128071
127944
128063
128064
128068
129983
129984
129992
129993
128069
35717
49248
49252
49254
49265
49266
49267
49269
49279
49278
49280
49282
49299
49551
49554
49640
49772
49773
49774
49740
49737
49739
49736
49735
49733
49734
49744
49743
49741
49742
49732
49728
49738
49559
49556
49558
49555
49548
49549
49550
49560
49561
49538
49539
49540
49535
49541
49536
49542
49533
49528
49525
49438
49429
49440
49428
49427
49523
49526
49529
49531
49530
49543
49544
49534
49537
49524
49547
49522
49546
49519
49520
49513
49527
49436
49437
49521
49639
49320
49319
49552
49557
49317
49311
49310
49313
49315
49727
49730
49726
49287
49295
49296
49303
49306
49307
49302
49312
49301
49298
49294
49277
49276
49275
49293
49288
50307
49285
49292
49291
49290
46277
49717
49718
49722
49724
49723
49725
49731
49721
49720
46279
49719
49716
46280
49305
46278
49286
49289
49316
49729
49308
49304
49309
49314
49553
49318
49300
49297
49281
49274
49273
49271
49263
49272
49264
49268
49270
49502
49503
49514
50370
49516
49517
49515
49518
49512
49511
49510
49506
49499
49409
49498
49497
49408
49260
49258
49256
49257
49403
49255
49407
49508
49434
49435
49509
49505
49504
49501
49500
49262
49261
49259
49253
41544
49242
35718
49775
49545
49562
49565
48980
49458
49475
49474
49476
49477
49441
49442
49478
49568
50365
49576
49577
49579
49784
49792
49795
49783
49794
49793
49769
49781
49778
49782
49574
49578
49573
49575
49564
49572
49439
49452
49454
49456
49463
49450
49453
49190
49037
49041
49180
49193
49195
49196
49461
49460
49189
49443
49191
49177
49176
49444
49445
49451
49446
49449
49448
49457
49447
48981
49563
48982
49459
49480
49484
49481
49479
49455
49749
49751
49752
49760
49761
49762
49763
49764
49765
49766
49753
49780
49754
49755
49776
49777
49779
49745
49746
49748
49747
46328
45974
46292
45975
46290
46327
46291
49802
53977
49571
49785
49788
49789
49790
49791
49786
49787
48309
48396
48312
48389
48390
49582
48823
48824
49007
49589
49006
50243
49014
48313
49591
49590
49588
49587
49586
49585
49583
49584
49012
49027
49029
49013
49030
48310
48311
48331
48332
48333
49035
49031
49038
49039
49032
49033
49040
49182
49185
49186
49198
49468
49467
49469
49471
49199
49192
49183
49194
49197
49462
49464
49184
49045
49178
49044
49043
49036
49181
49179
48964
50484
50485
50486
50487
48240
48988
48990
48999
49002
49025
50489
50319
50488
49016
49023
49022
49024
49042
49174
49175
49188
49173
49021
49172
49187
49020
49019
49018
49015
49000
49005
49028
49008
49011
49010
49026
49009
48989
48992
48993
49004
48241
48242
48991
48994
49003
49001
48997
48998
48995
48996
48179
49635
49638
49661
49667
49668
49678
49677
49666
49662
49496
49663
49679
49680
49682
49684
49685
49681
49796
49798
49799
49801
49697
50493
49696
49694
50491
49695
49693
49692
49797
49800
50492
49637
49636
49532
49633
49634
49641
49643
49642
49648
49647
49670
49669
49672
49674
49683
49676
49700
49701
50490
49698
49702
49703
49705
49707
49708
49715
49706
49710
49711
49660
49659
49651
49671
49644
49630
49627
49626
49629
49657
49645
49658
49655
49654
49631
49488
49489
49632
49485
49465
49466
49470
49472
49482
49483
49487
49490
49486
49567
49566
49569
49650
49646
49704
49699
49675
49689
49686
49690
49688
49712
49709
49714
49713
49687
49673
49649
49628
48180
49495
39922
39923
49570
49494
49493
49492
49491
39017
39026
39031
39033
40780
41605
40782
41609
41602
41608
41615
41621
41618
41617
41619
41629
40787
40784
40783
40779
40781
40786
41616
41614
40785
40778
39032
39011
39028
39029
40776
40777
39030
39024
39022
39023
40788
40805
50387
40789
49750
49759
49768
49771
53681
53682
53684
53686
53712
53724
53725
53731
53733
53949
53732
53768
54337
53765
53721
53766
53762
53763
53764
56799
53719
53717
53720
53694
53693
53718
53722
53689
53690
53713
53714
53715
53716
53683
53728
53729
53730
53723
53710
53709
53707
53708
53676
53677
56762
56761
53679
53680
53711
53687
53685
53692
53691
53688
53678
49756
49758
49757
53671
53670
53669
53667
53666
53752
53753
53760
53761
49767
49770
53675
48336
49620
49623
49621
49624
49617
49619
49606
49609
49610
49611
49607
49608
49614
49602
49615
49613
49612
49597
49596
49601
49604
49595
49594
49603
49598
49599
49592
49600
49034
49605
49593
49616
49618
49622
48337
129925
49652
40804
