3053
81503
81504
81700
81702
90957
81701
81707
81706
91672
81705
81713
81696
81697
81722
81561
81703
90716
81567
81568
91673
81704
81699
81496
81694
81668
81493
81495
81494
91413
91522
91415
91521
91397
91398
91670
91729
80995
80996
91671
91399
91401
91669
90708
91402
90709
90706
91403
90707
90704
90705
90702
90703
90689
90690
90692
90691
81621
81623
90694
81622
91404
91406
91731
91407
91730
91409
91820
91410
91819
91411
91408
91405
90693
91400
91414
81497
81498
81499
81500
81501
81502
81510
81671
81672
81661
81662
81659
81660
81667
81642
81645
90695
81646
81647
81523
81524
90696
90698
90954
90699
90701
90700
90697
90955
91204
91208
91205
91207
91206
90684
90685
90686
90687
81506
81509
81474
81475
90688
91461
81476
81631
81477
81478
81632
90953
81508
81507
91210
91211
91212
91830
91200
91201
91202
91199
91818
81641
81640
91821
81639
91198
91822
81638
81635
81633
81634
81625
81521
81522
81626
91209
81520
81515
81516
81517
81518
81519
81624
91412
81505
91203
81514
81644
81665
81669
81670
81664
81643
81666
81512
81513
81663
86865
87121
86866
82654
82657
82658
82715
82716
90739
82662
82663
90741
82664
90740
82665
82661
82666
82655
90668
82656
82707
85148
90742
85149
82745
82681
82682
82744
82686
82724
82717
82710
82711
82709
82718
82719
82725
82708
90669
82667
82672
85115
82683
82684
82685
82726
82743
84716
82740
82741
82739
91332
82738
82746
91684
91685
91686
91687
91688
82737
82747
82742
85139
85146
90672
91678
91679
91757
91931
90671
90670
85140
85141
91680
85142
85145
90782
85117
85118
85119
90641
90642
91559
90643
84946
84945
84944
84938
84940
85173
85181
86877
90644
86898
90349
91930
86885
86886
86887
86888
87835
88555
86897
86893
86894
86896
86895
86891
86892
86889
86890
86884
87920
86879
86880
86881
86882
86883
86878
87921
91651
86902
86901
86903
86904
86900
86899
85172
85179
85180
85171
85188
85189
85190
85168
85169
85170
85167
85166
85165
85182
85183
84939
84937
85186
85187
85185
85184
87919
85174
84950
85127
85125
85126
85121
85122
85124
85123
85128
85129
85132
90781
85130
85131
90673
90779
90780
91029
85137
85135
85136
91027
91028
85116
85120
85081
85080
84942
85133
85138
85134
85147
91030
85143
85144
79271
84757
84755
84756
82765
82766
84753
84754
84759
84351
84350
84758
84352
84359
84362
84356
84357
84358
84361
84371
84372
84740
84741
84742
84733
84735
84728
84729
84722
84723
84721
84724
84731
84732
84746
84748
91024
84750
84751
84749
84747
82650
82651
82652
90777
82653
84744
84743
84745
90778
82754
82753
82752
82751
82750
82749
84739
84752
84737
84726
84736
84730
84725
84719
84720
84319
84343
84320
84367
84368
84734
84366
84365
84364
84344
84346
84363
84347
90771
84348
84349
84332
84333
84339
84334
84335
84337
84336
84338
84340
84316
84341
84293
84297
84318
84342
84300
84301
84304
90767
84303
84302
84292
84317
84374
90769
84375
84254
84384
84385
84387
90768
84386
84255
84259
90774
90772
90773
90762
84383
84378
84405
84406
84409
84410
91447
91191
91192
91452
91449
91448
84396
84397
84394
84430
84431
84433
91193
91450
91454
91453
91451
84434
84388
84260
84261
84432
84428
84429
84426
84427
84435
84766
84768
84769
84770
84760
84353
84354
84355
84765
84764
84761
84437
84438
84762
84763
79280
84436
84767
79279
79278
79277
84421
84422
84440
84439
84600
84634
84642
84773
84778
84779
84774
84718
84717
84775
84771
84668
84667
84794
84795
84806
84805
84804
84808
84810
91025
84784
84788
84787
84671
84657
84658
84629
84631
84661
91621
84662
84632
84647
84660
84649
84648
84614
84651
84652
84650
84654
84659
84655
84653
84675
84673
84674
84672
84677
84678
84676
84690
84689
84691
84695
84693
84686
84692
84663
84666
84681
84665
84622
84620
84684
84688
84679
84682
84578
84611
84607
84608
84609
84579
84512
84513
84563
84619
84575
84549
84507
84553
84554
84565
84551
84552
84564
84508
84511
84498
84497
84496
84499
84514
84491
84486
84487
84489
84494
84492
84495
84502
84500
84501
87113
84503
84505
84481
84482
84472
84483
84471
84478
84477
84583
84603
84604
84610
84586
84587
84588
84585
84593
84633
84643
84628
84626
84598
84594
84599
84606
84602
84590
84589
84581
84582
84468
84469
84398
84580
84402
84399
84401
84592
84595
84596
84425
84404
84424
84414
84419
84389
84390
84403
84391
84584
84470
84493
84490
84488
84460
84447
84448
84208
84210
84211
84466
84209
84463
84465
84464
84467
84205
84474
84518
84516
84522
84521
84534
84537
84536
84542
84558
84555
84556
84557
84519
84548
84523
84524
84533
84525
84544
84547
84546
84545
84559
84560
84561
84574
84562
84569
84570
84568
84567
84566
84572
84573
84571
84528
84532
84543
84527
84529
84530
84539
84541
91022
84540
91020
91023
91021
84526
84538
84531
84535
84218
84220
84213
84214
84215
84221
84216
84217
84201
84203
84212
84204
84195
84193
84194
84192
84191
84159
84158
84186
84196
84185
84200
84184
84181
84183
84180
84179
84182
84121
84122
84123
91536
84124
84143
84142
84120
84119
84141
84140
84197
84198
84199
84219
84222
84520
84517
84515
84473
84459
84462
84202
84206
84207
84485
84461
84458
84484
84509
84510
84550
84506
84480
84479
84605
84613
84504
84577
84576
84664
81001
84694
84814
81000
84812
84815
84813
84817
84816
84819
84818
84777
84776
84790
84811
84786
81007
81006
80999
84789
84685
84680
81002
84687
81003
84683
84621
84625
84624
84623
84612
84615
84616
84617
84298
84299
83847
83846
84618
81005
81004
84785
84809
84807
84803
84796
84800
84781
84780
84791
84638
84783
84792
84636
84637
84444
84445
84442
84797
84798
84801
84799
84793
84802
84670
84782
84669
84630
84646
84639
84644
84645
84640
84772
84641
84635
84627
84597
84591
79275
79273
79274
84423
84413
84412
79276
84441
84393
84395
84415
84416
84417
84418
84373
91444
91445
91446
84420
84411
91455
91738
91456
91737
91457
91736
91814
91933
91459
84408
91458
84407
84377
84379
84382
84380
84381
84294
84295
84376
84296
84315
90770
84345
84330
84331
84329
84360
84327
84326
84325
84324
84328
84323
84322
84321
84369
84727
84370
84738
82767
84443
79281
79282
79283
79272
84126
82733
82748
90744
82736
82735
82734
82757
90743
82756
82761
82760
82755
82758
82759
81981
81987
82059
82093
90725
82060
82061
82041
82042
82111
90724
82039
82110
82109
82108
82112
82237
82238
82243
82247
82246
82249
82273
82286
82287
82288
82289
82290
82291
82292
82295
82300
82419
82418
82439
82438
82440
82297
82298
82437
82451
82443
82444
82445
82446
82447
82441
82442
82454
82480
82388
82387
82385
82386
82450
82483
82484
82485
82448
82424
82456
82458
82343
82486
82490
82514
82528
82515
82516
82339
82340
82487
82488
82527
82482
82526
82529
82534
82615
82393
82394
82525
82392
82390
82391
82341
82342
82344
82436
82457
82435
82455
82361
82453
82430
82403
82412
82413
82402
82429
82428
82427
82421
82422
82420
82416
82414
82293
82415
82400
82398
82399
82407
82405
82406
82401
82408
82397
82396
82264
82262
82263
82254
82265
82257
82251
82252
82245
82253
82236
90978
90979
90977
90731
90730
82232
82233
82231
82229
90732
82230
82234
82235
82226
82256
82268
82266
82225
82274
82269
82270
82101
82103
82104
82105
82106
82092
82094
82107
82080
82043
82044
82095
90727
82096
90726
82097
90970
82083
82084
82081
82082
82072
82073
82228
82085
82087
82086
82074
82075
82076
82077
82078
82079
82102
82227
82244
82255
82261
82260
82409
82258
82410
82452
82363
82259
82360
82348
82347
82395
82294
82267
82404
82411
82362
82346
82345
82431
82432
82434
82433
82423
82425
82449
82389
82426
82320
82321
82476
82477
82475
82481
82474
82471
82473
82472
82489
90766
82322
82323
82459
82460
82461
82478
90760
82479
90761
82462
82336
82335
82331
82312
82311
82327
82310
82304
82281
82282
91551
82283
91550
82284
91562
82250
82067
82068
82046
82045
82047
82048
82049
82050
82158
82157
82098
82099
82153
82152
82154
82202
82163
82164
82165
82203
82162
82309
82315
82308
82305
82307
82159
82161
82160
82148
82147
82149
82100
82057
82054
82055
82056
82053
82052
82156
82051
82279
82276
82306
82333
82334
82330
82329
82324
82325
82326
82280
82299
82328
82417
82303
82301
82302
82296
82275
82277
82278
82272
82271
82248
82285
82066
82063
82064
82065
82242
82241
82239
82240
82090
82113
82091
82040
82062
82058
81982
81983
82518
82519
82521
82523
82522
82520
82524
82610
81743
82115
82120
82137
82138
82069
82070
82136
82135
82071
82122
82121
81984
81985
81986
82123
82124
82119
90729
82118
81747
81746
90728
82117
81996
81994
82125
82126
90973
82116
81995
81748
82114
81745
81744
81347
82373
82374
82357
81350
82358
82353
82354
82355
82356
82375
82379
87133
87129
87130
87158
87119
87120
87118
87127
87132
87138
87124
87122
87123
87137
87136
87135
85100
82559
82563
84934
82565
82564
84933
84935
90654
90655
90652
90653
82590
82591
85114
82592
82593
82582
82583
82584
85113
85112
82581
82578
82580
82573
82589
82643
82585
82642
82598
82597
82599
82644
82646
82647
82645
82668
82639
82689
82690
82693
82706
82714
82704
82713
82712
90980
82705
90981
82700
82701
91681
82699
82694
91682
82692
82691
82688
82687
82640
82600
82601
82660
84936
90737
82659
82641
82586
82602
82603
82594
82638
82637
82626
82627
82628
82631
82632
90736
82630
82604
82605
82629
90738
82492
82491
82596
82595
82587
82588
82576
82577
82579
82574
82575
82572
82566
82569
82561
82557
82568
82558
82553
82554
82551
82550
82549
82548
82546
82545
82543
82539
82541
82536
82535
82382
82384
82378
82377
82381
82544
82542
82337
82359
82338
82497
82498
82499
82500
82501
82502
82496
82517
82607
87126
82608
87125
82609
82611
82613
82614
82612
82606
82493
82494
82495
82503
82504
82505
82506
82507
82508
82509
82511
82513
82512
82510
82556
82552
82567
82571
82570
82562
82560
82555
82547
85101
85102
82540
82538
87131
90812
82537
82383
87117
87128
82370
87157
82365
82368
82371
82350
82351
82349
82366
82364
87156
82367
87155
82380
82369
82376
82352
82372
81349
81348
81772
81980
81990
82000
82008
82006
82016
90971
90972
81999
81997
81993
81989
81988
81777
81776
81972
81973
81929
81974
81975
90659
81872
81876
81932
90658
81871
81931
81933
81954
81926
81914
81927
81953
81955
81959
81956
81937
81938
81919
81942
81918
81911
81910
81909
81891
81897
81898
81917
81946
81916
81920
81905
81907
91677
81900
81861
81860
81859
81856
81858
81857
81868
81899
81936
81935
81913
81912
81874
81875
81930
81934
81873
81928
81775
81992
82017
82134
82130
82131
82132
82133
82141
82146
82142
82143
82144
82145
82128
82173
82216
82219
82220
82217
82218
82172
82206
82221
82224
82223
82222
82207
83548
83574
83573
83628
83629
83634
83636
83635
82319
82318
83637
83638
83645
83630
83644
83642
83643
83650
83649
83651
83652
83647
83648
83981
83669
83665
83986
83987
83989
83988
83991
83994
83995
83990
83691
83693
83694
83695
83696
83682
90763
90764
90765
83683
83686
83685
83983
83984
91018
83667
83668
83641
83633
83639
83640
83601
83602
83626
83576
83575
83591
83592
83577
83578
83584
83541
83537
83538
83539
83540
83536
83534
83535
83533
83554
83555
83553
83552
83551
83570
83571
83563
82209
82210
83543
83562
83544
83545
83526
83529
83299
83528
83298
83303
83304
83520
83521
83522
83307
83308
83560
83291
83309
83292
83286
83288
83255
83257
83287
83279
83281
83278
83280
83241
83272
83269
83284
83316
91699
83275
83276
91001
91697
91747
91698
90657
83397
83347
83345
83346
83344
83342
83343
83260
83261
83274
83262
90752
83263
83273
83267
83268
83270
83271
83259
83232
83251
83249
83250
83248
83253
83243
83244
83239
83240
83236
83237
81948
81949
83238
90751
83191
83190
83195
83194
83193
83192
83188
83187
83177
83178
83180
83200
83171
83181
83196
83198
83199
83197
83183
83164
83165
90994
91000
90995
82957
82958
90993
82955
82956
82954
83182
83162
83161
82953
82970
83176
83175
90997
83174
83173
83154
83157
83156
90733
82966
82967
81854
81855
81853
81852
81908
81921
90735
81922
90734
83184
90631
81906
91005
81901
81903
81904
81902
81862
81866
81923
83155
82968
82969
83163
83160
83179
83185
83189
81947
81941
83245
81940
83235
81965
81964
81963
81962
81961
82004
82009
82020
82022
82023
82033
83294
83293
83519
83530
83295
83297
83296
83302
83301
82215
82150
90967
90976
82151
83546
83547
90968
90975
90969
90974
82214
82034
82021
82019
82011
82007
82003
82002
81957
81960
81951
81952
81958
81943
81944
81945
83207
83246
83247
81939
83172
83170
83265
83266
83264
83252
83254
83242
83277
83290
91244
83258
83256
82012
83285
83289
83305
83306
83300
82213
83527
83561
82211
82212
83282
83323
83321
83322
83283
83556
83557
83559
83558
83320
83317
83318
83319
83324
83325
83579
83580
83542
83531
83590
83597
83598
83593
83622
83675
91015
91017
91016
83672
83671
83688
83689
83681
83676
83677
83679
83697
83699
83653
83663
83661
83660
83658
83659
83656
83657
83662
83654
83670
83700
83720
87262
87263
87264
83706
83707
83708
84135
84138
84136
84137
83705
83704
83709
83721
83722
91014
91758
83714
83715
83716
83717
91012
83718
83719
88716
88715
83713
83711
83712
91013
83723
83710
83680
83678
83624
83625
83655
83615
83393
83617
83394
83616
83565
83623
83674
82467
82466
83690
82465
83992
83993
83673
82469
82470
83684
82468
83594
83532
83582
83583
83581
83596
83566
83567
83564
83595
83568
83600
83589
83599
83621
83666
83982
82464
83687
83664
83646
82316
82332
82317
82314
83632
83631
82313
82167
82204
82166
83627
83569
82168
83572
83549
83550
82208
82169
82170
82171
82127
82129
82018
82010
82005
81998
82001
81991
81950
81774
81773
81695
81698
81851
81869
81877
81882
81886
81892
81885
81884
81895
81894
81915
81893
81890
81880
90723
81879
81889
81881
81888
81883
81887
81863
81896
81867
81870
81864
81878
81865
83692
83698
83985
81823
81847
81846
82174
82205
82175
82176
82177
82178
82181
82182
82184
82183
82179
82180
82185
82186
82187
82188
82189
82190
82191
82192
82193
82194
82195
82196
82197
82198
82199
82200
82201
82530
84276
84281
84451
84475
84291
84290
84283
84285
84284
84476
84280
84278
84277
84273
84272
83996
84256
84400
84392
83997
84282
84270
84274
84271
84269
84267
84268
84266
84263
84262
84242
84238
84240
91689
84241
84230
84258
84257
84247
84250
84251
84249
84252
84253
87139
87140
87141
84229
84248
84231
91585
84228
84239
84243
84237
84067
84235
84264
84061
84059
84024
84026
84027
84049
84050
84051
84052
84062
84053
84066
84162
84036
84054
84056
84055
84035
84176
90775
84174
84446
90776
84167
84165
84166
84164
84152
84163
84148
84178
84449
84149
84153
84150
84151
84168
84169
84170
84171
84173
84172
84175
84161
84177
84160
82533
84025
84034
84058
84060
84265
84236
84064
84456
84457
84452
84453
84455
84450
84454
84279
84275
84063
84065
82532
82531
84037
84038
84028
84048
84029
84047
91019
84030
80683
80687
83795
80686
83796
80685
83797
83798
83799
83800
83801
83802
84087
84084
84085
84076
84077
84078
84081
84079
84080
83725
83726
83807
83805
83804
83806
83810
83813
83822
83827
83851
83852
84093
84125
83855
83856
83857
84118
84117
84116
84113
84114
84115
84128
84129
84139
84127
84130
84131
84112
84088
84102
83853
83854
83848
83849
83850
83781
83774
83842
83773
83767
83768
83769
83776
83770
83775
83859
83766
83777
83845
83844
83843
83837
83841
83839
83858
91368
91362
91767
91363
91364
91365
91367
91366
91768
91769
83817
83816
83820
83819
83818
83821
83823
83824
83779
83815
83792
91369
91370
83793
83840
83771
83772
83782
83758
83745
83744
83742
83743
83740
83741
83759
83749
83750
83832
83834
83833
83829
83830
83751
83752
83763
83736
83738
83737
83838
83836
83835
83831
83778
83765
83764
83780
83814
83727
83812
83811
83808
83809
84075
84000
84001
84074
84086
84083
84099
84101
84100
83998
83999
84095
84097
84096
84070
84068
84104
84105
84106
84147
84154
84155
84156
84157
84111
84040
84039
84098
84103
84041
84110
84042
84109
84043
84108
84044
84045
84046
84017
84019
84020
84022
84008
84009
84013
84023
84014
84011
84007
84006
84032
84033
84057
84005
84002
84004
84003
84031
84021
84018
84010
84012
84015
84016
84107
84069
84073
84089
84090
84092
84091
84071
84072
84144
84145
84146
83724
83794
84082
83803
83825
83826
84094
91650
83828
80684
83703
83701
83702
83784
83783
83728
81732
81733
81735
81734
81736
82965
83020
83017
83018
83016
83159
83158
90996
90999
83054
90998
83052
83220
83208
83206
83205
83153
83152
83166
83168
83214
83215
83210
83050
83051
83213
83011
83066
83042
83034
83032
83033
83030
83031
83065
90991
83043
83044
83036
83064
83035
83063
83067
83121
83124
83125
83221
83222
83120
83122
83212
83123
83106
83107
83108
83112
83109
83110
83111
83105
83104
83103
83101
83102
83100
83099
83113
83096
83095
83094
83144
83941
83940
83939
83139
83140
83141
83142
83143
83078
83145
83092
83093
83077
83076
83138
83433
90664
91572
91573
91574
91567
91569
91571
91575
91734
91570
91568
83404
83091
83399
83400
83401
83402
83403
83090
91831
82762
82764
82763
91832
82869
82868
82893
82890
82932
82934
83186
83146
82892
82891
82876
82875
82867
82933
91833
91834
83041
83040
83114
83118
83115
83117
83116
83039
83097
83098
83070
83069
83089
83119
83068
83062
83056
83057
83058
83059
83060
83061
83037
83038
83055
83045
83046
83027
83028
83024
83025
83023
83021
83022
83026
83049
83029
83048
83151
83216
83150
83204
83217
83218
83219
83203
83202
91813
83226
83227
83228
91840
91937
83225
83310
91850
91849
91848
91847
91846
91845
91843
91844
91842
91841
83315
83313
83314
83311
83312
83223
83224
83358
83424
90662
83425
88721
88720
83349
83348
89004
83350
83351
83352
90661
88719
88717
88718
83458
83462
83467
83461
83463
83470
83478
83481
83482
83483
83479
83484
83480
83465
83147
83466
83444
83445
83148
83149
83446
83440
83441
83447
83442
83443
83468
83469
90663
83434
83435
83436
83476
83477
83450
83475
83485
83486
91219
91220
91221
91222
83448
83455
90757
83734
83732
90759
83733
83762
90758
83454
83453
83459
83460
83456
83449
83452
83464
83451
83426
83437
83438
83427
83428
83429
83430
83431
83439
83432
83412
83955
83359
83360
83956
83362
83361
83363
83365
83364
83457
83405
83406
83407
83408
83409
83410
83367
83398
83366
83368
91735
83369
83370
83371
83372
83373
83374
83375
83395
91008
83607
83608
91009
83396
91007
83613
91006
83612
83609
83610
83334
83335
83614
83603
83605
83606
83611
83604
83336
91010
91011
83339
83357
83341
83229
83233
83230
83234
83355
83356
83354
83338
83340
83333
83332
83331
83330
83329
83382
83383
83620
83587
83588
83586
83585
83618
83619
83392
83391
91195
83390
91194
91196
83385
83386
83387
83388
83389
83327
83337
83326
83384
83378
83379
83381
83380
83328
83376
83377
83353
83411
91315
91317
91318
91319
91839
91320
91838
91321
91837
91322
91323
91324
91836
91325
91835
91326
91327
91328
91329
91330
83071
83072
91316
91331
83211
83201
83231
83413
83414
83167
83169
83209
83047
83015
90992
83019
82959
83053
83014
82960
82961
82962
82963
82964
83729
83731
83730
83735
83739
83753
91230
83754
83755
83756
83757
83746
83747
83748
