1691
57732
57731
74932
74933
78738
74906
74908
74904
74907
74911
74910
77907
77909
77908
74934
74913
74935
74937
74938
74939
74940
77325
74936
74924
74925
77322
74928
77309
77321
75055
77735
75054
75062
75056
75063
75057
75096
75098
75097
75106
75101
75102
75103
75105
75118
75119
75116
75115
75081
75088
75089
75091
75090
75117
75082
75083
75075
75019
75077
57771
57780
57861
57801
57803
57802
57772
57742
57757
57743
75092
75093
75094
75095
75015
74702
74705
75076
75070
75113
75114
75085
75087
75086
75084
75074
75078
75080
75079
77324
75073
75072
75060
75069
75067
75068
78273
74223
75048
75047
75046
75045
75049
75044
75043
77286
75006
75011
75008
75009
75010
75013
75005
75007
75004
75003
75002
77323
77601
74998
75001
75042
74999
75040
75000
74997
74994
74995
74996
74923
74921
74922
74919
77904
77906
77905
74918
74884
74917
77326
74916
74927
74914
74991
74882
74877
74878
74881
74972
74969
74880
74968
74970
74971
77736
74993
78740
78742
78741
78744
78743
74992
74162
74222
74990
78739
74865
74965
74967
75016
74974
74975
74951
74958
74957
74947
74952
74943
74942
74941
74945
74946
74859
74948
74863
74860
74856
74448
74452
74855
78274
74450
74451
74858
74445
74447
74699
74690
74691
74698
74693
74692
74391
74688
74689
74446
74427
74424
74425
74426
74429
74430
74433
74428
74436
74419
74437
74845
74844
74438
74440
74846
74439
74441
74431
74442
74825
74850
74851
74852
74866
74872
74873
74874
74875
74869
74870
74868
74867
74840
74893
74892
74896
74901
74890
74897
74898
74930
74929
74899
74902
74888
74887
74843
74834
74830
74833
74836
74838
74826
74818
74822
74820
74819
74817
74815
74814
74810
74809
74811
74813
74828
74801
74800
74827
74808
74807
74411
74812
74410
74794
74351
74793
74796
74798
74799
77899
74795
74792
74350
74349
74409
74405
74347
74403
74404
74345
74348
74396
74407
74394
74395
74400
74346
74344
74392
74393
74368
74397
74369
77902
78382
78381
77900
77901
77903
74386
74382
63740
74315
74365
74366
74314
74289
74290
74313
74308
74307
74309
74325
74333
74329
74334
74335
74336
74340
74339
74337
74341
74338
74326
74327
74328
74330
74332
74797
74331
74322
74319
74317
74318
74316
74324
74323
74224
74285
74277
74278
74280
76656
74279
74225
74306
74310
74305
74297
74298
74312
74311
74299
74293
74294
76658
74295
74296
74301
74303
74302
74304
74356
74363
74367
74352
74359
74364
74354
74358
74355
74353
74357
74300
72953
72952
74288
74342
74343
76663
74408
73348
73349
74406
74412
74417
74416
74415
74420
74816
74821
74832
74831
74802
74804
74803
74885
74889
74829
74835
74886
74891
74839
74823
74824
74418
74413
74414
74435
74434
74398
74399
74401
74402
74432
74421
74422
74387
74388
74389
74383
74443
74449
74444
74854
74862
74857
74703
74704
74700
74944
74953
74960
74978
74962
74980
74976
74981
74982
74979
74963
74977
76662
76664
74959
74961
74950
74964
74966
74949
74864
74861
74871
74876
74926
74915
74883
74879
74973
75012
75014
74221
75017
74161
75059
75052
75071
75061
75107
75108
75104
78207
78208
78591
75066
75065
75099
75100
75064
75058
75051
75050
75041
74920
74912
74909
74895
74900
74905
74894
72368
72367
74931
74903
63739
74362
74361
76659
74292
62785
62786
74091
74093
74092
77251
63853
68459
78179
68460
77249
74095
74094
68461
74096
74233
74235
74236
74241
78735
78736
78737
76657
78384
74371
74258
74261
74370
74252
74254
74250
74253
74260
74251
74259
74372
74378
74291
74360
74287
74232
74230
74229
74027
63736
63737
74231
74266
74286
72303
74276
72300
72302
74242
74243
78383
74234
76571
74237
63854
74238
74219
74183
74163
74072
74077
74078
74079
74080
74081
74075
74076
74071
74065
74073
74066
79069
79070
74070
74074
74087
74082
74083
74086
74089
74084
74085
74090
74088
74218
74220
72237
72238
72296
72298
74380
74390
74652
74653
74686
74685
74687
74701
74987
75018
74654
74667
74669
74668
74655
74694
74697
74696
74695
74670
74706
74707
74710
74714
74718
74717
74725
74727
74764
74765
74767
75023
75024
75025
75039
77305
77306
78745
77317
78290
78288
78289
78292
78746
78747
78291
78287
77319
77320
77313
77310
77311
79082
78278
78280
78748
78281
78283
78282
78285
78284
78751
78749
78750
78279
77312
77314
77318
75037
75038
77298
77299
77301
75026
75034
75032
75030
75036
75033
75035
75022
75021
75020
74774
74773
75028
75029
75031
74772
74771
74985
74989
74988
75027
74984
74986
74983
74724
74723
74713
74712
77296
77297
77300
74709
74708
74711
74721
77303
74722
74769
74762
74766
74763
74768
74728
74726
74770
74715
74758
74759
74719
77302
74776
74775
74754
74755
78912
78913
78914
78919
78920
78922
78923
78917
75468
75470
74785
75472
75473
74782
74784
74781
74779
74780
78911
78910
74777
74786
74783
75469
75471
78918
78915
78916
78909
78908
74751
74761
74760
74744
74743
74750
74720
74607
74660
74661
74665
74666
74675
74674
74676
74678
74746
74748
74749
74757
74745
74747
74734
74733
74716
74684
74680
74673
74681
74679
74677
74672
74671
74664
74663
74657
74658
77293
77295
77294
74662
74659
75286
57571
76697
57600
57639
57601
75454
77248
77388
77387
74737
75449
75447
78924
78925
75450
75448
78271
78272
75476
75474
75475
75460
74756
74738
77386
75453
77328
77329
57572
75445
75304
75305
75306
75288
75292
75291
75293
75302
75303
75289
75290
75283
75287
73651
75282
58097
57997
57999
57998
58084
58000
77621
73450
73439
73451
73276
73277
73278
73188
73189
58099
77240
73646
61416
61417
73647
73650
61916
73288
73287
61917
73652
74215
74213
74211
59112
73407
73655
73656
73648
73649
73657
73658
73198
73199
73654
73313
59113
74579
74580
75297
75296
75301
75299
75298
75300
75295
75294
74604
74605
74608
74610
74731
74732
74735
74736
74729
74730
74609
74611
74739
74740
74741
74742
74753
74633
74634
74752
74632
74635
74636
74637
74628
74629
75443
75441
74589
74624
74587
74623
74620
74622
74626
74619
74618
74630
74631
74603
74602
74600
74601
74584
74585
74614
74616
74617
74615
74583
74586
74588
74627
75444
74625
74621
74638
74613
74612
74606
74599
74581
75442
74198
74226
77289
74478
74227
74507
74506
74505
74228
74486
74487
74488
74489
74490
74499
74491
74558
74492
74500
74591
74593
74597
78286
74592
74594
74595
74596
74576
74575
74574
74577
74578
74214
74217
74560
74564
74561
74562
74563
74559
74566
74565
74570
74571
74555
74556
74557
74573
74572
74567
74569
74551
74554
74598
74553
74548
74546
74533
74535
74537
74534
74552
74497
74495
74502
74504
74539
74540
74496
74501
74494
74538
74547
74550
74590
74568
74498
74479
77292
78618
78620
78619
77291
78615
78617
78616
57901
57993
57992
57994
57995
57996
73382
73239
73233
73234
73357
73367
73370
73369
73401
73403
73405
73406
73414
78959
73410
73415
73456
73457
73421
73420
74199
74202
74210
74206
74205
74147
74190
74208
74212
74209
74216
74138
74197
74192
74193
74186
74188
74187
74194
74196
74195
74189
74191
74148
79078
79079
79080
74149
74150
74145
74140
74135
74125
74136
74131
74200
74117
74143
74144
74207
74203
78767
78766
74132
74118
74123
74124
79075
73381
79071
79072
79073
79076
79077
79074
73380
73396
76650
77868
78955
73397
73395
73383
77865
73391
77285
73390
73392
73394
73393
77284
73205
73387
73388
73385
73384
74098
74099
74100
74108
77867
77866
74107
73398
74097
73237
74111
74110
74101
74102
74105
74106
74038
74109
74035
74044
74033
74043
74032
74037
74036
74028
74029
74030
74031
73238
74115
74116
74103
77287
74104
74113
74151
74152
74153
74157
74158
74160
74154
74155
74156
74165
74169
74166
74167
74159
74164
74168
74179
74178
74181
74180
74182
74185
74184
74174
74175
74173
74171
74122
74121
74141
74142
74119
77869
74120
74176
74177
74172
74114
74060
74053
74055
74056
74058
74061
74067
74062
74063
74059
74051
74052
74047
74050
74042
74039
74041
74040
74045
74046
74048
74049
74054
74385
77258
77256
77260
77262
77265
77267
77268
77272
77273
77276
77278
77280
77279
77281
77257
77261
77259
77275
77277
77271
77270
77264
77266
77255
77263
77269
77274
74057
74064
74068
74069
74112
73386
74034
73208
73207
73209
77282
73210
73211
74170
73200
73201
73203
73206
73204
77864
73202
73374
73372
73373
73377
73375
73376
73360
73361
73364
73363
73362
76648
73359
73358
73366
76649
77283
73389
73379
73378
73368
73400
73418
73419
74134
74126
74127
74128
74129
74130
74137
74146
74139
78476
73463
73462
73461
73458
73459
73460
73448
73449
73447
73446
73432
73431
61084
61083
73441
73440
73436
73429
73430
73470
73427
73435
73438
73434
73351
73437
73346
73353
73343
73354
73425
73424
73428
61048
61047
73444
73423
73442
77244
77245
73653
73327
73255
73256
73325
73326
73328
73329
73339
73340
73338
73341
73333
73315
73317
73316
76609
77243
73336
73337
73332
73330
73303
73324
73314
77252
73309
73302
73300
73301
73322
73298
73320
73319
73318
73259
73257
73258
73252
73254
73253
73293
73296
73250
73289
73290
73294
73295
73299
73291
73292
73307
73305
73306
73311
73310
73331
73312
73344
73275
73286
76707
77238
77242
77239
77241
76708
73285
73284
73271
73185
73183
73180
73182
73184
73274
73273
73270
73272
73281
73282
73226
73225
73224
73228
73230
73235
73244
73248
73246
73264
73265
73262
73263
73247
73245
73243
73240
73241
73229
73227
73217
73221
73219
73164
73156
73162
73161
73163
73177
73178
73267
73268
73181
73179
73160
73158
73170
73171
73166
73172
73159
73216
73212
73214
73213
73157
73220
73215
73218
61012
61013
73231
73165
73222
73223
73269
73283
73280
73279
73236
73242
73251
73249
73297
73308
73304
73335
73323
73321
73261
73260
73266
73422
73342
73350
73352
73334
73347
76706
73345
73433
73426
61081
61080
73445
73452
73453
61195
61196
74204
74201
74133
73409
73402
73408
73412
73417
73455
73454
73416
73413
73411
73404
61118
73443
61119
73399
73371
73365
73356
73355
64837
73232
73196
73197
57991
64835
64836
76491
64839
64838
57982
57983
57902
74463
74464
74458
74459
79081
74454
74460
74453
74455
74239
74240
74493
74485
74536
77288
74519
74522
74541
74543
74542
74549
76484
74544
74545
74656
74532
74651
74650
74640
74639
74647
74648
74644
74646
74645
74384
74381
74377
74376
74374
74375
74643
74373
74379
74642
74529
74527
74263
74265
74641
74264
74262
74256
74255
74523
74524
74517
74526
74525
74518
74530
74531
74521
74515
74513
74477
74514
74473
74467
74468
74474
74482
74472
74476
74469
74249
74470
74509
74508
74244
74245
74248
74471
74246
74247
74510
74511
74512
74516
74257
74528
74520
74475
77290
74484
74480
74481
74461
74462
74466
76661
74456
74457
74465
74503
74483
74649
