72
206439
206440
164845
209952
208860
164442
164460
211117
211139
163929
163951
209874
198783
209400
214220
162601
162587
162599
214213
213952
209953
213953
209854
161345
206059
209025
208914
209046
209702
209698
201616
208848
212367
212365
212435
164037
160142
164598
164839
164836
210729
210693
210702
210696
209374
209259
209357
209351
209263
209260
215067
213745
208702
208780
211247
211147
161537
206419
208947
206540
206539
206531
206475
206442
212275
212244
210651
210559
160147
210680
209313
209317
