89
41637
48393
48395
46265
53560
48638
48615
48602
48600
48645
48297
48286
128076
126958
126990
127928
130687
130658
130644
130641
130780
41514
41529
46863
41538
41521
46858
41506
41505
38710
46814
46813
46872
46754
46761
46760
41482
38126
38132
38114
38113
38068
38122
41481
46805
46691
46699
46228
126983
46667
46372
46365
46668
46160
46190
46154
46038
46062
46060
46058
46093
46044
46043
39027
41569
41567
41568
41577
130055
128071
127944
53977
48333
49655
49631
39017
39011
39028
39029
40776
40777
39022
53765
53709
53667
53666
53761
129925
40804
