88
144551
144794
144791
144792
149951
143942
143951
144159
148550
148554
148564
148516
148794
148775
148768
148767
142096
142106
142637
142649
142673
142683
142688
142097
142133
142134
142138
143492
143874
143501
143855
143834
143828
143826
143742
143734
143732
143703
143735
143738
143741
144858
144773
144769
144758
144567
144713
144561
144728
144859
142687
142804
142807
144910
144911
142867
142814
142855
144855
144856
144857
144831
144826
144797
144800
204715
204840
204540
204708
204442
203825
151535
145966
151508
151506
151505
151396
151382
151347
151345
151343
151331
151330
151383
145347
212686
150377
150382
