71
199876
214944
139763
151387
151395
151404
151521
151511
151332
151381
151379
139762
151349
209312
209359
209356
209348
209249
209262
209231
209401
209350
205984
206604
205656
205762
205922
210554
210647
210677
207033
208485
210717
210692
210695
211140
208788
211116
211111
208763
206516
208950
206803
206630
206847
206525
206524
206810
206543
206536
206533
214483
214491
215066
204851
213744
204520
204769
204720
204454
204702
203480
203501
203500
203518
203401
203860
203644
203834
151558
206589
