65
150376
148793
148784
148772
148770
148567
148563
148549
144158
143950
143949
148553
143876
143852
143833
143832
143827
143825
143737
143733
143731
143728
143503
143504
143528
143487
142008
142000
141989
141988
141984
143173
143268
142112
142117
142135
142136
140361
150793
150791
150772
150758
150762
151148
151106
151009
143889
143890
150852
150859
151017
147793
147304
147233
147248
147173
147174
147227
151136
151170
151128
151133
151152
151151
148854
