85
42207
36443
36371
39357
44620
44298
44296
44315
43426
44388
44803
44758
44773
41511
41507
41509
46859
41512
38702
38120
38119
38117
41566
41576
41565
41562
41558
41557
41531
41525
41523
40775
40769
40766
39012
39006
39007
39015
38982
39416
39414
39455
39482
39481
36448
36418
36376
36785
36786
37182
37183
36726
35720
40551
40743
45898
45948
45952
46087
46041
45968
45964
45967
46758
46759
46751
46746
46752
46810
46809
41476
38124
38067
41479
46690
46664
46666
46663
46364
46670
36862
40797
40284
40376
43409
