63
162552
181455
194830
213813
214221
214223
214712
162602
162603
162588
162682
162814
162871
213936
213876
209957
209956
181468
185145
166873
185092
185093
166877
181459
166338
166344
163656
163698
163643
163333
163339
174285
185744
174097
174100
174106
174076
174240
172899
174048
182949
183599
183602
183534
172900
182954
174306
174431
174440
174438
174459
176399
183008
152191
152205
152931
152898
152902
176432
152906
152307
152243
152244
