85
139924
139805
150722
142098
142092
142099
142115
144817
144811
142792
142798
142866
142805
142685
142684
142686
142682
142672
142636
142104
142648
144550
144517
144790
144784
144815
144824
144787
144798
144802
144812
144813
144814
196289
196309
196310
196321
196325
195374
195378
195377
144648
144646
144621
144642
196700
196696
196697
196704
196368
196408
196361
196349
196360
144643
144620
144624
144675
144678
144541
144682
144685
144704
144706
144708
144710
144560
144711
144556
144183
140860
140630
142007
141999
141983
141982
141973
141981
150807
150808
140363
146969
146968
150765
140787
